0.022064 0.0449465 0.0150044 0.744153 0.00654006 9.9991E-05 0.167192
0.0632392 9.9991E-05 0.0391481 0.616993 0.120994 0.0721932 0.0873322
0.00892767 9.9991E-05 0.0433722 0.733005 0.103115 0.0530041 0.0584764
0.0263381 9.9982E-05 9.9982E-05 0.640822 0.0578434 0.0242882 0.250509
9.9973E-05 9.9973E-05 0.023729 0.838317 0.00568526 9.9973E-05 0.131968
0.0669355 9.9982E-05 0.0980203 0.69569 0.0508272 9.9982E-05 0.088327
0.050126 0.0183713 0.0104901 0.772494 0.0461315 9.9991E-05 0.102287
9.9982E-05 9.9982E-05 0.114603 0.687553 0.0701617 0.00244343 0.125039
0.021249 9.9982E-05 0.0590121 0.670645 0.102461 9.9982E-05 0.146434
0.0168898 9.9964E-05 9.9964E-05 0.830925 9.9964E-05 9.9964E-05 0.151785
9.9973E-05 9.9973E-05 0.0330603 0.80295 0.0991649 9.9973E-05 0.064525
0.0388463 9.9991E-05 0.0165932 0.812788 0.0165087 0.0508461 0.0643173
0.0382411 0.0082574 0.0560985 0.623102 0.045687 0.0287611 0.199853
0.0500854 9.9991E-05 0.0203702 0.693589 0.127327 0.0558712 0.0526566
9.9982E-05 9.9982E-05 0.0592269 0.725717 0.0874336 0.0549866 0.0724361
9.9973E-05 9.9973E-05 0.0763793 0.735013 9.9973E-05 0.0372859 0.151022
9.9982E-05 9.9982E-05 0.0694592 0.733062 0.062432 0.0473228 0.0875243
0.0291698 0.0669584 0.0242223 0.763859 0.0138594 0.0335874 0.0683434
0.0546339 9.9982E-05 0.0124055 0.75249 0.0627531 9.9982E-05 0.117517
9.9982E-05 9.9982E-05 0.042695 0.754143 0.0509388 0.00832957 0.143694
0.0486 0.0433079 0.0692144 0.590382 0.0583834 0.0712802 0.118832
9.9973E-05 9.9973E-05 0.0444549 0.840934 0.0411521 9.9973E-05 0.0731589
0.0038128 9.9991E-05 0.0877231 0.711 0.0202214 0.0582194 0.118924
9.9982E-05 9.9982E-05 0.0639624 0.733871 0.0749937 0.0112881 0.115685
0.0228751 9.9991E-05 0.0136487 0.735041 0.0461501 0.00342506 0.17876
0.0190404 0.0978399 0.0401139 0.679479 0.0809861 0.0530208 0.0295202
9.9982E-05 0.174083 0.0519874 0.684502 0.0475534 0.0416751 9.9982E-05
0.0977973 0.0680569 9.9991E-05 0.602543 0.090707 0.0700923 0.0707032
0.0196215 0.0372064 0.0926502 0.657231 0.0954444 0.079026 0.0188206
0.087278 0.0988025 9.9991E-05 0.73279 0.0434743 0.0338883 0.00366655
0.0901155 0.114515 9.9991E-05 0.601497 0.0629504 0.098653 0.0321692
0.0200327 0.163702 9.9982E-05 0.660216 0.0486263 0.107223 9.9982E-05
0.120367 0.158556 0.0318239 0.497163 0.0266755 0.0830175 0.0823982
0.102465 0.0983665 0.0276091 0.620261 0.0431105 0.0414814 0.0667061
0.0559296 9.9991E-05 0.05524 0.718514 0.0348115 0.0422929 0.0931117
0.0427196 0.100214 9.9991E-05 0.733178 0.0496667 0.0666927 0.00742916
0.0198735 0.0591096 0.0107121 0.785778 0.0334256 0.0910016 9.9991E-05
0.0144894 0.136125 0.0364471 0.615293 0.0739228 0.0363679 0.0873553
9.999E-05 0.133979 0.00990607 0.731494 0.0350551 0.0609853 0.0284806
0.0399397 0.141036 9.9991E-05 0.653735 0.0136188 0.0668874 0.0846827
0.12491 0.0728795 9.9982E-05 0.624862 9.9982E-05 0.0867532 0.0903957
0.0447323 0.126844 9.9982E-05 0.713591 9.9982E-05 0.0146611 0.0999714
0.0284448 0.0503018 9.9991E-05 0.719868 0.0270817 0.0741423 0.100062
0.122647 0.0514024 9.9982E-05 0.701355 0.0476683 0.0767268 9.9982E-05
0.0356392 0.0545842 0.0531922 0.7632 9.9991E-05 0.0370068 0.0562774
0.423598 0.246125 0.0784074 0.229921 9.9982E-05 9.9982E-05 0.0217487
0.30987 0.31342 0.0804916 0.245766 9.9982E-05 0.0502522 9.9982E-05
0.387039 0.313218 0.00965106 0.163063 0.0249557 0.101973 9.9991E-05
0.388605 0.212628 0.101094 0.245188 9.9982E-05 9.9982E-05 0.0522848
0.412368 0.291094 0.0164139 0.241003 9.9982E-05 0.0389216 9.9982E-05
0.405647 0.292561 0.0302909 0.177751 0.0424661 9.9991E-05 0.0511842
0.540201 0.235263 9.9982E-05 0.171045 0.00539228 0.0478989 9.9982E-05
0.3363 0.208071 0.0385405 0.306515 0.0783462 0.0321269 9.9991E-05
0.296773 0.243388 0.136448 0.269988 9.9982E-05 0.0532026 9.9982E-05
0.400314 0.25693 0.0213665 0.313754 9.9982E-05 0.0074354 9.9982E-05
0.345935 0.281775 0.0689154 0.261438 0.0220779 0.0197582 9.9991E-05
0.425662 0.107048 0.115785 0.319291 9.9982E-05 0.0320138 9.9982E-05
0.444131 0.206532 0.0254664 0.161724 0.0402662 0.0737412 0.0481401
0.406427 0.31053 0.0601006 0.124783 9.9991E-05 0.0770521 0.0210076
0.453077 0.360917 0.029318 0.156388 9.9973E-05 9.9973E-05 9.9973E-05
0.518629 0.222081 0.0787084 0.180281 9.9973E-05 9.9973E-05 9.9973E-05
0.601752 0.153226 0.0100092 0.206873 9.9982E-05 0.0279397 9.9982E-05
0.266036 0.276707 0.129027 0.289661 9.9991E-05 0.0279941 0.0104744
0.336987 0.22168 0.0748259 0.298404 0.000718216 0.0464273 0.0209574
0.337079 0.328274 0.0575477 0.276004 0.00089575 9.9982E-05 9.9982E-05
0.407251 0.3104 0.0319473 0.234199 9.9982E-05 0.0160026 9.9982E-05
0.525263 0.147512 0.0303049 0.214414 0.0499405 0.032466 9.9991E-05
0.339879 0.202807 0.0814933 0.232824 0.0626687 0.0638846 0.0164439
0.436476 0.189989 0.0540669 0.270567 9.9982E-05 9.9982E-05 0.0487012
0.385344 0.113392 0.0654682 0.342012 0.0170303 9.9991E-05 0.0766533
0.565026 0.14767 0.0695955 0.131024 9.9991E-05 0.0182507 0.0683334
0.428919 0.153066 0.0100797 0.278833 0.00379221 0.074818 0.0504921
0.470297 0.178794 0.0624361 0.261475 9.9991E-05 0.00975132 0.0171465
0.333906 0.158708 0.102394 0.231538 0.0160474 0.0856575 0.0717491
0.340249 0.269053 0.126173 0.232636 9.9982E-05 0.0316896 9.9982E-05
0.588916 0.100576 0.0511202 0.259087 9.9973E-05 9.9973E-05 9.9973E-05
0.246489 0.409366 0.0710226 0.189163 0.0201943 0.0372601 0.0265054
0.355137 0.219795 0.0250883 0.286883 0.112898 9.9982E-05 9.9982E-05
0.498951 0.0837215 0.081909 0.289269 0.0459492 9.9982E-05 9.9982E-05
0.342259 0.262475 0.0482971 0.203173 9.9991E-05 0.0510444 0.0926526
0.353988 0.169823 0.104314 0.282242 9.9982E-05 0.0894337 9.9982E-05
0.308217 0.230593 0.169802 0.291088 9.9973E-05 9.9973E-05 9.9973E-05
0.0801414 0.31359 0.0622826 0.391262 0.0536702 0.0989539 9.9991E-05
0.335806 0.230877 0.215137 0.163643 9.9982E-05 9.9982E-05 0.0543369
0.172271 0.23591 0.0734135 0.349919 0.0875067 0.0808794 9.9991E-05
0.50175 0.217208 0.0094965 0.205323 9.9982E-05 0.0660221 9.9982E-05
0.26398 0.144885 0.173597 0.315645 0.00413817 0.0976549 9.9991E-05
0.381349 0.29388 0.0565974 0.214108 9.9982E-05 0.0538652 9.9982E-05
0.358685 0.21566 0.123251 0.172454 0.0183097 0.0280054 0.0836349
0.439319 0.167667 0.0990609 0.254301 9.9991E-05 0.017753 0.0218
9.9982E-05 0.14146 0.0605658 0.621566 9.9982E-05 0.095612 0.0805968
0.0873677 0.182053 9.9991E-05 0.574984 0.00878353 0.0509689 0.095743
0.0284327 0.107287 0.0223628 0.68661 9.9991E-05 0.0322947 0.122912
0.0907452 0.107788 0.0283061 0.573252 0.0596552 0.0421659 0.0980877
9.9991E-05 0.116723 0.0289116 0.750953 0.0069236 0.0947764 0.00161222
9.9991E-05 0.227625 0.0488529 0.605897 0.00255983 0.0152085 0.0997571
0.0239552 0.150933 0.0290073 0.604972 9.9991E-05 0.0893363 0.101697
0.0392581 0.17823 9.9991E-05 0.628527 0.023127 0.112765 0.017994
0.0350938 0.0921447 0.0471897 0.717659 9.9991E-05 0.0758146 0.0319979
0.0146686 0.149421 0.021261 0.706599 9.9991E-05 0.0464204 0.0615296
0.0535421 0.186255 9.9991E-05 0.613539 0.0317093 0.075912 0.0389426
0.00692758 0.105146 0.0370902 0.675631 0.102073 0.0344354 0.0386969
0.012261 0.163382 0.0664307 0.574658 0.0564067 0.0568965 0.0699658
0.0121758 0.149053 0.019488 0.715364 0.0171483 0.0157924 0.0709786
0.0375736 0.303513 9.9982E-05 0.561306 9.9982E-05 0.0578403 0.0395665
0.105993 0.0388847 0.0393579 0.764259 9.9991E-05 0.0244842 0.026922
0.104535 0.1204 0.049568 0.611946 9.9991E-05 0.0534487 0.0600021
0.0700333 0.15591 0.0222647 0.624535 0.051223 0.0555633 0.0204711
9.9973E-05 0.174071 0.0504824 0.702047 9.9973E-05 0.0730999 9.9973E-05
0.0659204 0.0790764 0.0786183 0.674255 0.0104142 0.0916159 9.9991E-05
0.127183 0.0933313 9.9991E-05 0.668961 0.0165672 0.0291906 0.0646664
0.174121 0.0769414 9.9982E-05 0.611603 0.0635941 0.0735403 9.9982E-05
9.9991E-05 0.0491744 0.103116 0.671675 0.035855 0.0280364 0.112043
0.0369086 0.100136 9.9991E-05 0.661368 0.0304303 0.0319816 0.139075
9.9991E-05 0.170131 0.0280684 0.633024 0.00672171 0.0102895 0.151666
9.9982E-05 0.124508 0.0635883 0.67219 0.0261834 9.9982E-05 0.11333
9.9982E-05 0.0403252 0.0829514 0.822002 0.0393848 9.9982E-05 0.0151371
0.0563166 0.0658165 0.0470921 0.774238 0.0563368 9.9982E-05 9.9982E-05
0.0271959 0.0614928 0.0421495 0.71456 0.0508533 9.9991E-05 0.103649
0.019835 9.9982E-05 0.130501 0.793219 9.9982E-05 0.0219334 0.034311
0.19443 0.0126313 9.9991E-05 0.668133 0.0709501 0.00631666 0.0474392
0.0391451 0.0974589 0.0653822 0.584285 0.0351425 0.0868834 0.091703
9.9982E-05 0.0999704 0.00129741 0.811359 0.0561795 9.9982E-05 0.0309937
9.9973E-05 0.0544916 0.0658863 0.801628 9.9973E-05 9.9973E-05 0.0776943
0.0312428 0.147388 9.9991E-05 0.670796 0.0110371 0.014489 0.124947
0.0140099 0.0941527 0.0641928 0.704432 0.0370425 0.0517567 0.034413
0.0427045 0.0758775 0.0869149 0.599175 0.0826256 0.0260141 0.0866881
0.117512 0.0963429 0.00951165 0.618537 0.0953627 9.9991E-05 0.0626341
0.0127131 0.15004 9.9982E-05 0.74054 9.9982E-05 0.0313092 0.0651973
9.9973E-05 0.176674 9.9973E-05 0.735233 9.9973E-05 0.00161971 0.0861735
9.9991E-05 0.11411 0.0428725 0.614027 0.033512 0.05705 0.138329
0.09918 0.0835541 9.9991E-05 0.596905 0.0956729 0.0696259 0.0549618
9.9991E-05 0.0448625 0.0483181 0.655737 0.0318293 0.070417 0.148736
0.0455081 0.0902847 0.0913866 0.543566 0.0724868 0.0580258 0.0987423
0.0516559 0.0846466 0.0271836 0.537953 0.108464 0.0486828 0.141414
0.213348 0.237981 9.9991E-05 0.457133 0.0126819 0.0501687 0.0285878
0.166535 0.221309 0.0368237 0.477152 0.0124845 0.0855958 9.9991E-05
0.113776 0.294925 0.0597295 0.448323 0.0143361 0.0411941 0.027717
0.0802276 0.367279 0.0244142 0.354154 0.0618444 0.0921772 0.0199034
0.100317 0.286816 9.9982E-05 0.406407 0.119943 0.0863174 9.9982E-05
0.0731689 0.229743 0.0186744 0.486709 0.0612355 0.0613147 0.0691539
0.0800377 0.231425 9.9991E-05 0.454755 0.0870951 0.133103 0.0134845
0.0327258 0.244816 0.0649245 0.489608 0.100516 0.0614192 0.00599019
0.0119529 0.364619 9.9991E-05 0.521174 0.00645558 0.0842982 0.0114009
0.245839 0.139711 9.9991E-05 0.453203 0.0056865 0.0967158 0.0587444
0.165693 0.305868 0.020532 0.403838 9.9991E-05 0.0443751 0.0595934
0.106331 0.353325 9.9991E-05 0.434839 0.0171449 0.0566986 0.0315617
0.14819 0.252975 0.0363154 0.429451 0.0635341 0.0681385 0.00139571
0.126754 0.207729 0.0485527 0.437982 0.0883627 0.0519229 0.0386973
0.121811 0.261057 0.0150808 0.47961 0.0532984 0.0690435 9.9991E-05
0.0805449 0.352306 9.9991E-05 0.426887 0.0313165 0.0584047 0.0504404
0.0635758 0.225094 0.0450314 0.529584 0.0497683 0.040398 0.0465489
0.0960031 0.231666 0.0710249 0.450785 9.9991E-05 0.0824783 0.0679423
0.102984 0.342033 9.9991E-05 0.305243 0.0519866 0.142323 0.0553303
0.151623 0.291902 9.9982E-05 0.349099 0.0951294 0.112047 9.9982E-05
0.0978627 0.231544 0.0815034 0.454528 0.00801882 0.126444 9.9991E-05
0.196212 0.286065 0.0173044 0.428829 0.00595651 0.0655327 9.9991E-05
0.16364 0.263458 0.0752671 0.403124 0.000537008 0.0882418 0.00573226
0.189187 0.230103 9.9973E-05 0.515959 9.9973E-05 0.0644516 9.9973E-05
0.0735514 0.353447 9.9982E-05 0.412073 0.0918674 0.0688607 9.9982E-05
0.201286 0.290866 9.9982E-05 0.42388 0.0382213 0.0455468 9.9982E-05
0.137276 0.274488 0.0485457 0.436795 0.0525315 0.0389468 0.0114171
0.0302555 0.32594 0.0117692 0.411342 9.9991E-05 0.0719831 0.148611
0.069868 0.327802 0.0511706 0.353274 0.0468599 0.103156 0.0478699
0.165651 0.267449 9.9982E-05 0.354383 9.9982E-05 0.152141 0.0601763
0.166852 0.224306 9.9982E-05 0.491507 0.0373841 0.0797509 9.9982E-05
0.137188 0.286153 9.9991E-05 0.360895 0.0565568 0.121359 0.0377482
0.181926 0.163038 9.9982E-05 0.44925 9.9982E-05 0.151635 0.0539506
0.0557877 0.295576 9.9991E-05 0.488658 0.0186514 0.0796378 0.0615884
0.0636293 0.303865 0.0946919 0.403674 0.0307154 0.103324 9.9991E-05
0.176832 0.258395 9.9982E-05 0.48541 0.0218875 0.0572759 9.9982E-05
0.106081 0.326644 0.00375426 0.362769 0.0702166 0.130436 9.9991E-05
0.0494429 0.366125 9.9982E-05 0.361791 0.0846796 0.137761 9.9982E-05
9.9991E-05 0.354718 0.0791644 0.428014 0.023718 0.0965645 0.0177206
0.0538286 0.295136 0.0549835 0.450488 0.0563766 0.0603137 0.0288735
0.10895 0.223943 0.0443949 0.392386 0.0220383 0.0948092 0.113479
0.256118 0.170564 0.0182857 0.456724 0.0102706 0.0879378 9.9991E-05
0.159082 0.311304 9.9982E-05 0.347526 0.0944585 0.0874297 9.9982E-05
0.111202 0.31231 9.9991E-05 0.357744 0.0854058 0.111239 0.0219989
0.171881 0.263008 0.0166989 0.49865 0.0125049 0.0305034 0.00675311
0.0405728 0.214259 0.0786781 0.486001 0.0589501 0.121439 9.9991E-05
0.207892 0.286027 0.0016632 0.418849 0.026343 0.036977 0.0222488
0.202817 0.0718269 0.696844 0.0268378 9.9982E-05 9.9982E-05 0.00147477
0.144091 0.0403535 0.714227 9.9991E-05 0.0215038 0.0566796 0.0230457
0.00201461 9.9982E-05 0.918111 9.9982E-05 0.00456079 0.0255376 0.049576
0.136545 9.9955E-05 0.862955 9.9955E-05 9.9955E-05 9.9955E-05 9.9955E-05
0.0747244 9.9973E-05 0.828173 9.9973E-05 0.0556495 0.0411531 9.9973E-05
0.134355 0.0137828 0.77733 9.9982E-05 9.9982E-05 0.0318144 0.0425175
0.113232 0.169775 0.631552 0.0210903 0.0290337 0.035216 9.9991E-05
0.13738 0.040383 0.801449 9.9973E-05 9.9973E-05 0.0204877 9.9973E-05
0.0663577 9.9973E-05 0.876063 0.00567131 9.9973E-05 0.0516082 9.9973E-05
9.9964E-05 0.0643246 0.886292 9.9964E-05 9.9964E-05 9.9964E-05 0.048984
0.00632347 0.0929473 0.786343 0.0280458 0.0481223 0.00581587 0.0324017
9.9982E-05 0.0507951 0.769424 0.0343171 9.9982E-05 0.0352738 0.10999
0.115051 9.9973E-05 0.812252 9.9973E-05 0.026733 9.9973E-05 0.045664
0.0505172 9.9982E-05 0.907711 9.9982E-05 0.0162972 0.0160529 0.00922153
0.216766 0.0175768 0.651868 0.0241064 9.9991E-05 0.0786301 0.0109531
0.0607251 0.0157946 0.92308 9.9964E-05 9.9964E-05 9.9964E-05 9.9964E-05
0.137487 9.9964E-05 0.823914 9.9964E-05 0.0381991 9.9964E-05 9.9964E-05
0.154153 0.00719281 0.798418 9.9982E-05 0.0216874 0.018349 9.9982E-05
0.0593986 9.9973E-05 0.896546 0.0051342 0.0386208 9.9973E-05 9.9973E-05
0.116541 0.0647626 0.71163 0.0471226 9.9982E-05 0.0597434 9.9982E-05
0.207039 0.00872361 0.726093 0.0574914 9.9982E-05 0.000453351 9.9982E-05
0.0180686 0.0386808 0.882647 9.9982E-05 0.0274978 0.0329053 9.9982E-05
0.141223 9.9982E-05 0.810612 0.0227273 0.0218748 0.00336369 9.9982E-05
0.176381 0.07146 0.723966 0.0178169 9.9982E-05 0.0101754 9.9982E-05
0.159935 0.0269076 0.726559 0.0127265 0.0424582 0.0161304 0.0152832
0.0184193 0.0499943 0.767742 0.108468 0.0336488 9.9991E-05 0.021627
9.9982E-05 0.050861 0.866442 0.00637091 0.000664074 9.9982E-05 0.0754625
0.0265628 0.0187848 0.888494 9.9982E-05 0.033674 0.0322844 9.9982E-05
9.9955E-05 9.9955E-05 0.948883 9.9955E-05 9.9955E-05 9.9955E-05 0.0506173
9.9982E-05 0.0214413 0.822301 9.9982E-05 0.089213 0.0567056 0.0101396
0.057451 0.0425243 0.756109 9.9991E-05 0.0122154 0.0300486 0.101552
0.128696 9.9991E-05 0.737636 0.0277296 0.00392927 0.0202249 0.0816838
0.0266534 9.9973E-05 0.849661 0.0503849 9.9973E-05 9.9973E-05 0.0730005
0.0886575 9.9991E-05 0.797769 0.0414603 0.0315486 0.0239854 0.016479
0.0268158 0.062873 0.907336 0.00267543 9.9973E-05 9.9973E-05 9.9973E-05
0.0483229 0.0191847 0.688615 0.146774 9.9991E-05 0.0226444 0.074359
0.150311 9.9973E-05 0.833742 9.9973E-05 0.0129351 9.9973E-05 0.00271149
0.050314 0.0249574 0.893137 0.00100129 9.9982E-05 9.9982E-05 0.0303904
0.0871528 0.0616113 0.609023 0.125679 0.0783397 0.0249064 0.0132877
0.0947889 9.9982E-05 0.774806 0.0915302 9.9982E-05 0.00272314 0.0359516
0.132985 9.9973E-05 0.836184 9.9973E-05 9.9973E-05 0.0198205 0.0107109
0.132533 0.119065 0.589484 0.0173021 9.9991E-05 0.00514391 0.136372
9.9955E-05 9.9955E-05 0.974588 9.9955E-05 9.9955E-05 9.9955E-05 0.0249127
9.9991E-05 0.0334235 0.777575 0.0309124 0.0482448 0.0750182 0.0347259
0.00465716 0.0545708 0.843465 0.0957704 0.00133652 9.9982E-05 9.9982E-05
0.0824849 0.0567442 0.822337 9.9982E-05 9.9982E-05 0.0273186 0.0109149
0.00845603 0.0413404 0.941387 9.9973E-05 9.9973E-05 0.00851678 9.9973E-05
0.893514 0.0240653 9.9973E-05 9.9973E-05 0.0156497 9.9973E-05 0.0664707
0.899046 0.0252341 0.0465337 9.9973E-05 0.0288861 9.9973E-05 9.9973E-05
0.959555 9.9955E-05 9.9955E-05 9.9955E-05 0.0399455 9.9955E-05 9.9955E-05
0.758589 0.0878997 0.00869906 0.0258158 0.0324018 0.0249474 0.0616468
0.875273 9.9973E-05 0.073305 9.9973E-05 9.9973E-05 0.000699519 0.050423
0.691188 0.1042 0.0493286 0.0522145 0.0867276 9.9991E-05 0.0162417
0.948436 9.9964E-05 9.9964E-05 9.9964E-05 0.0380876 0.0130764 9.9964E-05
0.734336 9.9982E-05 0.118857 0.0233307 9.9982E-05 0.0109877 0.112289
0.578604 0.067538 0.211011 0.0545718 0.0204164 9.9991E-05 0.0677587
0.615188 0.0269446 0.150288 0.0450638 0.0793836 9.9991E-05 0.0830324
0.664055 0.133303 0.0908112 0.0214343 9.9991E-05 0.0136273 0.0766691
0.664397 9.9973E-05 0.159268 9.9973E-05 0.111324 9.9973E-05 0.0647106
0.641264 0.184361 0.110358 9.9982E-05 0.00247292 9.9982E-05 0.0613434
0.85827 0.0116379 0.0324483 0.00257392 0.0907054 9.9991E-05 0.0042648
0.502293 0.00730009 0.19149 0.0354857 0.056154 0.0589588 0.148318
0.638855 0.0817343 0.0625486 0.0560108 0.0404443 0.0753173 0.0450901
0.546743 0.174734 0.128193 9.9991E-05 0.0964034 0.0108109 0.0430158
0.659973 0.0281381 0.0575805 0.0182389 0.155307 0.0524695 0.0282924
0.688609 0.130924 0.0511957 0.0406486 0.0140072 9.9991E-05 0.0745159
0.914004 0.0217373 9.9973E-05 9.9973E-05 0.0346071 9.9973E-05 0.0293512
0.569479 0.150144 0.117584 0.0328454 9.9991E-05 0.00940212 0.120446
0.58075 0.120076 0.127363 0.0208282 0.00102093 9.9991E-05 0.149862
0.783959 9.9973E-05 0.112129 9.9973E-05 0.0964167 9.9973E-05 0.00719556
0.510983 0.131506 0.113421 0.101852 0.0744255 9.9991E-05 0.0677128
0.705163 0.054186 0.1479 9.9973E-05 0.0924506 9.9973E-05 9.9973E-05
0.836554 9.9991E-05 0.0428878 0.00969221 0.0198901 0.0315599 0.0593156
0.728575 0.00196775 0.162376 9.9982E-05 0.0503579 0.0565238 9.9982E-05
0.657617 9.9991E-05 0.149061 0.0395096 0.0731797 0.00353666 0.0769963
0.700908 9.9982E-05 0.164664 9.9982E-05 0.0120998 0.0122334 0.109896
0.670846 0.00772057 0.17227 0.0402548 0.0571479 0.0307986 0.0209622
0.478779 0.241697 0.0508776 0.0538149 0.0172456 0.0657082 0.0918784
0.624766 9.9991E-05 0.204124 0.0365307 0.0141537 0.00416158 0.116164
0.433435 0.0978607 0.185629 0.0958109 0.0730325 9.9991E-05 0.114132
0.535531 9.9982E-05 0.252226 0.0506767 9.9982E-05 0.032048 0.129318
0.619664 9.9982E-05 0.190448 9.9982E-05 0.0234203 0.0474637 0.118804
0.662734 0.0422719 0.187564 9.9973E-05 9.9973E-05 9.9973E-05 0.10713
0.448443 0.0695715 0.191479 0.108491 0.0361997 0.0378686 0.107947
0.650421 9.9991E-05 0.0715076 0.0497502 0.0863477 0.06022 0.0816535
0.684195 9.9982E-05 0.185143 9.9982E-05 0.00535908 0.0244131 0.10069
0.412085 0.12349 0.153851 0.120555 0.0634501 0.0865676 0.0400006
0.628353 9.9982E-05 0.261578 9.9982E-05 0.0735223 0.0203642 0.0159821
0.546553 0.0689009 0.262814 9.9973E-05 9.9973E-05 9.9973E-05 0.121432
0.495933 9.9991E-05 0.185367 0.0949618 0.00391812 0.0546831 0.165037
0.506543 0.123066 0.189391 0.05409 0.0419478 9.9991E-05 0.0848617
0.598115 0.152645 0.195033 9.9973E-05 0.0539064 9.9973E-05 9.9973E-05
0.573082 0.0262101 0.109893 0.0646419 0.143978 0.0548747 0.0273199
0.579752 9.9991E-05 0.270359 0.0289779 0.0182722 0.0226947 0.0798442
0.674071 0.0428544 0.113723 9.9982E-05 0.0369233 9.9982E-05 0.132229
0.809091 9.9982E-05 0.0373162 9.9982E-05 0.0530799 0.0285625 0.0717509
0.550283 9.9991E-05 0.252005 0.0628597 0.077415 0.00585833 0.0514786
0.0915747 9.9982E-05 9.9982E-05 0.0210644 0.789546 0.0250286 0.0725858
0.0424653 9.9991E-05 0.0412085 0.0276924 0.841256 0.00282845 0.0444493
0.0743146 0.011966 0.00371875 0.149326 0.635609 0.0214881 0.103577
9.9982E-05 0.0774745 0.0276717 9.9982E-05 0.756708 0.00802692 0.129919
0.098109 0.0213354 9.9982E-05 0.0591332 0.620549 9.9982E-05 0.200674
0.0364528 0.0236496 0.0322497 9.9991E-05 0.805575 0.00579958 0.0961735
0.0214001 0.0384436 9.9982E-05 0.042052 0.847557 9.9982E-05 0.050347
0.0229716 9.9982E-05 0.0136613 0.0453883 0.888396 0.0293828 9.9982E-05
0.0735384 0.00707858 0.0314305 0.0787607 0.808992 9.9982E-05 9.9982E-05
0.0092944 0.0430978 9.9982E-05 9.9982E-05 0.907872 0.00834127 0.0311941
0.0370374 0.0618385 9.9982E-05 9.9982E-05 0.760673 0.0452955 0.0949555
0.0656 9.9982E-05 9.9982E-05 0.00993018 0.679762 0.03763 0.206878
0.00102291 9.9973E-05 9.9973E-05 0.0112482 0.947163 9.9973E-05 0.040266
0.0155076 9.9982E-05 0.0358629 9.9982E-05 0.808853 0.0252254 0.114351
0.0910144 9.9973E-05 0.0034377 9.9973E-05 0.883521 0.0217271 9.9973E-05
9.9982E-05 0.0141646 0.0377384 9.9982E-05 0.828905 0.0263054 0.0926865
9.9964E-05 9.9964E-05 0.0456118 9.9964E-05 0.917504 9.9964E-05 0.0364844
0.00765964 9.9982E-05 9.9982E-05 0.0634594 0.668825 0.0671069 0.192749
0.0286496 9.9973E-05 9.9973E-05 0.042075 0.848375 9.9973E-05 0.0806002
0.0566346 9.9982E-05 0.0225414 0.165907 0.745146 9.9982E-05 0.0095717
0.0652064 0.0284627 9.9982E-05 9.9982E-05 0.839539 0.0434868 0.0231055
0.0366052 9.9982E-05 0.0317769 0.0694258 0.817769 9.9982E-05 0.0442234
0.0754972 0.00175064 9.9982E-05 0.0424764 0.811611 9.9982E-05 0.0684652
9.9973E-05 0.00547235 0.0245312 9.9973E-05 0.904537 9.9973E-05 0.0651599
0.0441283 0.00918275 0.0444598 0.106552 0.700521 0.00728988 0.0878666
0.0285872 0.0492305 9.9991E-05 0.057157 0.814707 0.00906069 0.0411575
9.9991E-05 0.00117355 0.0309662 0.115024 0.723579 0.0595738 0.0695832
0.0456346 0.112393 9.9991E-05 0.0330421 0.735112 0.00559549 0.0681221
9.9982E-05 9.9982E-05 0.0335167 0.122842 0.664066 0.104214 0.0751623
9.9991E-05 0.0122244 0.0125585 0.0169893 0.797895 0.0601129 0.10012
0.016557 0.0377604 9.9982E-05 0.112821 0.658627 9.9982E-05 0.174034
9.9973E-05 0.0659405 0.051107 9.9973E-05 0.852598 9.9973E-05 0.0300548
0.0229423 9.9982E-05 9.9982E-05 0.00552573 0.77171 0.0134112 0.186211
9.9973E-05 0.0154777 9.9973E-05 0.0372462 0.923188 0.0237887 9.9973E-05
9.9991E-05 0.107321 0.0509964 0.0971894 0.642917 0.00439665 0.0970803
0.0655201 9.9991E-05 0.00197195 0.0292999 0.753743 0.0451159 0.104249
9.9982E-05 0.0348383 0.0264187 0.0433577 0.829695 9.9982E-05 0.0654901
0.0214416 9.9982E-05 9.9982E-05 0.0303089 0.89823 0.0100852 0.0397346
9.9964E-05 0.0401422 0.0361033 9.9964E-05 0.923355 9.9964E-05 9.9964E-05
0.00224405 0.0204693 0.0198882 0.0252836 0.823205 0.054876 0.0540341
0.0143931 0.0042653 0.0247991 0.000608502 0.955734 9.9982E-05 9.9982E-05
9.9964E-05 0.0601062 9.9964E-05 9.9964E-05 0.710366 9.9964E-05 0.229127
0.00447572 9.9982E-05 0.0214947 9.9982E-05 0.819154 0.0361059 0.11857
0.0702876 9.9991E-05 0.0300362 0.0697215 0.790066 0.034384 0.00540478
9.9982E-05 0.0376906 9.9982E-05 0.00595499 0.785305 0.0265877 0.144262
9.9982E-05 0.00583721 0.0170198 0.0712106 0.723807 9.9982E-05 0.181925
0.0101053 9.9991E-05 0.00775124 0.00580704 0.669963 0.0429391 0.263334
9.9982E-05 9.9982E-05 0.0646855 0.0132207 0.883948 0.0114745 0.0264713
9.9982E-05 9.9982E-05 0.022041 0.00128027 0.840982 0.0345575 0.100939
0.0361961 9.9991E-05 0.0208677 0.0250956 0.849282 0.0424319 0.026027
0.0556341 0.907477 0.0211863 9.9982E-05 0.0136842 9.9982E-05 0.00181845
0.20352 0.681159 0.000628795 0.0841497 9.9991E-05 0.0110741 0.0193687
0.00999688 0.842098 0.105453 0.00203249 0.040219 9.9982E-05 9.9982E-05
0.0195563 0.573729 0.0809689 0.203463 9.9991E-05 0.0586421 0.0635405
0.0813703 0.72441 0.0654987 0.0804241 0.0452405 9.9991E-05 0.00295637
0.0393354 0.785535 9.9964E-05 0.17473 9.9964E-05 9.9964E-05 9.9964E-05
0.0324215 0.820162 9.9982E-05 0.0433572 9.9982E-05 0.000171613 0.103688
0.023287 0.803287 0.0376046 0.0756754 0.0349241 9.9991E-05 0.0251217
0.0819843 0.754087 0.00479986 0.0669152 0.0157081 9.9991E-05 0.0764057
9.9991E-05 0.837865 0.0244869 0.0481686 0.00704294 0.0799749 0.00236201
0.158181 0.523853 0.0379361 0.110175 9.9991E-05 0.0411565 0.128598
0.0690917 0.669055 0.0632113 0.0549386 0.0864288 0.00444429 0.0528306
0.0526664 0.785263 0.0247479 0.0211663 0.0502472 0.0658095 9.9991E-05
0.0438449 0.742777 0.131533 9.9982E-05 9.9982E-05 0.0387507 0.042895
0.0994118 0.774304 0.0344452 0.00640552 0.044298 9.9991E-05 0.041036
9.9982E-05 0.788783 0.0662905 9.9982E-05 0.0524527 0.00959012 0.0826839
0.0626143 0.572489 0.111406 0.0324043 0.0401608 0.0841018 0.0968236
0.0483516 0.771669 0.0879723 0.0797592 9.9982E-05 0.0120483 9.9982E-05
0.0578638 0.829033 0.0679826 0.0205925 0.00711869 9.9991E-05 0.0173099
0.144392 0.712693 0.0582717 9.9973E-05 9.9973E-05 9.9973E-05 0.084343
0.185718 0.659561 0.0839311 0.0156251 0.0338326 0.0212319 9.9991E-05
0.070538 0.834112 0.017284 0.0777663 9.9973E-05 9.9973E-05 9.9973E-05
0.010151 0.801216 0.0544646 9.9982E-05 0.026424 9.9982E-05 0.107545
9.9973E-05 0.878012 0.0745147 9.9973E-05 0.0211416 9.9973E-05 0.0260314
9.9991E-05 0.822588 0.0401712 0.03837 0.0300476 0.0360013 0.0327224
0.0456925 0.69972 0.0864182 0.162647 0.00532217 9.9982E-05 9.9982E-05
9.9982E-05 0.861122 0.025527 0.0110401 0.0193074 9.9982E-05 0.0828036
9.9982E-05 0.77644 0.0695217 0.0241889 0.0214143 9.9982E-05 0.108235
0.104517 0.687132 0.103898 0.104152 9.9973E-05 9.9973E-05 9.9973E-05
0.0727886 0.760021 0.0335711 0.0591003 0.0702368 0.00418247 9.9991E-05
9.9991E-05 0.740101 0.131627 0.051611 0.000170158 0.00388406 0.0725073
0.00416884 0.936395 0.0255131 9.9991E-05 0.0211095 0.0119433 0.000770622
0.111147 0.759792 0.0309815 9.9982E-05 0.076985 9.9982E-05 0.0208943
0.0206615 0.814291 0.0425467 9.9982E-05 9.9982E-05 0.0286461 0.093655
9.9982E-05 0.643837 0.103957 0.136831 0.0362747 9.9982E-05 0.0789002
0.0740356 0.781818 0.020558 0.077306 9.9991E-05 0.020142 0.0260404
0.0950438 0.818145 0.0195811 0.0289925 0.00880273 0.0293346 9.9991E-05
0.00615651 0.899826 0.0619794 9.9973E-05 9.9973E-05 9.9973E-05 0.0317379
0.0248343 0.792578 0.0996036 9.9982E-05 9.9982E-05 0.0234065 0.0593781
0.165917 0.728569 0.0083014 0.00271001 9.9991E-05 0.0606463 0.0337562
9.9982E-05 0.774222 0.0516951 9.9982E-05 0.0660712 0.0767567 0.0310555
9.9991E-05 0.730527 0.086724 0.0900273 0.0403329 0.0185997 0.0336894
0.115837 0.738183 0.0483713 0.0499784 9.9982E-05 9.9982E-05 0.0474303
9.9982E-05 0.864597 0.025012 0.0578022 0.028376 9.9982E-05 0.0240132
0.0848424 0.61487 0.0854883 0.138571 0.0760286 9.9982E-05 9.9982E-05
0.164059 0.717724 0.0915952 9.9982E-05 0.0147678 0.0116543 9.9982E-05
0.0396611 9.9982E-05 9.9982E-05 0.0719236 0.162838 0.052167 0.67321
0.0857459 0.0808561 9.9991E-05 0.0969335 0.0548511 0.0446628 0.636851
0.0723654 9.9973E-05 9.9973E-05 9.9973E-05 0.044859 0.0239422 0.858534
9.9982E-05 0.0430842 0.00988035 9.9982E-05 0.046917 0.0293278 0.870591
0.0745868 0.00722332 9.9982E-05 0.0657116 0.066836 9.9982E-05 0.785442
0.0380222 0.0392993 9.9973E-05 9.9973E-05 0.0441085 9.9973E-05 0.87827
0.0537728 0.0557446 0.00463621 9.9991E-05 0.0743568 0.0287824 0.782607
0.0360739 0.0230307 9.9991E-05 0.00665338 0.0751179 0.0423567 0.816667
0.0461202 9.9982E-05 0.00532668 9.9982E-05 0.186531 0.0399363 0.721886
9.9991E-05 0.050634 0.0680163 0.0731973 0.0907082 0.0414289 0.675915
0.0780257 0.0396303 0.00143583 0.0670206 0.194405 0.00201673 0.617466
0.0339529 9.9982E-05 0.0627014 0.0247439 0.0840357 9.9982E-05 0.794366
0.011225 0.0543732 9.9991E-05 0.0088672 0.018668 0.00354095 0.903226
9.9964E-05 0.052989 9.9964E-05 9.9964E-05 9.9964E-05 0.0245297 0.922081
0.0689692 0.00525433 0.0101064 0.114728 0.0302219 0.0325637 0.738157
0.0895241 0.151679 0.00780206 0.0290044 0.0987757 0.0237632 0.599452
0.109022 0.106153 9.9991E-05 0.0863428 0.0993444 0.0697862 0.529252
0.0872721 9.9982E-05 9.9982E-05 0.0543478 0.077111 0.0376014 0.743468
0.0448404 0.0282565 0.0382857 0.0375469 0.0387449 9.9991E-05 0.812226
9.9982E-05 9.9982E-05 0.0524412 0.00140216 0.120206 0.0394388 0.786312
0.0229537 0.00910899 0.034684 0.0275724 0.130715 0.0150426 0.759923
0.0777427 9.9991E-05 0.0231819 0.0811402 0.161405 0.0224571 0.633973
0.0395191 9.9991E-05 0.0216396 0.0732399 0.0964789 0.0125446 0.756478
0.00891133 0.0353385 0.0208156 9.9982E-05 0.0744063 9.9982E-05 0.860328
0.0112168 9.9982E-05 0.0242796 0.0204744 9.9982E-05 0.015745 0.928084
9.9964E-05 9.9964E-05 0.0593231 9.9964E-05 9.9964E-05 0.0101233 0.930154
9.9973E-05 9.9973E-05 0.0389631 0.0650283 9.9973E-05 0.00628333 0.889425
9.9991E-05 0.0125368 0.0124493 0.139904 0.0404274 0.0568924 0.73769
0.0300445 9.9982E-05 9.9982E-05 0.0241135 0.0380996 0.0286667 0.878876
0.0436796 9.9982E-05 0.0403333 9.9982E-05 0.117886 0.0180152 0.779886
0.0225654 0.0139859 0.0662896 9.9973E-05 9.9973E-05 9.9973E-05 0.896859
0.0341898 0.0303514 9.9964E-05 9.9964E-05 9.9964E-05 9.9964E-05 0.935059
9.9973E-05 9.9973E-05 9.9973E-05 0.0356933 0.0237085 0.0113376 0.928961
9.9991E-05 0.0419471 0.0514835 0.0403055 0.0923484 0.027172 0.746643
9.9982E-05 0.0237622 0.0554475 9.9982E-05 0.028886 0.0293033 0.862401
9.9982E-05 0.0930658 0.024575 0.0367679 9.9982E-05 0.016278 0.829113
0.0310855 9.9982E-05 9.9982E-05 0.0213698 0.0545641 0.000234801 0.892546
0.00367653 0.0215203 9.9982E-05 0.0154657 0.0174555 9.9982E-05 0.941682
9.9973E-05 0.0307331 9.9973E-05 0.0187588 0.0569432 9.9973E-05 0.893265
0.0223278 0.00116828 0.0071754 0.000239104 0.103081 9.9991E-05 0.865908
0.0438383 0.0183964 9.9973E-05 9.9973E-05 0.00258639 9.9973E-05 0.934879
9.9973E-05 9.9973E-05 0.0227173 9.9973E-05 0.0608969 0.00103432 0.915052
9.9964E-05 9.9964E-05 0.0697313 0.00344998 9.9964E-05 9.9964E-05 0.926419
9.9964E-05 9.9964E-05 9.9964E-05 0.00132706 0.0420498 9.9964E-05 0.956223
0.0624603 9.9982E-05 0.00462098 0.0650069 0.088795 9.9982E-05 0.778917
9.9982E-05 0.0189299 0.06295 0.0401037 0.0371019 0.840715 9.9982E-05
9.9964E-05 9.9964E-05 0.082103 0.0260924 9.9964E-05 0.891405 9.9964E-05
9.9982E-05 0.0822953 9.9982E-05 0.0552037 0.0529297 0.793674 0.0156976
0.0715392 9.9973E-05 0.0660586 0.0293952 9.9973E-05 0.832707 9.9973E-05
9.9973E-05 0.0360748 0.0238788 9.9973E-05 9.9973E-05 0.925019 0.0147271
9.9973E-05 9.9973E-05 0.0211935 0.0353111 9.9973E-05 0.924048 0.019148
0.0660332 0.0273966 9.9964E-05 9.9964E-05 9.9964E-05 0.90617 9.9964E-05
0.0454875 0.107909 0.0425677 0.16545 0.0413096 0.597176 9.9991E-05
9.9973E-05 9.9973E-05 9.9973E-05 0.075057 0.00744843 0.861752 0.0554423
0.00327026 0.00291424 9.9973E-05 9.9973E-05 0.0414418 0.952074 9.9973E-05
0.0346214 0.101632 0.0319543 0.0820173 0.0471437 0.698784 0.0038477
0.0225609 0.0751506 0.00145881 0.122678 0.0383456 0.690403 0.0494038
9.9982E-05 9.9982E-05 0.0101579 0.0436949 0.0113635 0.919914 0.0146701
9.9964E-05 0.0736877 9.9964E-05 9.9964E-05 9.9964E-05 0.909408 0.0165042
0.0430944 0.0328175 9.9982E-05 0.0622222 0.0242006 0.837465 9.9982E-05
9.9964E-05 9.9964E-05 0.0301515 9.9964E-05 0.00382298 0.965626 9.9964E-05
9.9982E-05 0.0146656 0.0194323 0.139278 0.026295 0.80013 9.9982E-05
0.0213695 9.9982E-05 9.9982E-05 0.00718448 0.0244607 0.928132 0.0186536
0.0437074 0.0417733 0.0097598 0.0348763 0.0395689 0.830214 9.9991E-05
9.995E-05 9.995E-05 9.995E-05 9.995E-05 9.995E-05 0.9994 9.995E-05
9.9973E-05 9.9973E-05 0.0231542 0.00637963 9.9973E-05 0.952196 0.0179705
0.0551667 0.0698599 9.9973E-05 0.0698192 9.9973E-05 0.804854 9.9973E-05
9.9982E-05 0.0692442 0.047869 0.109808 9.9982E-05 0.769863 0.00301527
9.9955E-05 0.0303492 9.9955E-05 9.9955E-05 9.9955E-05 0.969151 9.9955E-05
0.0241537 0.0784036 0.0283418 0.0488927 0.0187054 0.755117 0.0463859
9.9982E-05 0.0474547 0.00378604 0.10563 9.9982E-05 0.833562 0.00936753
9.9973E-05 0.0946641 9.9973E-05 0.032646 9.9973E-05 0.865005 0.00738551
0.0417514 0.0303491 9.9991E-05 0.0932462 0.0170038 0.750331 0.0672185
9.9982E-05 9.9982E-05 0.00127549 0.000240378 0.00792936 0.942026 0.0483291
9.9982E-05 0.0171366 0.0167615 0.0546179 0.0401655 0.871119 9.9982E-05
0.0424115 0.0407235 9.9982E-05 9.9982E-05 0.0252493 0.888181 0.00323466
9.9982E-05 0.0271062 0.00350356 9.9982E-05 0.055349 0.909991 0.00385022
0.0297484 9.9964E-05 9.9964E-05 9.9964E-05 0.00976785 0.960084 9.9964E-05
9.9982E-05 0.031577 9.9982E-05 0.00199142 0.0244465 0.930577 0.011208
9.9964E-05 9.9964E-05 0.0527404 9.9964E-05 9.9964E-05 0.930324 0.0165355
0.000655712 0.0901103 9.9973E-05 0.0579524 9.9973E-05 0.850982 9.9973E-05
9.9973E-05 0.100404 0.00288058 0.0480321 9.9973E-05 0.848383 9.9973E-05
0.0380134 9.9964E-05 9.9964E-05 9.9964E-05 0.0271307 0.934456 9.9964E-05
9.9964E-05 9.9964E-05 9.9964E-05 9.9964E-05 0.0483227 0.950939 0.000338398
9.9973E-05 9.9973E-05 0.0245135 0.0570489 0.0377538 0.880384 9.9973E-05
0.0124314 0.0340427 0.0248807 0.0477615 9.9991E-05 0.871384 0.00940007
0.106423 0.0383952 0.0263366 0.105303 0.0538047 0.669638 9.9991E-05
0.1067 0.0840329 0.00369427 0.075927 9.9991E-05 0.729357 0.000189735
0.0504997 0.0239921 9.9964E-05 9.9964E-05 9.9964E-05 0.925108 9.9964E-05
0.0679025 9.9964E-05 0.00210216 9.9964E-05 9.9964E-05 0.929595 9.9964E-05
0.0125371 0.0336184 0.0393353 0.0311156 9.9982E-05 0.883194 9.9982E-05
9.9964E-05 9.9964E-05 0.00586055 9.9964E-05 0.00833386 0.985406 9.9964E-05
0.0572419 9.9982E-05 0.00184139 9.9982E-05 0.0325791 0.856792 0.0513453
0.0479464 0.24467 9.9991E-05 0.44465 0.041241 0.210588 0.0108046
9.9982E-05 0.261452 9.9982E-05 0.389315 0.0411848 0.290746 0.0171017
9.9973E-05 0.237849 9.9973E-05 0.432524 9.9973E-05 0.296277 0.0330507
0.0593168 0.149393 0.0216386 0.50526 0.0142817 0.25001 9.9991E-05
9.9973E-05 0.261724 9.9973E-05 0.497048 9.9973E-05 0.203949 0.0369791
0.0580607 0.205952 9.9991E-05 0.390955 0.0200786 0.280078 0.0447759
9.9973E-05 0.286851 9.9973E-05 0.383722 0.0613752 0.267753 9.9973E-05
0.0110643 0.276072 0.0348035 0.334008 0.0398935 0.278647 0.0255116
0.00899705 0.210057 9.9991E-05 0.414609 0.0374006 0.281006 0.0478302
0.129777 0.233949 9.9982E-05 0.430311 9.9982E-05 0.167533 0.0382305
0.0804639 0.280384 0.0289598 0.260894 9.9991E-05 0.298287 0.0509105
0.0498481 0.28212 9.9973E-05 0.431306 9.9973E-05 0.236426 9.9973E-05
0.0276705 0.270487 9.9982E-05 0.43299 9.9982E-05 0.224931 0.0437213
0.052334 0.189549 0.0243759 0.400669 0.0854821 0.24749 9.9991E-05
0.0396287 0.241038 9.9982E-05 0.424314 0.0646312 0.230188 9.9982E-05
0.080172 0.170177 9.9991E-05 0.518796 0.0523276 0.178072 0.000355809
0.0219997 0.216447 0.0274793 0.504018 9.9991E-05 0.201121 0.0288351
0.0452814 0.224617 0.0267943 0.470011 9.9982E-05 0.233096 9.9982E-05
0.0434055 0.259696 0.052269 0.330079 0.0289344 0.229348 0.0562672
0.096089 0.259738 9.9982E-05 0.319474 0.0569703 0.267529 9.9982E-05
0.0502664 0.283832 9.9982E-05 0.406726 0.0582185 0.200757 9.9982E-05
9.9982E-05 0.233753 9.9982E-05 0.439362 0.0172433 0.280751 0.02869
9.9991E-05 0.264139 0.0304387 0.42697 0.0262884 0.237851 0.0142138
0.0764799 0.158826 9.9982E-05 0.445445 0.0326771 0.286373 9.9982E-05
0.0256828 0.236435 9.9991E-05 0.504268 0.00753777 0.219088 0.00688769
0.0902553 0.294272 9.9982E-05 0.363314 0.0140074 0.237952 9.9982E-05
0.0227869 0.238212 9.9973E-05 0.437057 9.9973E-05 0.301644 9.9973E-05
0.073052 0.279205 9.9982E-05 0.332311 9.9982E-05 0.301621 0.0136107
0.0201083 0.268048 0.0223368 0.405229 9.9991E-05 0.273034 0.0111442
9.9982E-05 0.289309 0.00030773 0.36604 0.027329 0.316815 9.9982E-05
0.0780284 0.213538 9.9991E-05 0.364004 0.0485174 0.268237 0.0275747
0.0770803 0.31132 9.9973E-05 0.401402 9.9973E-05 0.209898 9.9973E-05
0.0111554 0.18838 0.0382534 0.466963 0.0257658 0.269383 9.9991E-05
0.0324933 0.239681 9.9982E-05 0.496252 0.0151457 0.216228 9.9982E-05
0.0658682 0.27756 9.9973E-05 0.36137 9.9973E-05 0.294902 9.9973E-05
0.0225677 0.309228 9.9982E-05 0.399863 0.0116051 0.256536 9.9982E-05
0.0286503 0.220439 0.105167 0.352985 0.0461402 0.224994 0.0216242
0.0545999 0.270363 9.9982E-05 0.339906 0.0755203 0.259411 9.9982E-05
0.141765 0.193725 0.0141159 0.404767 0.0370908 0.208436 9.9991E-05
9.9964E-05 0.246232 9.9964E-05 0.483811 9.9964E-05 0.269558 9.9964E-05
0.0712105 0.222258 0.00330164 0.368095 0.022469 0.303224 0.00944124
0.0923875 0.223192 9.9982E-05 0.385776 9.9982E-05 0.26215 0.0362937
0.0274413 0.220159 9.9991E-05 0.354573 0.0644209 0.271211 0.0620943
0.0700896 0.16949 0.0136025 0.429514 0.0896664 0.200112 0.0275262
9.9991E-05 0.26092 0.0296374 0.315217 0.0316241 0.285353 0.077149
9.9973E-05 0.251138 9.9973E-05 0.465377 0.0394078 0.243778 9.9973E-05
0.0259924 0.254139 9.9991E-05 0.444637 0.0299868 0.213823 0.0313208
0.0528751 0.325884 9.9982E-05 0.426991 9.9982E-05 0.187346 0.00670427
0.0430159 0.133448 0.0265846 0.3917 0.00109757 0.334172 0.0699822
0.146209 0.133103 9.9982E-05 0.345342 0.113822 0.261326 9.9982E-05
0.0116626 0.107104 0.119513 0.541157 0.0897084 0.0371013 0.0937542
9.9982E-05 0.124284 9.9982E-05 0.654899 0.050922 0.0992953 0.0703997
0.0380764 0.123869 0.0429692 0.602199 0.0712178 0.0780423 0.0436258
0.0321763 0.0724557 0.045565 0.753389 9.9991E-05 0.0806973 0.0156169
0.0901106 0.048167 0.0441231 0.614374 0.0819851 0.0744432 0.046797
0.0291722 0.139326 9.9982E-05 0.714039 9.9982E-05 0.0988947 0.0183674
0.0332838 0.142156 0.0256117 0.619289 0.0589659 0.0531901 0.0675034
0.0144372 0.110541 0.0330203 0.752112 0.0719541 0.0178356 9.9991E-05
0.00315825 0.175326 0.0380883 0.660398 0.0811124 0.0418165 9.9991E-05
0.0952006 0.058036 9.9982E-05 0.703948 0.062091 0.0805244 9.9982E-05
0.0392822 0.0257157 0.0397067 0.714794 0.0737709 0.106631 9.9991E-05
9.9973E-05 0.145762 9.9973E-05 0.751151 0.0660654 0.0367219 9.9973E-05
0.0647288 0.0892524 9.9991E-05 0.642558 0.0541875 0.0897113 0.0594615
0.0564829 0.0767201 0.0151795 0.706055 9.9991E-05 0.0719732 0.0734897
0.136779 0.0945026 9.9982E-05 0.672989 9.9982E-05 0.00903247 0.0864963
0.0658946 0.0713748 0.0507563 0.567261 0.107898 0.136715 9.9991E-05
9.9982E-05 0.114113 0.076871 0.730619 0.0360639 0.0421336 9.9982E-05
9.9982E-05 0.12812 0.00661386 0.612692 9.9982E-05 0.106023 0.146351
0.00522705 0.0883433 9.9991E-05 0.798359 0.00357271 0.0633881 0.0410098
0.123825 0.119302 9.9982E-05 0.67712 9.9982E-05 0.0697281 0.00982569
0.0943335 0.0285724 9.9991E-05 0.739609 0.0885071 0.0132285 0.0356495
0.0313519 0.0482361 0.0278652 0.775441 0.0418908 0.00880099 0.0664138
9.9982E-05 9.9982E-05 0.0576155 0.739077 0.0464638 0.0146034 0.142041
9.9982E-05 9.9982E-05 0.0745841 0.718071 0.0103309 0.008364 0.18845
0.0827491 9.9982E-05 0.0443733 0.659366 0.0594321 9.9982E-05 0.15388
9.9991E-05 0.0132224 0.0793533 0.705369 0.0365347 0.0276757 0.137745
9.9982E-05 9.9982E-05 0.0538593 0.706747 0.0907299 0.0439482 0.104515
0.0478446 0.0395128 0.0839053 0.650101 9.9991E-05 0.0132291 0.165307
9.9991E-05 0.0776187 0.0852392 0.719577 0.0441656 0.043856 0.0294433
9.9973E-05 9.9973E-05 0.0153424 0.764599 9.9973E-05 0.0138766 0.205882
0.00662329 9.9991E-05 0.0346853 0.760238 0.0143173 0.0561776 0.127858
9.9982E-05 0.0219974 0.0801009 0.714501 0.0779155 9.9982E-05 0.105285
9.9973E-05 9.9973E-05 0.0618465 0.675651 9.9973E-05 0.00119428 0.261008
9.9973E-05 9.9973E-05 0.0439478 0.816013 0.0656018 9.9973E-05 0.0741371
9.9973E-05 9.9973E-05 0.12145 0.839648 9.9973E-05 0.0105725 0.0280291
9.9973E-05 9.9973E-05 0.0627094 0.730319 9.9973E-05 0.0501782 0.156494
0.0195096 0.00492442 0.073829 0.734952 0.0388722 0.0301434 0.0977696
9.9991E-05 0.00782277 0.132296 0.670079 0.0079425 0.00763107 0.174129
0.0469347 9.9982E-05 0.00416295 0.765012 0.0357952 9.9982E-05 0.147895
9.9982E-05 9.9982E-05 0.0973339 0.712231 0.012923 0.0405406 0.136771
0.00447146 0.0271365 0.0645195 0.770847 0.0530555 0.0140398 0.0659305
9.9964E-05 9.9964E-05 0.0220886 0.770083 9.9964E-05 9.9964E-05 0.207429
0.0927339 0.0329588 9.9991E-05 0.75459 0.0243662 0.0149038 0.0803473
0.11973 0.114085 0.0281493 0.582461 0.0489642 0.044859 0.0617518
9.9973E-05 0.0958668 0.0402896 0.753007 0.110537 9.9973E-05 9.9973E-05
0.018954 0.157171 9.9991E-05 0.635542 0.0990314 0.0765697 0.0126316
0.0386064 0.083134 0.0345364 0.832149 0.0113738 9.9982E-05 9.9982E-05
0.0467619 0.0149878 0.03002 0.702843 0.11379 0.0854023 0.00619499
0.0210003 0.0737181 0.0396587 0.76673 0.0882118 0.00827278 0.00240786
9.9991E-05 0.0873697 0.0834617 0.702181 0.0845178 0.0331575 0.00921216
0.00624851 0.0236057 9.9991E-05 0.767353 0.0682523 0.0952259 0.0392144
0.00466742 0.103493 0.0231818 0.716386 0.0273831 0.103156 0.0217331
0.12235 0.0710746 9.9991E-05 0.573902 0.0713681 0.0683621 0.0928429
0.0669097 0.0960318 9.9982E-05 0.707165 0.0622667 0.0674272 9.9982E-05
0.04543 0.150345 0.0300504 0.562428 0.0703401 0.0247016 0.116705
0.031913 0.0804884 0.0318685 0.747519 0.0381407 0.0699701 9.9991E-05
0.118536 0.0378514 9.9991E-05 0.66231 0.0416885 0.0806428 0.0588705
