0.315081 0.188346 0.297792 0.198782
0.18034 0.202665 0.381011 0.235984
9.9982E-05 0.195222 0.804578 9.9982E-05
0.345661 0.222171 0.231445 0.200723
0.259448 0.111668 0.370629 0.258255
0.203413 0.248452 0.447979 0.100156
0.240711 0.124718 0.498276 0.136294
0.282774 0.0335808 0.49449 0.189154
0.426836 0.150069 0.339064 0.0840304
0.302139 0.254727 0.433151 0.00998237
0.16624 0.0599025 0.599268 0.174589
0.101579 0.158895 0.71349 0.0260359
0.474253 0.123105 0.226377 0.176264
0.160185 0.120141 0.655406 0.0642675
0.299012 0.105358 0.548725 0.0469042
0.228879 0.109697 0.570667 0.0907565
0.195339 0.137515 0.667046 9.9991E-05
0.315546 0.0405297 0.433549 0.210376
0.289785 0.207995 0.450268 0.0519515
0.0985891 0.356996 0.417302 0.127112
0.263088 0.224639 0.321462 0.190811
0.258078 0.202841 0.364876 0.174206
0.0649983 9.9991E-05 0.7863 0.148602
0.144082 0.0714806 0.573348 0.211089
0.235429 0.155857 0.343798 0.264916
0.218664 0.279531 0.322692 0.179112
0.128572 0.262455 0.481199 0.127773
0.178291 0.315287 0.317926 0.188495
0.264898 0.328703 0.406298 9.9991E-05
0.388459 0.0858487 0.418945 0.106747
0.44339 0.154242 0.258435 0.143933
0.304325 9.9991E-05 0.477944 0.217631
0.285816 0.215513 0.498571 9.9991E-05
0.222765 0.029333 0.681017 0.0668849
0.28646 0.172735 0.399797 0.141009
0.310237 0.0799264 0.561225 0.048611
0.249655 0.175629 0.574615 9.9991E-05
0.443058 0.130349 0.293652 0.13294
0.111136 0.159819 0.43285 0.296195
0.283713 0.241327 0.259592 0.215368
0.499116 0.392379 0.103488 0.0050165
0.275939 9.9991E-05 0.570821 0.153141
0.281328 0.194876 0.337236 0.186559
0.160454 0.0810789 0.505836 0.252631
0.363591 0.223206 0.246453 0.16675
0.601165 0.0445807 0.306921 0.0473327
0.671968 0.182929 0.145003 9.9991E-05
0.564899 9.9991E-05 0.287138 0.147863
0.713963 9.9982E-05 0.285837 9.9982E-05
0.630517 0.176386 0.136163 0.0569328
0.524884 0.0101998 0.330726 0.13419
0.617935 0.0460046 0.302452 0.0336075
0.666679 9.9982E-05 0.333121 9.9982E-05
0.706966 0.0241808 0.268754 9.9991E-05
0.487026 0.143703 0.317952 0.051319
0.701911 9.9991E-05 0.133869 0.16412
0.688012 0.132277 0.179611 9.9991E-05
0.650774 0.112896 0.230633 0.00569715
0.477523 9.9991E-05 0.520403 0.00197358
0.955055 0.0447452 9.9982E-05 9.9982E-05
0.816113 9.9982E-05 0.183687 9.9982E-05
0.798529 0.201271 9.9982E-05 9.9982E-05
0.845894 0.0839264 0.0700792 9.9991E-05
0.671536 0.139756 0.136483 0.0522245
0.669353 0.131111 0.126493 0.0730428
0.790457 0.0676718 9.9991E-05 0.141771
0.598882 0.304006 0.0970119 9.9991E-05
0.620829 0.00320708 0.27061 0.105353
0.78994 9.9991E-05 0.070027 0.139933
0.771682 9.9991E-05 0.0877814 0.140437
0.546889 0.127248 0.322404 0.00345968
0.573899 0.228128 0.0514123 0.146561
0.898623 0.0217377 0.00919142 0.0704475
0.908993 0.0522301 0.0386768 9.9991E-05
0.527722 0.191852 0.236699 0.0437274
0.767802 0.027089 0.190725 0.0143841
0.624636 0.00178638 0.277425 0.096152
0.647682 0.102216 0.250002 9.9991E-05
0.679191 0.246626 0.0740832 9.9991E-05
0.60406 0.12317 0.228516 0.0442544
0.471935 9.9991E-05 0.395659 0.132305
0.536705 0.129512 0.257755 0.0760275
0.579989 0.0620656 0.348153 0.00979307
0.751353 0.154122 0.0522683 0.0422563
0.685311 9.9991E-05 0.226961 0.087628
0.111999 0.847465 0.0404358 9.9991E-05
0.160446 0.835664 9.9991E-05 0.00378979
0.120607 0.74518 0.0864612 0.0477519
0.177986 0.498348 0.323566 9.9991E-05
0.115766 0.884034 9.9982E-05 9.9982E-05
9.9991E-05 0.804816 0.190848 0.00423578
0.0911462 0.757349 0.129059 0.0224461
0.102841 0.809821 9.9991E-05 0.087238
9.9991E-05 0.704402 0.185064 0.110434
0.0479096 0.736461 0.0547119 0.160917
9.9982E-05 0.900265 0.099535 9.9982E-05
9.9991E-05 0.648237 0.260181 0.0914818
9.9991E-05 0.43107 0.327674 0.241155
9.9991E-05 0.719941 0.185072 0.0948871
9.9982E-05 0.970627 0.0291727 9.9982E-05
9.998E-05 0.9997 9.998E-05 9.998E-05
0.141689 0.858111 9.9982E-05 9.9982E-05
9.9991E-05 0.391804 0.495435 0.112661
0.160873 0.751724 9.9991E-05 0.0873032
9.9982E-05 0.959448 9.9982E-05 0.040352
0.137678 0.855302 9.9991E-05 0.00692046
0.231713 0.603857 9.9991E-05 0.164329
0.114084 0.786133 0.0626057 0.0371774
9.9991E-05 0.812988 0.0926569 0.0942552
9.9991E-05 0.803223 0.108909 0.0877682
9.9991E-05 0.801282 0.127336 0.0712817
0.21589 0.734529 0.0494807 9.9991E-05
0.0344069 0.804778 0.160715 9.9991E-05
0.0620029 0.778611 0.159286 9.9991E-05
9.99821E-05 0.866389 0.133411 9.99821E-05
0.261313 0.653799 9.9991E-05 0.084788
9.9982E-05 0.680564 0.319236 9.9982E-05
0.140066 0.533809 0.209532 0.116592
0.12747 0.817058 9.9991E-05 0.0553711
0.218845 0.73328 9.9991E-05 0.0477746
0.153706 0.702014 9.9991E-05 0.14418
0.0578356 0.73982 0.202244 9.9991E-05
0.00705452 0.662153 0.330692 9.9991E-05
0.368518 0.618764 0.00508695 0.00763076
9.99821E-05 0.886063 0.113737 9.99821E-05
0.330461 0.640103 9.9991E-05 0.0293356
0.846618 0.0782227 0.0750591 9.9991E-05
0.740445 0.208157 9.9991E-05 0.0512982
0.733408 0.105405 0.0654105 0.0957765
0.636231 0.32171 9.9991E-05 0.0419587
0.490096 0.0258914 0.431643 0.0523697
0.468962 0.0633449 0.333684 0.134009
0.315664 0.00779364 0.525692 0.15085
0.450219 0.0969505 0.396896 0.0559349
0.383578 0.0192855 0.484222 0.112915
0.568875 9.9991E-05 0.214638 0.216387
0.556632 0.127488 0.126695 0.189186
0.866115 0.0258926 9.9991E-05 0.107892
0.649237 0.117931 0.179615 0.0532167
0.729608 0.0169654 0.253326 9.9991E-05
0.78718 0.0441046 0.135574 0.0331417
0.827517 0.0601165 0.112266 9.9991E-05
0.395055 0.125268 0.34557 0.134107
0.397537 0.149948 0.452415 9.9991E-05
0.708777 9.9991E-05 0.254708 0.0364148
9.9991E-05 0.126346 0.724487 0.149066
0.184789 0.238237 0.567828 0.00914683
0.189669 0.358099 0.286203 0.166029
0.111693 0.363341 0.340146 0.18482
0.352474 0.469123 0.16397 0.0144331
0.0187743 0.384819 0.454936 0.141471
0.126548 0.443416 0.363909 0.0661279
0.240719 0.509539 0.129829 0.119913
0.284198 0.350129 0.138178 0.227495
9.9991E-05 0.19736 0.653703 0.148838
0.0700376 0.275111 0.523676 0.131176
0.257158 0.172047 0.514559 0.0562369
0.0174224 0.276645 0.563155 0.142778
0.157495 0.174447 0.493754 0.174303
0.0446775 0.319459 0.419142 0.216721
0.207497 0.110098 0.453369 0.229036
0.436145 0.366458 0.128236 0.0691608
0.157032 0.574038 0.185068 0.0838626
0.105667 0.323533 0.415428 0.155373
9.9991E-05 0.422912 0.23447 0.342519
9.9991E-05 0.331069 0.612125 0.0567069
0.149494 0.426601 0.314132 0.109773
0.32175 0.250198 0.261732 0.166319
0.0402359 0.280173 0.497311 0.182281
0.0970292 0.254674 0.480848 0.167449
9.9991E-05 0.498273 0.335425 0.166202
0.0886161 0.595811 0.0528362 0.262736
0.270467 0.459301 0.203617 0.0666151
0.0488217 0.183069 0.530335 0.237774
0.121692 0.558872 0.280991 0.0384456
0.10934 0.117434 0.630536 0.14269
0.0977871 0.285646 0.405268 0.211299
0.109432 0.274182 0.48772 0.128667
9.9991E-05 0.25397 0.610316 0.135614
0.417778 0.35421 0.205355 0.0226576
0.240354 0.253121 0.443053 0.0634725
0.024579 0.274834 0.587205 0.113382
9.9991E-05 0.399773 0.480243 0.119884
9.9991E-05 0.518014 0.395153 0.0867338
0.0692963 0.30579 0.624814 9.9991E-05
0.250657 0.387335 0.326286 0.0357218
0.139116 0.338103 0.393296 0.129485
0.0508068 0.256257 0.629778 0.0631581
0.444611 0.358231 9.9991E-05 0.197058
0.291203 0.237693 0.45486 0.0162435
9.99821E-05 0.230034 0.769766 9.99821E-05
0.0784491 0.252511 0.598014 0.0710261
0.454116 0.213222 0.210191 0.12247
0.233297 0.136015 0.486969 0.143719
9.9991E-05 0.0891924 0.858498 0.0522092
0.168689 0.283598 0.537661 0.0100517
0.0935623 0.321366 0.575388 0.00968403
9.9991E-05 0.286805 0.639464 0.0736315
0.192357 0.191885 0.489027 0.126731
0.333432 0.255214 0.172353 0.239001
9.99821E-05 0.0904116 0.909388 9.99821E-05
0.339369 0.28553 0.353575 0.0215265
0.255383 0.155632 0.545187 0.0437985
9.9982E-05 0.333617 0.666183 9.9982E-05
0.0368322 0.153618 0.783665 0.0258856
9.9991E-05 0.265111 0.697647 0.0371421
0.0710683 0.0831713 0.84566 9.9991E-05
0.0337359 0.150393 0.682254 0.133617
0.305734 0.0407741 0.536942 0.11655
0.117478 0.324691 0.316176 0.241655
0.0840986 0.259856 0.655946 9.9991E-05
0.265002 0.151545 0.52093 0.0625223
0.172455 0.135568 0.521339 0.170638
0.0284984 0.186706 0.623945 0.160851
0.0857501 0.206129 0.627527 0.080594
0.125794 0.239713 0.50585 0.128642
0.132312 0.0820001 0.611422 0.174265
9.99821E-05 0.0818746 0.917925 9.99821E-05
0.190406 0.171635 0.598978 0.0389809
0.122477 0.135511 0.580266 0.161746
0.132876 0.198622 0.46797 0.200532
0.385839 0.23071 0.266084 0.117367
0.271116 0.368972 0.359812 9.9991E-05
0.359632 0.254393 0.263785 0.12219
0.166629 0.174155 0.46884 0.190375
0.0826406 0.0606939 0.698124 0.158542
0.141662 0.217635 0.615275 0.0254289
0.327281 0.175848 0.443452 0.0534184
0.199166 0.256017 0.473814 0.0710026
0.29208 9.99911E-05 0.520506 0.187314
0.505033 9.9991E-05 0.429339 0.0655281
0.510553 0.119305 0.339062 0.0310805
0.493491 0.0742716 0.410112 0.0221257
0.519493 0.0500109 0.410918 0.0195777
0.483798 0.00940699 0.384378 0.122418
0.44352 9.9991E-05 0.464684 0.0916958
0.66924 0.130449 0.185337 0.0149744
0.355862 9.9991E-05 0.439107 0.204931
0.266175 0.0697897 0.576652 0.0873833
0.474784 9.9991E-05 0.386412 0.138704
0.370347 9.9991E-05 0.524681 0.104872
0.420897 0.0589991 0.338053 0.182051
0.473407 0.00140509 0.404578 0.12061
0.27586 9.9991E-05 0.616539 0.107501
0.685126 9.9991E-05 0.28663 0.0281441
0.269331 9.9991E-05 0.539457 0.191111
0.387156 9.9991E-05 0.481315 0.131429
0.731995 0.0873836 0.135523 0.0450981
0.281991 0.112036 0.347257 0.258716
0.404121 0.249396 0.302869 0.0436138
0.547466 0.0826813 0.28686 0.082992
0.455888 9.99821E-05 0.543912 9.99821E-05
0.145667 0.0556977 0.63205 0.166585
0.794926 0.044364 0.101318 0.0593919
0.345104 0.129681 0.512929 0.0122857
0.461564 0.215423 0.322913 9.9991E-05
0.591063 9.9991E-05 0.333226 0.0756112
0.565993 0.156971 0.182798 0.094238
0.194614 0.0968712 0.634979 0.0735361
9.99821E-05 0.0545818 9.99821E-05 0.945218
0.153902 0.018304 0.134373 0.69342
0.324788 0.0654493 0.0876139 0.522148
0.0818331 9.9991E-05 0.178216 0.739851
9.9982E-05 0.086276 9.9982E-05 0.913524
0.163544 0.0355651 0.138692 0.662199
0.069752 9.9991E-05 0.0601155 0.870033
9.9982E-05 9.9982E-05 0.307049 0.692751
0.102777 9.9991E-05 0.0772465 0.819876
9.9982E-05 9.9982E-05 0.116061 0.883739
9.998E-05 9.998E-05 9.998E-05 0.9997
9.9991E-05 0.00468854 0.0382025 0.957009
0.115263 0.220409 9.9991E-05 0.664228
9.9982E-05 0.0189783 9.9982E-05 0.980822
0.308101 0.0429744 0.161533 0.487391
0.225158 9.9982E-05 9.9982E-05 0.774642
0.0134552 0.045648 0.493392 0.447505
0.189944 0.180444 0.00434798 0.625265
0.228688 0.116359 9.9991E-05 0.654853
0.0835313 9.9991E-05 0.158304 0.758064
9.9991E-05 0.0322533 0.165014 0.802632
9.9991E-05 0.113713 0.114172 0.772015
0.0336165 0.0369316 9.9991E-05 0.929352
9.9982E-05 9.9982E-05 0.133055 0.866745
0.207861 9.9982E-05 9.9982E-05 0.791939
9.9982E-05 0.041483 9.9982E-05 0.958317
0.285441 0.0517081 9.9991E-05 0.662751
9.9982E-05 9.9982E-05 0.11313 0.88667
9.9991E-05 0.0032069 0.258272 0.738421
0.0852062 0.0976849 0.0276706 0.789438
9.9991E-05 0.0931419 0.108294 0.798464
0.172502 9.9991E-05 0.0344482 0.79295
9.9982E-05 9.9982E-05 0.13425 0.86555
9.9982E-05 0.0370266 9.9982E-05 0.962773
9.99821E-05 0.0365992 9.99821E-05 0.963201
9.9982E-05 9.9982E-05 0.277955 0.721845
0.0226614 9.9991E-05 0.167146 0.810092
0.214311 0.0825028 0.112667 0.590518
0.66124 0.0275951 0.132666 0.178499
0.907373 0.0432135 0.049313 9.9991E-05
0.414841 0.00560398 0.558219 0.0213354
0.478167 9.9991E-05 0.492219 0.0295133
0.680343 0.0361267 0.28343 9.9991E-05
0.535656 0.100627 0.363618 9.9991E-05
0.79147 9.99821E-05 0.20833 9.99821E-05
0.543717 0.236317 0.128701 0.0912657
0.703263 0.0301126 0.250922 0.0157032
0.569445 0.265637 0.110048 0.0548698
0.552591 9.99821E-05 0.447209 9.99821E-05
0.648784 0.00470609 0.205816 0.140694
0.775287 0.125577 0.0841176 0.0150183
0.781869 9.9991E-05 0.133891 0.0841403
0.616155 0.0286299 0.211039 0.144176
0.805002 0.0108245 0.184074 9.9991E-05
0.656126 0.0063359 0.337438 9.9991E-05
0.638458 0.0956947 0.17414 0.0917076
0.861786 0.122736 9.9991E-05 0.015378
0.411859 0.113982 0.384775 0.0893839
0.739785 0.145918 9.9991E-05 0.114197
0.454002 0.062891 0.303869 0.179238
0.620046 9.9991E-05 0.270965 0.108889
0.682336 0.138091 0.159329 0.0202448
0.611982 9.9982E-05 0.387818 9.9982E-05
0.643134 9.99821E-05 0.356666 9.99821E-05
0.720537 9.9991E-05 0.0466348 0.232729
0.827103 0.0028934 0.0864561 0.0835473
0.9997 9.998E-05 9.998E-05 9.998E-05
0.731832 0.0703929 0.137467 0.0603088
0.820265 0.104316 0.0239939 0.0514258
0.632143 0.0969511 0.248822 0.022084
0.459268 0.251928 0.288703 9.9991E-05
0.582263 0.13286 0.272037 0.0128394
0.686412 0.0569508 0.256538 9.9991E-05
0.804757 0.0477307 9.9991E-05 0.147413
0.743791 9.9991E-05 0.189661 0.0664485
0.624094 0.0760667 0.299739 9.9991E-05
0.62414 0.0588414 0.289885 0.0271335
0.911223 9.99821E-05 0.0885772 9.99821E-05
0.529019 9.9991E-05 0.393083 0.0777987
0.260984 9.99821E-05 0.738816 9.99821E-05
0.511788 0.215399 0.12432 0.148493
0.909474 9.9982E-05 9.9982E-05 0.0903256
0.426882 0.0556452 0.425517 0.0919564
0.556488 0.202763 0.171967 0.0687818
0.462193 0.14743 0.336496 0.0538812
0.725124 0.0743896 0.048301 0.152186
0.439082 0.0949808 0.399935 0.0660021
0.649374 0.0994303 0.229334 0.0218617
0.291979 0.0640555 0.508889 0.135076
0.728693 9.9991E-05 0.19474 0.0764675
0.629346 0.0588255 0.187032 0.124796
0.774154 0.0517099 0.0878487 0.0862873
0.829379 0.0595227 0.110998 9.9991E-05
0.808749 0.0984362 9.9991E-05 0.0927152
0.802139 0.0976767 9.9991E-05 0.100084
0.565834 0.0503429 0.330831 0.0529929
0.762774 0.155649 0.0814773 9.9991E-05
0.529897 0.13569 0.334313 9.9991E-05
0.763178 9.9982E-05 0.236622 9.9982E-05
0.459654 0.134375 0.169225 0.236746
0.387472 9.9991E-05 0.546519 0.0659096
0.851479 0.0967683 0.0368055 0.0149471
0.575812 0.128196 0.295891 9.9991E-05
0.810566 9.9991E-05 0.127823 0.0615103
0.603336 0.0988597 0.297704 9.9991E-05
0.701606 0.157868 9.9991E-05 0.140426
0.815443 0.0624738 0.0373319 0.0847513
0.698005 0.0629478 0.191795 0.0472525
0.582196 9.9991E-05 0.293439 0.124265
0.701421 0.0517587 0.00528628 0.241534
0.622021 0.140802 0.159365 0.0778111
0.553709 0.115846 0.168477 0.161969
0.567957 0.292749 0.104801 0.0344938
0.518809 9.9991E-05 0.380837 0.100254
0.575634 0.149975 0.180317 0.0940746
0.494333 0.156419 0.119506 0.229742
0.648347 0.205623 0.0509275 0.0951032
0.572081 0.108489 0.315966 0.00346375
0.818537 0.0724868 0.0499379 0.0590386
0.779597 9.99821E-05 9.99821E-05 0.220203
0.507842 0.0242725 0.410183 0.0577026
0.640422 0.0990332 0.248039 0.0125062
0.531059 0.2147 0.0766851 0.177556
0.659413 0.046805 0.225503 0.0682795
0.413024 0.0644685 0.319932 0.202576
0.714147 0.163178 0.100776 0.0218987
0.620812 0.142198 0.141575 0.0954157
