0.104426 0.270484 0.62509
0.260209 0.291998 0.447794
0.450711 0.0453877 0.503901
0.498517 0.208763 0.29272
0.141635 0.306094 0.552271
0.458128 0.197034 0.344838
0.143808 0.10401 0.752183
0.0942981 0.144193 0.761509
0.389684 0.0376121 0.572704
0.360654 0.0119847 0.627361
0.238033 0.180944 0.581023
0.38894 0.035606 0.575454
0.221882 0.208156 0.569963
0.316614 0.0364871 0.646899
0.222958 0.0303155 0.746726
0.235552 0.147664 0.616785
0.282562 0.00881862 0.708619
0.18422 0.22328 0.592501
0.370177 0.0579656 0.571858
0.371535 0.0930473 0.535418
0.332871 0.23001 0.437119
0.178336 0.201577 0.620088
0.216089 0.0839691 0.699942
0.178218 0.11077 0.711012
0.244724 0.154358 0.600918
0.372883 0.258922 0.368195
0.419746 0.154904 0.42535
0.360941 0.113055 0.526005
0.51361 0.148758 0.337632
0.0352108 0.165506 0.799283
0.25487 0.166298 0.578832
0.200928 0.138084 0.660988
0.353822 0.081912 0.564266
0.20901 0.165486 0.625504
0.228146 0.170868 0.600985
0.225661 0.155561 0.618778
0.262699 0.0414501 0.695851
0.212843 0.139783 0.647373
0.394334 0.253074 0.352592
0.229148 0.139437 0.631415
0.189008 0.18308 0.627912
0.082 0.160438 0.757562
0.203332 0.0577155 0.738952
0.295835 0.129997 0.574168
0.270012 0.156413 0.573575
0.126524 0.0974943 0.775982
0.132937 0.0225384 0.844525
9.9991E-05 0.196127 0.803773
0.0314722 0.0556936 0.912834
0.105241 0.0461694 0.84859
0.112073 0.0535856 0.834342
0.100824 0.0617041 0.837472
0.0758012 9.9991E-05 0.924099
0.0591944 9.9991E-05 0.940706
0.184727 0.0530153 0.762258
9.9991E-05 0.092151 0.907749
0.266819 9.9991E-05 0.733081
0.102968 0.072352 0.82468
0.0486431 0.0155095 0.935847
0.100201 9.9991E-05 0.899699
9.999E-05 9.999E-05 0.9998
0.0598447 9.9991E-05 0.940055
0.0314204 0.0690247 0.899555
0.00921657 0.0894074 0.901376
9.9991E-05 0.153566 0.846334
0.0686676 0.164772 0.766561
0.197536 9.9991E-05 0.802364
0.074998 0.127215 0.797787
0.021475 0.253203 0.725322
9.9991E-05 0.110735 0.889165
0.172472 9.9991E-05 0.827428
0.230694 0.143944 0.625362
0.0084035 0.0701392 0.921457
9.9991E-05 0.0475878 0.952312
0.203966 0.125732 0.670302
0.079775 9.9991E-05 0.920125
0.0498627 0.0865687 0.863569
0.246421 9.9991E-05 0.753479
0.226178 0.00800351 0.765818
0.18433 0.0174733 0.798196
0.0482391 0.174367 0.777394
0.096399 0.123274 0.780327
0.0428499 0.0286761 0.928474
0.117917 0.0316303 0.850453
9.9991E-05 0.0958551 0.904045
0.982745 9.9991E-05 0.0171551
0.841266 9.9991E-05 0.158634
0.795097 0.0641354 0.140768
0.711944 9.9991E-05 0.287956
0.974033 0.0244609 0.00150642
0.934954 0.0649463 9.9991E-05
0.843996 0.0360864 0.119917
0.88584 0.11406 9.9991E-05
0.87022 0.0494735 0.0803067
0.719632 0.280268 9.9991E-05
0.9998 9.999E-05 9.999E-05
0.863161 0.0507464 0.0860926
0.764134 0.148174 0.0876921
0.921273 0.0786273 9.9991E-05
0.9998 9.999E-05 9.999E-05
0.9998 9.999E-05 9.999E-05
0.938839 0.00663185 0.0545291
0.631424 0.183937 0.184639
0.8876 0.1123 9.9991E-05
0.954508 0.0453919 9.9991E-05
0.878069 9.9991E-05 0.121831
0.650154 0.0246726 0.325174
0.92473 9.9991E-05 0.0751702
0.882553 0.117347 9.9991E-05
0.892681 0.107219 9.9991E-05
0.972103 0.0277969 9.9991E-05
0.773383 0.0310779 0.195539
0.899188 0.045662 0.0551503
0.903374 9.9991E-05 0.0965264
0.9998 9.999E-05 9.999E-05
0.568292 0.248123 0.183584
0.89395 0.0517243 0.0543257
0.656844 0.0464074 0.296749
0.747734 0.147026 0.10524
0.792329 0.0437019 0.163969
0.796432 0.139001 0.0645671
0.877737 0.0417572 0.0805061
0.870033 9.9991E-05 0.129867
0.729658 0.0539199 0.216423
0.9998 9.999E-05 9.999E-05
0.571861 0.14032 0.287818
0.0274396 0.0708706 0.90169
0.11967 0.0725336 0.807797
0.240655 0.186027 0.573318
0.280892 0.122668 0.59644
0.102763 0.16933 0.727907
9.9991E-05 0.108316 0.891584
0.139287 0.0199654 0.840747
0.0596405 0.0170337 0.923326
0.170469 0.151194 0.678337
9.9991E-05 0.144734 0.855166
0.145547 0.115701 0.738752
9.9991E-05 0.084761 0.915139
0.148879 0.0286989 0.822422
9.9991E-05 0.0907429 0.909157
9.9991E-05 0.0783296 0.92157
9.999E-05 9.999E-05 0.9998
9.9991E-05 0.198666 0.801234
0.104063 0.109661 0.786276
9.999E-05 9.999E-05 0.9998
0.316923 0.159192 0.523886
0.464245 0.16588 0.369875
0.488801 0.140546 0.370653
0.473252 0.182869 0.343879
0.578786 0.0608187 0.360395
0.499408 0.134757 0.365835
0.558257 0.114093 0.32765
0.501693 0.244735 0.253572
0.449412 0.265457 0.285131
0.478893 0.0378087 0.483298
0.481166 0.0717434 0.44709
0.329997 0.069013 0.60099
0.420062 0.177572 0.402366
0.331232 0.218084 0.450684
0.442734 0.233407 0.323859
0.183674 0.25293 0.563396
0.368533 0.107566 0.523901
0.658272 0.111098 0.23063
0.452535 0.165324 0.382141
0.551202 0.379467 0.0693313
0.498071 0.115294 0.386636
0.49215 0.165232 0.342618
0.251983 0.214043 0.533974
0.434876 0.265589 0.299535
0.426789 0.0687734 0.504437
0.743554 0.184841 0.0716052
0.645195 0.230878 0.123928
0.535608 0.0422763 0.422116
0.369531 0.252481 0.377988
0.531753 0.144742 0.323504
0.299963 0.180614 0.519424
0.424025 0.200652 0.375323
0.501038 0.0923268 0.406635
0.546826 0.152424 0.300749
0.342941 0.0861293 0.570929
0.400983 0.0951851 0.503832
0.44095 0.0693035 0.489746
0.542209 0.0500803 0.407711
0.652425 0.131421 0.216154
0.513787 9.9991E-05 0.486113
0.43129 0.0508069 0.517903
0.44909 0.137878 0.413032
0.393068 0.136674 0.470258
0.513381 0.242929 0.24369
0.386769 9.9991E-05 0.613131
0.466203 9.9991E-05 0.533697
0.46763 0.0912413 0.441129
0.177031 0.093369 0.7296
0.461213 0.0968485 0.441938
0.365704 0.0535792 0.580717
0.37211 0.068542 0.559348
0.536116 0.0793975 0.384486
0.355875 0.0993354 0.54479
0.408229 0.141913 0.449858
0.451054 0.0218983 0.527047
0.443903 0.00293939 0.553157
0.230838 0.0637671 0.705394
0.256006 0.0417126 0.702281
0.528803 9.9991E-05 0.471097
0.25178 9.9991E-05 0.74812
0.481193 0.111197 0.40761
0.350396 9.9991E-05 0.649504
0.437738 0.0836807 0.478581
0.182171 0.26772 0.550108
0.436545 0.178598 0.384857
0.439926 0.0167517 0.543322
0.254167 0.0974695 0.648364
0.134033 0.1704 0.695568
0.362517 0.1772 0.460284
0.396038 0.115385 0.488577
0.255049 0.173805 0.571146
0.14405 0.22906 0.62689
0.467484 9.9991E-05 0.532416
0.412571 9.9991E-05 0.587329
0.231881 0.147511 0.620608
0.415825 0.248522 0.335653
0.231347 0.169363 0.59929
0.554561 0.053725 0.391714
0.289577 0.150047 0.560376
0.33584 0.0989644 0.565196
0.254058 0.132988 0.612954
0.495557 0.0516812 0.452762
0.261715 0.043646 0.694639
0.129721 0.0645419 0.805737
9.99911E-05 0.215664 0.784236
9.9991E-05 0.156455 0.843445
0.119195 0.0822742 0.798531
0.192754 0.138645 0.668601
9.9991E-05 0.0210394 0.978861
0.18674 0.153906 0.659354
0.118503 0.156516 0.72498
0.162697 0.0196067 0.817696
0.0872887 0.174583 0.738129
0.040421 0.191794 0.767785
9.9991E-05 0.160188 0.839712
9.9991E-05 0.0639518 0.935948
0.0264893 0.13842 0.835091
0.0283304 0.178632 0.793038
0.156088 0.103276 0.740636
9.9991E-05 0.0831752 0.916725
0.0722007 0.183006 0.744793
0.0232407 0.166682 0.810077
0.00997949 0.188075 0.801945
0.0883855 0.308113 0.603501
0.168767 0.0785242 0.752709
0.119775 0.0958695 0.784355
9.999E-05 9.999E-05 0.9998
0.0727518 0.153772 0.773476
0.0178553 0.0879296 0.894215
0.184627 0.0502918 0.765081
0.249487 9.9991E-05 0.750413
0.0153391 0.093051 0.89161
0.0916188 0.15151 0.756872
0.265122 0.0627081 0.67217
9.9991E-05 0.90998 0.0899199
9.9991E-05 0.819115 0.180785
0.172673 0.522462 0.304865
9.9991E-05 0.781584 0.218316
0.0141977 0.981077 0.00472514
0.0819396 0.760597 0.157464
9.9991E-05 0.885619 0.114281
0.0140093 0.725629 0.260361
9.9991E-05 0.920046 0.0798538
0.140893 0.859007 9.9991E-05
9.999E-05 0.9998 9.999E-05
9.999E-05 0.9998 9.999E-05
0.128563 0.63554 0.235897
0.0159343 0.983966 9.9991E-05
0.31681 0.588054 0.0951364
9.9991E-05 0.853781 0.146119
0.10638 0.577106 0.316513
0.0979681 0.695838 0.206193
0.173308 0.768198 0.0584945
0.0120969 0.81172 0.176183
0.143624 0.826321 0.0300548
0.169358 0.830542 9.9991E-05
0.0199603 0.976737 0.00330249
9.9991E-05 0.981912 0.0179878
0.0837823 0.821497 0.0947212
9.999E-05 0.9998 9.999E-05
9.9991E-05 0.784708 0.215192
9.9991E-05 0.967115 0.0327848
0.131321 0.7713 0.0973791
0.207731 0.792169 9.9991E-05
0.0811393 0.819496 0.099365
0.041697 0.891098 0.0672046
9.9991E-05 0.965188 0.0347121
0.0141105 0.98579 9.9991E-05
9.999E-05 0.9998 9.999E-05
9.9991E-05 0.82632 0.17358
9.9991E-05 0.821532 0.178368
0.0325626 0.631059 0.336378
0.124073 0.188171 0.687756
0.0790631 9.9991E-05 0.920837
0.136805 9.9991E-05 0.863095
0.0116983 0.0600906 0.928211
0.0728566 0.0820115 0.845132
0.109564 0.0641985 0.826237
9.9991E-05 0.0244957 0.975404
0.23996 0.14419 0.61585
0.121429 0.0971026 0.781469
0.162046 0.136281 0.701673
9.9991E-05 0.110194 0.889706
0.0108005 0.148705 0.840495
0.08786 0.0261986 0.885941
0.0133573 0.15989 0.826752
9.9991E-05 0.205717 0.794183
9.999E-05 9.999E-05 0.9998
9.9991E-05 0.0462698 0.95363
0.149879 0.144867 0.705254
0.0647606 9.9991E-05 0.935139
0.288728 9.9991E-05 0.711172
0.0388292 0.240501 0.720669
0.0703768 0.183686 0.745938
0.0351315 0.267713 0.697156
0.0623293 0.113113 0.824557
9.999E-05 9.999E-05 0.9998
0.0960885 0.0471375 0.856774
0.014498 0.293087 0.692415
0.0063522 0.186853 0.806795
9.9991E-05 0.0202146 0.979685
0.178011 9.9991E-05 0.821889
9.9991E-05 0.0171072 0.982793
0.153995 0.0989126 0.747093
0.32324 9.9991E-05 0.67666
0.14681 0.0295884 0.823602
0.0533716 9.9991E-05 0.946528
0.0310953 0.168103 0.800802
9.9991E-05 0.0662548 0.933645
0.103331 0.0887669 0.807903
0.0946149 0.00433589 0.901049
9.99911E-05 0.0655326 0.934367
0.0553357 0.118047 0.826617
0.0230248 9.99911E-05 0.976875
0.181523 0.142997 0.675481
9.9991E-05 0.0232937 0.976606
0.166427 0.125453 0.708119
0.151382 0.104253 0.744365
0.226012 0.0585642 0.715423
9.9991E-05 0.235779 0.764121
0.162408 0.0870831 0.750509
0.101728 0.0203666 0.877906
0.0325202 0.106784 0.860696
9.9991E-05 0.190385 0.809515
0.10921 0.134197 0.756593
0.0249377 0.259462 0.7156
0.0766921 9.9991E-05 0.923208
0.071634 0.113299 0.815067
0.0109555 0.163279 0.825766
0.0407123 0.0594068 0.899881
0.0640201 0.117635 0.818345
0.135371 0.00366015 0.860969
9.9991E-05 0.00459856 0.995301
0.172566 0.292127 0.535307
0.0229382 0.141094 0.835967
0.0433884 0.0728192 0.883792
0.0840215 9.9991E-05 0.915878
9.9991E-05 0.0380358 0.961864
0.119407 9.9991E-05 0.880493
0.166133 0.149001 0.684866
9.9991E-05 0.101553 0.898347
0.122053 0.0621613 0.815786
0.0119026 0.075195 0.912902
9.9991E-05 0.200404 0.799496
0.156403 0.160279 0.683319
0.122348 0.198949 0.678703
0.20223 0.10175 0.69602
0.0245286 0.216627 0.758844
0.119994 0.0426798 0.837326
0.185161 0.340728 0.474111
0.339906 0.0581012 0.601993
0.151988 0.0334899 0.814522
0.0193115 0.0972291 0.883459
9.9991E-05 0.213315 0.786585
0.0680613 0.0515984 0.88034
0.0394384 0.108656 0.851906
0.158673 0.158995 0.682332
0.0663203 0.104576 0.829104
0.232932 0.00745706 0.759611
0.223411 0.126936 0.649654
0.050952 0.0748355 0.874213
