0.604149 0.175811 0.22004
0.34418 0.204598 0.451222
0.521531 0.0283087 0.45016
0.441364 0.202579 0.356057
0.509675 0.34211 0.148215
0.345048 0.1137 0.541252
0.584816 0.216163 0.199021
0.672492 0.234869 0.0926388
0.620279 0.000278162 0.379443
0.580047 0.0892002 0.330753
0.625519 0.151934 0.222547
0.652545 0.0581948 0.289261
0.626262 0.177626 0.196111
0.633949 0.0623237 0.303727
0.645615 0.100962 0.253424
0.519285 0.119733 0.360982
0.60837 0.00944093 0.382189
0.551062 0.177302 0.271636
0.562575 0.0762442 0.36118
0.354476 0.129978 0.515546
0.511174 0.27681 0.212016
0.567962 0.202349 0.229689
0.619379 0.140808 0.239813
0.532296 0.264793 0.202911
0.578449 0.208671 0.21288
0.330303 0.291951 0.377747
0.385351 0.145531 0.469118
0.554349 0.201578 0.244073
0.505956 0.123393 0.370651
0.609656 0.204894 0.185449
0.502554 0.238138 0.259308
0.638345 0.213213 0.148442
0.617127 0.0854042 0.297469
0.734113 0.0579595 0.207927
0.442287 0.238708 0.319005
0.687913 0.162946 0.149141
0.587774 0.0562579 0.355969
0.716535 0.12855 0.154916
0.332004 0.258122 0.409875
0.660161 0.0620908 0.277748
0.516536 0.162072 0.321392
0.860474 0.129412 0.0101135
0.559547 0.203093 0.23736
0.419964 0.197038 0.382997
0.474211 0.211949 0.31384
0.807746 0.0551535 0.137101
0.832499 0.000957044 0.166544
0.743534 0.256366 9.9991E-05
0.920149 0.0432458 0.0366053
0.862334 9.9991E-05 0.137566
0.773648 0.0802617 0.14609
0.857508 0.0535311 0.0889607
0.839306 0.0633566 0.0973375
0.948413 0.0179279 0.0336593
0.736259 0.0429032 0.220838
0.772118 0.227782 9.9991E-05
0.796747 9.9991E-05 0.203153
0.723413 0.0362424 0.240345
0.815683 0.00922667 0.175091
0.932446 9.9991E-05 0.0674538
0.942155 0.0577453 9.9991E-05
0.899993 0.00091961 0.0990873
0.888332 0.0577449 0.0539229
0.785884 0.10188 0.112236
0.789186 0.101708 0.109106
0.788857 0.105309 0.105834
0.727248 9.9991E-05 0.272652
0.819979 0.110929 0.0690913
0.693884 0.246545 0.0595704
0.860185 0.139715 9.9991E-05
0.776747 9.9991E-05 0.223153
0.634779 0.24083 0.124392
0.9998 9.999E-05 9.999E-05
0.953385 0.0321132 0.0145015
0.693399 0.101316 0.205286
0.799987 9.9991E-05 0.199913
0.844348 0.0108088 0.144843
0.783803 9.9991E-05 0.216097
0.762718 9.9991E-05 0.237182
0.784615 0.012772 0.202613
0.751414 0.215003 0.0335826
0.763455 0.120218 0.116327
0.970484 0.0188604 0.0106555
0.851075 0.101338 0.0475869
0.944956 0.0448362 0.0102082
0.049606 9.9991E-05 0.950294
0.219712 0.00955801 0.77073
0.0970256 0.0179911 0.884983
0.141365 0.123403 0.735232
0.100369 9.9991E-05 0.899531
9.9991E-05 0.0650149 0.934885
0.00627057 0.0884378 0.905292
9.9991E-05 0.0726502 0.92725
0.122049 0.0670573 0.810893
0.0247395 0.196717 0.778544
9.999E-05 9.999E-05 0.9998
0.135545 0.0335199 0.830935
0.0876875 0.264143 0.648169
0.0816584 0.0372487 0.881093
9.999E-05 9.999E-05 0.9998
9.9991E-05 0.0323905 0.967509
0.00494173 9.9991E-05 0.994958
0.192793 0.0965928 0.710615
0.0660646 0.149969 0.783967
9.999E-05 9.999E-05 0.9998
0.114564 9.9991E-05 0.885336
0.312836 0.038817 0.648347
0.0787922 9.9991E-05 0.921108
9.9991E-05 0.0975614 0.902339
9.9991E-05 0.058012 0.941888
0.0865378 0.017325 0.896137
0.171453 0.0220382 0.806509
0.0878914 0.0628367 0.849272
0.0663179 0.0735862 0.860096
9.999E-05 9.999E-05 0.9998
0.019537 0.167504 0.812959
0.153413 9.9991E-05 0.846487
0.0763153 0.164988 0.758697
0.0438663 0.0683663 0.887767
0.24381 0.0202522 0.735938
0.147124 0.111162 0.741714
0.0834794 0.0347358 0.881785
0.178918 9.9991E-05 0.820982
0.338941 0.0798361 0.581223
9.999E-05 9.999E-05 0.9998
0.11839 0.151157 0.730452
0.92138 0.0777348 0.000884884
0.820443 0.00532913 0.174228
0.860034 9.9991E-05 0.139866
0.646938 0.0888721 0.26419
0.59096 0.0825214 0.326519
0.868283 0.131617 9.9991E-05
0.677325 0.129862 0.192813
0.813831 0.0587234 0.127446
0.955046 9.9991E-05 0.0448545
0.811014 0.188886 9.9991E-05
0.754708 0.141003 0.104289
0.809012 0.109936 0.0810526
0.809482 9.9991E-05 0.190418
0.823457 0.0734536 0.103089
0.967842 0.032058 9.9991E-05
0.9998 9.999E-05 9.999E-05
0.916569 9.9991E-05 0.0833313
0.738833 0.0941943 0.166972
0.931977 0.0679232 9.9991E-05
0.552757 0.185086 0.262157
0.577428 0.0331759 0.389396
0.183798 0.183103 0.633099
0.297357 0.169082 0.533562
0.268505 0.0792194 0.652276
0.272319 0.209734 0.517947
0.373987 0.0903663 0.535647
0.270953 0.158169 0.570878
0.292221 0.17732 0.530459
0.379515 0.106269 0.514216
0.442866 0.102677 0.454457
0.675642 0.133339 0.191019
0.360911 0.190079 0.449009
0.393534 0.163026 0.44344
0.366952 0.23626 0.396788
0.599552 0.182686 0.217762
0.385625 0.144518 0.469857
0.223951 0.103547 0.672502
0.399814 0.180981 0.419204
0.0355912 0.349552 0.614856
0.421221 0.0656898 0.513089
0.349044 0.109595 0.541361
0.511344 0.203391 0.285265
0.318138 0.207659 0.474203
0.405288 0.104922 0.48979
0.0489596 0.182035 0.769006
0.0984678 0.286401 0.615131
0.45827 0.155097 0.386633
0.426613 0.148534 0.424853
0.287812 0.0954506 0.616737
0.563444 0.152969 0.283588
0.313034 0.180659 0.506307
0.427586 0.139429 0.432985
0.327772 0.177597 0.494631
0.576825 0.0690132 0.354162
0.571707 0.0907005 0.337592
0.437486 0.120211 0.442302
0.346123 0.113224 0.540653
0.24755 0.160677 0.591774
0.466564 9.9991E-05 0.533336
0.436415 0.0219599 0.541625
0.456712 0.141954 0.401334
0.544046 0.0802203 0.375734
0.364666 0.193208 0.442126
0.461685 0.0475373 0.490777
0.542446 9.9991E-05 0.457454
0.463769 0.112831 0.423401
0.692484 9.9991E-05 0.307416
0.463823 0.0521616 0.484016
0.645452 0.0639616 0.290586
0.629134 0.032668 0.338198
0.417768 0.0346214 0.547611
0.603767 0.00450782 0.391725
0.70237 0.002179 0.295451
0.533003 0.187873 0.279125
0.689636 9.99911E-05 0.310264
0.592768 0.0870443 0.320188
0.60494 0.0759568 0.319103
0.461229 0.000490498 0.53828
0.73118 0.00334911 0.26547
0.456467 0.138749 0.404783
0.597208 0.000782426 0.40201
0.590403 0.0557424 0.353855
0.54671 0.0862625 0.367028
0.372095 0.160425 0.46748
0.547539 0.00675493 0.445707
0.614445 0.0962781 0.289277
0.636718 0.141521 0.221761
0.53827 0.132263 0.329468
0.47923 0.096478 0.424292
0.453367 0.27024 0.276393
0.609976 0.26421 0.125813
0.521919 9.9991E-05 0.477981
0.604912 0.0322997 0.362788
0.492579 0.12186 0.385561
0.423604 0.21353 0.362866
0.554631 0.132716 0.312653
0.491912 0.0358963 0.472192
0.541637 0.108374 0.349989
0.559942 0.152651 0.287408
0.462954 0.141263 0.395783
0.490047 0.101945 0.408008
0.579094 0.0612629 0.359643
0.648268 0.094936 0.256796
0.819239 0.180661 9.9991E-05
0.863305 0.136595 9.9991E-05
0.718091 0.0720018 0.209908
0.78879 0.139896 0.0713144
0.89247 9.9991E-05 0.10743
0.559308 0.103902 0.33679
0.738678 0.211926 0.0493964
0.760704 0.0762554 0.163041
0.729732 0.166195 0.104073
0.634797 0.157137 0.208066
0.768987 0.230913 9.9991E-05
0.851091 0.105053 0.0438556
0.801301 0.126213 0.0724859
0.785534 0.169568 0.0448979
0.829892 0.0981089 0.0719991
0.828651 0.171249 9.9991E-05
0.701699 0.218171 0.08013
0.939381 0.0605193 9.9991E-05
0.813609 0.128735 0.057656
0.517024 0.332697 0.150279
0.803909 0.0260077 0.170084
0.805476 0.0905219 0.104002
0.976393 9.9991E-05 0.0235072
0.574685 0.216143 0.209172
0.833966 0.165934 9.9991E-05
0.663483 0.0282509 0.308266
0.794673 9.9991E-05 0.205227
0.85229 0.0884774 0.0592324
0.709236 0.132312 0.158452
0.655178 0.0626351 0.282187
9.9991E-05 0.889545 0.110355
0.203593 0.694732 0.101675
0.418066 0.493124 0.0888099
0.140676 0.786197 0.0731266
9.9991E-05 0.961913 0.0379873
0.0774332 0.787679 0.134888
0.0462528 0.953647 9.9991E-05
0.153895 0.846005 9.9991E-05
9.9991E-05 0.899004 0.100896
9.9991E-05 0.982683 0.017217
9.999E-05 0.9998 9.999E-05
9.999E-05 0.9998 9.999E-05
0.264094 0.673778 0.0621277
9.9991E-05 0.918535 0.0813652
0.285835 0.522416 0.191748
0.121885 0.878015 9.9991E-05
0.343436 0.591726 0.0648384
0.208643 0.708068 0.0832887
0.19484 0.715202 0.0899582
0.0746762 0.832113 0.0932104
0.157638 0.790575 0.0517866
9.9991E-05 0.841979 0.157921
0.00370443 0.996196 9.9991E-05
0.0890192 0.910881 9.9991E-05
0.0924646 0.824776 0.0827597
9.999E-05 0.9998 9.999E-05
0.256193 0.674674 0.0691332
0.00559094 0.951753 0.0426565
0.137308 0.776255 0.086437
9.9991E-05 0.874117 0.125783
9.9991E-05 0.751495 0.248405
0.075287 0.889646 0.0350675
9.9991E-05 0.978885 0.0210154
0.0152781 0.984622 9.9991E-05
9.999E-05 0.9998 9.999E-05
0.0884467 0.865745 0.045808
0.134472 0.844516 0.0210123
0.27295 0.653823 0.0732269
0.741036 0.143627 0.115337
0.984493 9.9991E-05 0.015407
0.869994 9.9991E-05 0.129906
0.933321 0.0365173 0.0301614
0.92174 9.9991E-05 0.0781601
0.821414 9.9991E-05 0.178486
0.9998 9.999E-05 9.999E-05
0.707855 0.129622 0.162523
0.795332 0.0388801 0.165788
0.768523 0.0750604 0.156417
0.9998 9.999E-05 9.999E-05
0.91074 0.0891601 9.9991E-05
0.883008 0.010244 0.106748
0.778006 0.127181 0.0948133
0.828342 0.11385 0.0578084
0.962459 9.9991E-05 0.0374411
0.980418 0.0194818 9.9991E-05
0.620481 0.173184 0.206335
0.840604 9.9991E-05 0.159296
0.732476 0.0659655 0.201558
0.707764 0.212273 0.0799634
0.699073 0.213761 0.0871655
0.703491 0.234674 0.061835
0.796164 0.0814085 0.122428
0.9998 9.999E-05 9.999E-05
0.972985 9.9991E-05 0.0269149
0.624285 0.284586 0.0911294
0.768466 0.0943135 0.13722
0.9998 9.999E-05 9.999E-05
0.788571 9.9991E-05 0.211329
0.850833 0.149067 9.9991E-05
0.76519 0.161562 0.0732472
0.69019 9.9991E-05 0.30971
0.795108 0.0340454 0.170846
0.9242 0.0126394 0.0631607
0.907668 0.0922321 9.9991E-05
0.918898 0.0810022 9.9991E-05
0.788404 0.0708501 0.140746
0.937186 0.00276353 0.0600502
0.955321 0.0445785 9.9991E-05
0.865656 0.134211 0.000133519
0.838725 9.9991E-05 0.161175
0.643402 0.107952 0.248646
0.927981 0.0719193 9.9991E-05
0.728833 0.113831 0.157336
0.769491 0.160309 0.0702
0.668405 0.0989569 0.232638
0.838954 0.160946 9.9991E-05
0.698524 0.0996031 0.201873
0.847981 0.0388847 0.113134
0.919406 0.0804943 9.9991E-05
0.856721 0.097756 0.0455231
0.637395 0.152884 0.209721
0.790259 0.182174 0.0275679
0.956719 9.9991E-05 0.0431805
0.848507 0.115539 0.035954
0.815901 0.0898403 0.0942583
0.793042 0.0774931 0.129464
0.814192 0.0299723 0.155835
0.83515 0.0455346 0.119316
0.9998 9.999E-05 9.999E-05
0.52152 0.241911 0.236569
0.803364 0.127975 0.0686611
0.890039 0.0989802 0.0109803
0.76751 0.0121945 0.220295
0.981695 0.0182051 9.9991E-05
0.846324 9.9991E-05 0.153576
0.689753 0.140656 0.169591
0.878357 0.12152 0.000123454
0.808441 0.00655006 0.185009
0.820573 0.179327 9.9991E-05
0.67915 0.311238 0.00961243
0.707913 0.0921342 0.199953
0.695219 0.168028 0.136753
0.700344 0.110591 0.189065
0.771658 0.0827237 0.145618
0.736959 0.0893657 0.173675
0.557504 0.330166 0.11233
0.73352 0.0897564 0.176723
0.741528 0.135504 0.122968
0.928184 0.0302744 0.0415415
0.816988 0.182912 9.9991E-05
0.943435 0.0111377 0.0454277
0.785362 0.128023 0.0866152
0.62765 0.144055 0.228295
0.831159 0.0823606 0.0864802
0.613034 0.180284 0.206682
0.728959 0.085321 0.18572
0.847065 0.129189 0.0237457
