9.9982E-05 9.9982E-05 0.0497661 0.0033854 0.768973 0.163343 0.0143317
0.0483266 0.0606769 0.035991 9.9991E-05 0.649765 0.153712 0.0514276
0.0504785 0.0425987 0.0344631 9.9991E-05 0.724399 0.051523 0.0964375
0.0284402 0.0118838 9.9982E-05 9.9982E-05 0.65771 0.235176 0.0665899
9.9973E-05 9.9973E-05 0.0261389 9.9973E-05 0.831468 0.102907 0.0391859
9.9982E-05 0.0290154 0.123448 9.9982E-05 0.699745 0.0783003 0.0692913
9.9982E-05 0.0748817 9.9982E-05 0.0121128 0.755271 0.103303 0.0542322
9.9973E-05 9.9973E-05 0.123525 9.9973E-05 0.677332 0.126141 0.0727021
9.9982E-05 0.0401035 0.0336774 9.9982E-05 0.66819 0.129063 0.128766
9.9973E-05 0.0121984 9.9973E-05 9.9973E-05 0.834964 0.142802 0.00973603
9.9982E-05 0.0166035 0.0243658 9.9982E-05 0.784651 0.0657091 0.108471
0.0775619 9.9982E-05 0.0287399 9.9982E-05 0.787171 0.0620465 0.044281
0.0304285 0.0729359 0.0438294 9.9991E-05 0.632608 0.159365 0.0607327
0.0549519 0.014178 0.0462018 9.9991E-05 0.72298 0.0402034 0.121385
0.0633487 9.9982E-05 0.110609 9.9982E-05 0.687324 0.0276964 0.110821
0.0340356 0.0300763 0.0589726 9.9991E-05 0.73149 0.124477 0.0208487
0.0316513 9.9982E-05 0.0705383 9.9982E-05 0.733603 0.0833364 0.0806714
0.00664254 0.035534 0.0221081 0.0563781 0.739687 0.0688904 0.0707601
9.9982E-05 0.0348115 0.0433133 9.9982E-05 0.73756 0.133325 0.0507901
9.9973E-05 9.9973E-05 0.0317953 9.9973E-05 0.757386 0.151106 0.0594132
0.0609055 0.0858011 0.0522382 0.0471446 0.554524 0.169639 0.029747
9.9973E-05 9.9973E-05 0.0447086 9.9973E-05 0.839735 0.0740397 0.0412165
0.0455192 9.9982E-05 0.0931116 9.9982E-05 0.708637 0.10064 0.0518917
0.0182744 9.9982E-05 0.0797294 9.9982E-05 0.71935 0.100721 0.0817255
0.0288432 0.0191213 9.9982E-05 9.9982E-05 0.761533 0.15463 0.0356723
0.0409677 0.0300463 0.0314697 0.123974 0.660748 0.0333225 0.079472
0.0442736 9.9982E-05 0.0197813 0.19727 0.677704 9.9982E-05 0.0607717
0.0678537 0.0944946 9.9991E-05 0.0767552 0.627716 0.108011 0.0250693
0.0685504 0.0300495 0.10817 0.021948 0.638665 0.0366901 0.0959271
0.0450742 0.0680496 9.9991E-05 0.128098 0.69046 0.0296999 0.0385185
0.100398 0.116733 9.9991E-05 0.11452 0.539476 0.0617133 0.0670593
0.111324 0.0458164 9.9991E-05 0.143538 0.654328 0.035279 0.00961431
0.0843501 0.0846159 0.0732634 0.150437 0.543108 0.0641255 9.9991E-05
0.0338037 0.0979615 0.0280368 0.12001 0.629147 0.0710269 0.0200149
0.0299271 0.0538424 0.047658 0.0106024 0.737999 0.0770312 0.04294
0.0518631 0.0121789 9.9991E-05 0.138192 0.725876 0.0251473 0.0466423
0.0766852 0.0229004 9.9982E-05 0.0722648 0.779834 9.9982E-05 0.0481159
0.0345785 9.9991E-05 0.0528201 0.17071 0.612007 0.0673755 0.0624085
0.0846527 9.9982E-05 9.9982E-05 0.116992 0.731137 0.04036 0.0266579
0.0723959 0.0588171 0.00383141 0.0906677 0.687733 0.0735465 0.0130081
0.0675851 0.137159 9.9991E-05 0.059109 0.643793 0.0683753 0.023879
0.0191522 0.0264585 9.9982E-05 0.129738 0.705652 0.1188 9.9982E-05
0.0708398 0.00557484 9.9991E-05 0.0566733 0.726582 0.0691981 0.0710319
0.0898131 0.133906 9.9982E-05 0.0218312 0.691871 9.9982E-05 0.0623792
0.0339478 0.0902232 0.0357464 0.0412926 0.763411 0.0352793 9.9991E-05
9.9982E-05 0.387675 0.111373 0.248424 0.238164 0.0141636 9.9982E-05
0.0512726 0.292085 0.0908179 0.349316 0.216308 9.9982E-05 9.9982E-05
0.0961038 0.458917 9.9982E-05 0.262491 0.175854 9.9982E-05 0.00643382
9.9982E-05 0.412752 0.109884 0.190254 0.227387 0.0595233 9.9982E-05
0.0581462 0.431857 9.9973E-05 0.272487 0.23721 9.9973E-05 9.9973E-05
9.9991E-05 0.422538 0.038293 0.276411 0.200643 0.0347841 0.0272311
0.0194167 0.531823 9.9982E-05 0.288069 0.15308 9.9982E-05 0.00741068
0.069307 0.314076 0.0710468 0.188699 0.285261 9.9991E-05 0.0715096
0.0645783 0.289029 0.131482 0.251961 0.244755 9.9991E-05 0.0180945
0.0293108 0.443042 0.0115995 0.244649 0.271198 9.9982E-05 9.9982E-05
0.0380358 0.315536 0.0584802 0.294024 0.257997 9.9991E-05 0.0358275
0.0275057 0.460735 0.115147 0.086017 0.310394 9.9982E-05 9.9982E-05
0.0698065 0.45823 0.0303129 0.21322 0.151144 0.0433462 0.0339413
0.0518489 0.402352 0.0759271 0.322587 0.117705 0.0294806 9.9991E-05
9.9973E-05 0.443943 0.0388137 0.359428 0.157516 9.9973E-05 9.9973E-05
9.9973E-05 0.532874 0.0636269 0.205935 0.197264 9.9973E-05 9.9973E-05
0.0377396 0.557643 0.0327334 0.16331 0.208374 9.9982E-05 9.9982E-05
0.00986033 0.226497 0.138052 0.310155 0.273808 0.0345864 0.00704137
0.0833968 0.311441 0.0903393 0.197956 0.316667 9.9982E-05 9.9982E-05
9.9991E-05 0.360509 0.047903 0.324675 0.250779 0.008702 0.00733173
0.027858 0.43022 9.9973E-05 0.308183 0.23344 9.9973E-05 9.9973E-05
0.0594995 0.492615 0.0454858 0.140112 0.211137 9.9991E-05 0.0510511
0.0746709 0.312443 0.070214 0.221151 0.205753 0.0576995 0.0580682
9.9991E-05 0.467841 0.0521933 0.159965 0.284622 0.0265114 0.0087681
0.0387775 0.305266 0.114162 0.140254 0.286786 0.114655 9.9991E-05
0.00760861 0.560826 0.0866467 0.152556 0.137612 0.0546498 9.9991E-05
0.0732944 0.480893 0.00300788 0.154981 0.248786 0.0389376 9.9991E-05
0.00746103 0.451332 0.0482788 0.195268 0.247373 0.0501871 9.9991E-05
0.0614423 0.371152 0.109342 0.170895 0.197042 0.08523 0.00489671
0.0286621 0.360423 0.136922 0.226881 0.246911 9.9982E-05 9.9982E-05
0.000539473 0.550603 0.0660035 0.142341 0.240313 9.9982E-05 9.9982E-05
0.0193333 0.24181 0.077478 0.384294 0.204424 0.0370174 0.0356435
9.9982E-05 0.382279 0.00136468 0.207497 0.277808 9.9982E-05 0.130851
9.9982E-05 0.522683 0.0688675 0.0804641 0.258242 9.9982E-05 0.0695443
0.0800395 0.345635 0.0481242 0.214936 0.218877 0.0922884 9.9991E-05
0.0783724 0.367282 0.0873608 0.186484 0.280301 9.9982E-05 9.9982E-05
9.9982E-05 0.336744 0.166654 0.220307 0.26717 0.00892436 9.9982E-05
0.0972521 0.103851 0.0727702 0.283719 0.381446 9.9991E-05 0.0608616
9.9982E-05 0.390845 0.191535 0.226684 0.138358 0.0523777 9.9982E-05
0.0841565 0.25841 0.0340251 0.198705 0.366302 9.9991E-05 0.0583004
0.0742244 0.507388 0.000935815 0.204806 0.212446 9.9982E-05 9.9982E-05
0.084261 0.277455 0.138242 0.147289 0.328166 9.9991E-05 0.024487
0.0459357 0.358063 0.0479718 0.299179 0.248651 9.9982E-05 9.9982E-05
0.0207619 0.367105 0.107934 0.223325 0.180628 0.0835339 0.016713
0.0210033 0.44451 0.0917727 0.149056 0.2722 0.0213587 9.9991E-05
0.0861198 9.9982E-05 0.0725042 0.14586 0.6141 0.0812165 9.9982E-05
0.03787 0.100552 0.00640809 0.165014 0.579346 0.0991942 0.0116152
0.0592569 0.0501441 0.0288372 0.128653 0.660067 0.0400546 0.0329875
0.0563142 0.0478515 0.0566594 0.13229 0.575296 0.0815298 0.0500591
0.0894769 9.9991E-05 0.0211925 0.119485 0.734794 0.0231461 0.011805
0.00909996 9.9982E-05 0.0621896 0.240758 0.583348 0.104404 9.9982E-05
0.0886612 0.0164078 0.00828705 0.149318 0.617361 0.0988821 0.0210828
0.113032 0.048705 9.9982E-05 0.172839 0.633346 9.9982E-05 0.0318784
0.0698363 0.036724 0.0411491 0.089587 0.741385 0.0212187 9.9991E-05
0.0415098 0.0338047 0.0232823 0.134665 0.731221 0.0219473 0.0135696
0.0583298 0.0412659 9.9991E-05 0.19572 0.637935 0.0291487 0.0375001
0.0580159 0.0589323 0.0122187 0.0615473 0.675283 0.0323593 0.101643
0.0699221 0.00808657 0.0495035 0.160587 0.576173 0.059023 0.0767043
0.0139928 9.9991E-05 0.0325038 0.136115 0.730108 0.0573494 0.0298317
0.0490977 0.0375936 9.9982E-05 0.327305 0.55611 0.0296939 9.9982E-05
0.0204972 0.103668 0.0336402 0.0363524 0.775505 0.0302376 9.9991E-05
0.0505143 0.0628257 0.0635243 0.159684 0.608256 0.055096 9.9991E-05
0.0509925 0.0984522 0.00410724 0.16321 0.637983 0.0223181 0.0229365
0.0619757 0.0252276 0.0289355 0.1602 0.723461 9.9982E-05 9.9982E-05
0.0962355 0.0783085 0.0675156 0.0577924 0.681497 9.9991E-05 0.0185506
0.0296009 0.145941 9.9991E-05 0.0927479 0.633336 0.0941028 0.00417142
0.0607619 0.165645 0.00040167 0.105854 0.581386 9.9991E-05 0.0858508
0.0164986 9.9991E-05 0.121517 0.0326708 0.694144 0.0838392 0.0512305
0.0261883 9.9982E-05 9.9982E-05 0.0964471 0.689668 0.138044 0.0494527
0.0195341 9.9991E-05 0.0286145 0.144575 0.594558 0.185734 0.0268838
0.0223011 9.9991E-05 0.0532195 0.108997 0.685658 0.0909553 0.0387695
9.9982E-05 9.9982E-05 0.0575186 0.0259045 0.839872 0.0455677 0.030937
9.9982E-05 0.0663633 0.0391825 0.0809847 0.745052 9.9982E-05 0.0682171
0.0168228 0.0300069 0.0353035 0.0386765 0.692918 0.153859 0.0324128
0.0110785 0.0205115 0.139324 9.9991E-05 0.764204 0.027965 0.0368179
0.00131198 0.164 0.00401589 0.0174841 0.688529 0.0566918 0.0679674
0.0522974 0.0229967 0.0572204 0.100016 0.619999 0.14457 0.00290086
9.9982E-05 9.9982E-05 0.00227566 0.0863375 0.831108 0.0461283 0.0339505
9.9973E-05 9.9973E-05 0.0601439 0.0708075 0.786522 0.0822271 9.9973E-05
0.0301927 0.0253065 9.9982E-05 0.15041 0.669265 0.124626 9.9982E-05
0.0732867 0.0224103 0.0533628 0.0697712 0.680408 0.0550619 0.0456991
9.9991E-05 0.0830764 0.0382214 0.0785571 0.665214 0.0631384 0.0716932
9.9991E-05 0.0917948 0.0398069 0.0869001 0.583875 0.0674685 0.130055
0.0357016 0.0340599 0.00157031 0.122581 0.730376 0.0756116 9.9991E-05
0.0110773 9.9982E-05 0.00938854 0.131066 0.763028 0.0852408 9.9982E-05
0.0630936 9.9991E-05 0.000337963 0.134794 0.626494 0.168067 0.00711316
0.0739037 0.0702275 9.9991E-05 0.128078 0.590696 0.0251227 0.111872
0.082964 9.9991E-05 0.0480589 0.0266925 0.669497 0.138113 0.034574
0.0591496 0.0939389 0.0742309 0.0644577 0.529326 0.0680216 0.110876
0.0494795 0.0274769 0.0383161 0.0812165 0.561212 0.140185 0.102115
0.056958 0.22771 9.9991E-05 0.220248 0.448025 0.0355022 0.0114564
0.0991761 0.148275 0.0414934 0.223448 0.467357 9.9991E-05 0.0201502
0.015426 0.148183 0.0664087 0.310762 0.439388 0.0197327 9.9991E-05
0.101279 0.0841382 0.0419212 0.328157 0.370801 0.031666 0.0420367
0.0651606 0.121405 9.9982E-05 0.292673 0.412075 9.9982E-05 0.108486
0.0460993 0.0751061 0.0222574 0.270352 0.442847 0.0528358 0.0905029
0.132537 0.0751664 9.9991E-05 0.287413 0.3974 0.000730766 0.106653
0.0508675 0.0407074 0.0635424 0.279623 0.477411 9.9991E-05 0.0877486
0.0584927 0.0070443 0.00610158 0.390266 0.504293 0.00691547 0.0268868
0.121354 0.22833 0.0193057 0.140417 0.431026 0.0477935 0.0117738
0.0470114 0.12434 0.0688202 0.287019 0.405264 0.0674449 9.9991E-05
0.055425 0.106454 9.9982E-05 0.360134 0.416037 0.0617504 9.9982E-05
0.0682071 0.169773 0.0207727 0.257842 0.431326 0.00496367 0.0471151
0.0491038 0.0757991 0.0957354 0.231234 0.415691 0.0398851 0.0925519
0.0711659 0.0981541 0.0405281 0.274281 0.480432 9.9991E-05 0.0353389
0.0510946 0.0848262 9.9991E-05 0.377467 0.421481 0.0392238 0.0258072
0.028923 0.0810119 0.0631275 0.22301 0.524671 9.9991E-05 0.0791567
0.0813904 0.0925646 0.0603277 0.209604 0.458146 0.0851304 0.0128364
0.145531 0.0748187 9.9991E-05 0.388438 0.306822 0.0274181 0.0568725
0.100991 0.113691 0.0290427 0.31971 0.343141 9.9991E-05 0.0933242
0.146882 0.0767997 0.0974718 0.20557 0.472249 9.9991E-05 0.000928958
0.0656008 0.193163 0.0186998 0.287 0.435302 9.9991E-05 0.000134203
0.0717682 0.144091 0.106474 0.257794 0.411024 0.00874875 9.9991E-05
0.064771 0.164606 9.9973E-05 0.262522 0.507801 9.9973E-05 9.9973E-05
0.0613397 0.107464 9.9982E-05 0.336079 0.413386 9.9982E-05 0.0815311
0.0396007 0.138434 0.0294998 0.336335 0.411183 9.9991E-05 0.0448472
0.0657911 0.128738 0.0568647 0.254955 0.460064 9.9991E-05 0.0334878
0.0553601 0.0473977 0.00158753 0.308232 0.429932 0.140219 0.0172715
0.106097 0.0930136 0.0242432 0.362682 0.320375 0.0407414 0.0528476
0.143687 0.183103 9.9982E-05 0.255353 0.378632 0.0390245 9.9982E-05
0.0739335 0.178596 9.9982E-05 0.22494 0.486855 9.9982E-05 0.0354751
0.133087 0.133273 0.0305034 0.274348 0.364242 0.00639844 0.0581474
0.119064 0.178682 9.9991E-05 0.200972 0.447323 0.0405439 0.0133149
0.0549076 0.102882 9.9991E-05 0.267953 0.498951 0.0705614 0.00464604
0.106147 0.103218 0.0569684 0.272517 0.410377 9.9991E-05 0.0506721
0.0619744 0.18548 9.9982E-05 0.261891 0.486386 9.9982E-05 0.00406896
0.128263 0.0855445 0.00766059 0.331299 0.379428 0.0260488 0.0417558
0.119042 0.0292819 0.0257722 0.378819 0.369232 9.9991E-05 0.0777543
0.0814127 9.9991E-05 0.0825983 0.339519 0.467952 0.0216506 0.00676693
0.0612054 0.0622389 0.0657645 0.260946 0.48432 9.9991E-05 0.0654245
0.0772661 0.102257 0.0681893 0.247972 0.385684 0.118531 9.9991E-05
0.112679 0.259476 0.021728 0.174089 0.423468 9.9991E-05 0.00846097
0.102502 0.18335 0.00192658 0.297861 0.3286 0.0127146 0.0730468
0.110699 0.101995 0.0117915 0.294865 0.384948 0.0212959 0.0744055
0.0499412 0.172331 0.0183617 0.245045 0.493356 0.020865 9.9991E-05
0.13379 0.102571 0.0373863 0.203877 0.460962 9.9991E-05 0.0613135
0.0382494 0.226307 0.00114508 0.278953 0.398585 0.0223137 0.0344478
9.9973E-05 0.157451 0.73941 0.073217 0.0296213 9.9973E-05 9.9973E-05
0.0629461 0.168874 0.702651 0.0281584 9.9982E-05 0.0371711 9.9982E-05
0.024677 0.0188486 0.926242 9.9982E-05 9.9982E-05 0.0183979 0.011635
0.0231016 0.116586 0.859912 9.9964E-05 9.9964E-05 9.9964E-05 9.9964E-05
0.0341449 0.11892 0.801927 9.9973E-05 9.9973E-05 9.9973E-05 0.0447074
0.0252037 0.121389 0.784488 0.0406928 9.9982E-05 0.0280267 9.9982E-05
0.0494291 0.115279 0.640218 0.13349 0.00803138 9.9991E-05 0.0534524
0.0168023 0.137519 0.775472 0.0593803 9.9982E-05 9.9982E-05 0.010626
0.0488956 0.127634 0.823071 9.9964E-05 9.9964E-05 9.9964E-05 9.9964E-05
9.9973E-05 9.9973E-05 0.892659 0.0628028 9.9973E-05 0.0396404 0.00459794
0.0162761 0.051018 0.783967 0.0589299 0.0330206 0.0370366 0.0197523
0.026409 9.9982E-05 0.77674 0.0467776 0.0552096 0.0946639 9.9982E-05
9.9973E-05 0.118356 0.805152 9.9973E-05 9.9973E-05 0.061116 0.015076
0.00756081 0.0621772 0.89992 9.9991E-05 0.000400101 0.0169334 0.0129089
0.0560104 0.254571 0.674368 0.0147508 9.9973E-05 9.9973E-05 9.9973E-05
9.9964E-05 0.0642867 0.913694 0.0216195 9.9964E-05 9.9964E-05 9.9964E-05
9.9982E-05 0.147185 0.816812 9.9982E-05 0.00454268 0.00368187 0.0275788
0.0365738 0.147706 0.796288 9.9973E-05 9.9973E-05 9.9973E-05 0.0191315
0.00679582 0.0460167 0.894502 0.0158475 9.9982E-05 9.9982E-05 0.036638
0.0565639 0.100713 0.711814 0.0991634 0.0304778 9.9991E-05 0.00116802
9.9982E-05 0.276502 0.684512 0.00435751 0.0339288 9.9982E-05 0.000499778
0.0257329 0.065749 0.85754 0.00385287 0.0125781 9.9991E-05 0.0344475
0.000398729 0.13319 0.8204 0.0242486 9.9982E-05 9.9982E-05 0.0215635
0.0026479 0.155737 0.726948 0.071409 0.0430574 9.9982E-05 9.9982E-05
0.0229577 0.214872 0.697843 0.0126727 0.00864252 9.9991E-05 0.0429118
9.9991E-05 0.0791107 0.758895 0.0377442 0.0673412 0.0332374 0.023572
9.9973E-05 9.9973E-05 0.893245 0.0388128 9.9973E-05 0.0655104 0.00213214
0.0296918 0.00985546 0.902551 0.0027919 0.010426 9.9991E-05 0.0445836
9.9955E-05 9.9955E-05 0.95608 9.9955E-05 9.9955E-05 0.0434198 9.9955E-05
0.0446865 0.0198834 0.810631 0.0410697 0.00510752 9.9991E-05 0.0785215
0.0335269 0.0509803 0.725451 0.0719641 9.9982E-05 0.117878 9.9982E-05
0.0157558 0.107337 0.760068 0.00623428 0.00917558 0.0906147 0.0108144
9.9973E-05 0.00512 0.836616 9.9973E-05 0.0797987 0.0781649 9.9973E-05
0.0221102 0.0771512 0.819072 9.9982E-05 0.0333953 9.9982E-05 0.0480711
0.00288439 0.0466799 0.897073 0.0427478 0.00482011 0.00569505 9.9991E-05
0.0413904 0.0754234 0.690366 0.0263755 0.132058 0.0342871 9.9991E-05
9.9973E-05 0.151148 0.824384 9.9973E-05 9.9973E-05 0.0191145 0.00505357
9.9973E-05 0.0266072 0.923113 0.0265104 9.9973E-05 0.0234694 9.9973E-05
0.0355115 0.124427 0.567596 0.0437981 0.139148 0.0870213 0.00249797
9.9982E-05 0.128834 0.771633 9.9982E-05 0.0725616 0.00550308 0.0212675
0.0184874 0.124369 0.846559 9.9973E-05 9.9973E-05 0.0102846 9.9973E-05
0.0101548 0.103881 0.641195 0.0931011 0.00696564 0.144602 9.9991E-05
9.9955E-05 9.9955E-05 0.983034 9.9955E-05 9.9955E-05 0.0164666 9.9955E-05
0.0730106 9.9991E-05 0.768414 0.0326824 0.0385371 0.0865934 0.000662961
9.9991E-05 0.0339715 0.839329 0.00820524 0.0975769 0.00423846 0.016579
0.0410377 0.101408 0.815072 0.0421817 9.9973E-05 9.9973E-05 9.9973E-05
0.017033 0.0113197 0.953314 0.0180335 9.9973E-05 9.9973E-05 9.9973E-05
9.9973E-05 0.896786 0.0294545 0.0178004 9.9973E-05 0.0556594 9.9973E-05
9.9964E-05 0.940858 0.032528 9.9964E-05 9.9964E-05 9.9964E-05 0.0262141
9.9955E-05 0.9588 9.9955E-05 9.9955E-05 9.9955E-05 9.9955E-05 0.0407007
0.0520598 0.740744 9.9991E-05 0.112809 0.00115071 0.0419443 0.0511925
9.9973E-05 0.875154 0.0903069 9.9973E-05 9.9973E-05 0.019699 0.0145403
9.9991E-05 0.699168 0.0662215 0.107005 0.0347257 0.0167085 0.0760719
0.00945324 0.973092 9.99639E-05 9.99639E-05 9.99639E-05 9.99639E-05 0.0170552
0.0172497 0.744319 0.108123 9.9982E-05 0.0195681 0.11054 9.9982E-05
9.9991E-05 0.58588 0.21435 0.0766358 0.0397728 0.038529 0.0447326
0.010837 0.603414 0.171055 0.00598593 0.0494779 0.0610617 0.0981682
0.0101361 0.67309 0.111026 0.117215 0.0274362 0.0609962 9.9991E-05
9.9973E-05 0.676048 0.150864 9.9973E-05 9.9973E-05 0.0644512 0.108337
9.9982E-05 0.620609 0.146104 0.154405 9.9982E-05 0.063043 0.0156386
9.9973E-05 0.823425 0.0669571 0.0151198 9.9973E-05 9.9973E-05 0.0941983
0.0814289 0.511965 0.166735 9.9991E-05 0.0173668 0.174837 0.0475675
0.0762346 0.641958 0.0569935 0.0923642 0.0206325 0.0390369 0.0727802
9.9982E-05 0.536314 0.134835 0.188227 9.9982E-05 0.0509204 0.0895035
0.0293894 0.710923 0.0137976 0.0381146 0.0373171 0.0142296 0.156229
9.9991E-05 0.692922 0.0699106 0.129455 0.0299827 0.0743427 0.00328721
9.9964E-05 0.946469 9.9964E-05 0.000937863 9.9964E-05 9.9964E-05 0.052193
0.0103754 0.572082 0.141166 0.123428 0.0473751 0.105473 9.9991E-05
9.9982E-05 0.614249 0.100915 0.127468 0.0212448 0.135924 9.9982E-05
9.9973E-05 0.785237 0.118716 0.012558 9.9973E-05 9.9973E-05 0.0831887
9.9991E-05 0.492205 0.162187 0.119352 0.117023 0.0510571 0.0580751
0.000388191 0.725955 0.146937 0.0460388 9.9982E-05 9.9982E-05 0.0804809
0.0296484 0.820102 0.0715515 9.9991E-05 0.00968944 0.0659415 0.00296689
0.0509393 0.696274 0.168054 0.0221918 9.9982E-05 9.9982E-05 0.0623406
0.00541533 0.594874 0.19644 9.9991E-05 0.0210058 0.102888 0.0792769
0.0060493 0.69173 0.157748 9.9982E-05 9.9982E-05 0.119379 0.0248933
0.00920278 0.644623 0.210931 0.00663558 0.0454873 0.0196428 0.0634784
0.0469753 0.444873 0.074918 0.266162 0.0566794 0.109787 0.000605487
0.00622634 0.625781 0.195148 0.00212109 0.0215196 0.149104 9.9991E-05
9.9991E-05 0.415452 0.218003 0.0798136 0.12227 0.0870993 0.0772621
0.0305588 0.525331 0.26416 9.9982E-05 0.0572542 0.122496 9.9982E-05
0.0393688 0.58379 0.219848 9.9982E-05 9.9982E-05 0.122512 0.0342809
9.9973E-05 0.715649 0.139013 0.0278347 9.9973E-05 0.117203 9.9973E-05
0.0465771 0.520869 0.118905 0.0264478 0.105347 0.0947535 0.0871013
0.0690315 0.684725 0.0501225 9.9991E-05 0.0314124 0.09741 0.0671986
0.0302157 0.688301 0.168498 9.9982E-05 9.9982E-05 0.076821 0.0359645
0.0590082 0.418576 0.163767 0.121659 0.126605 0.0260392 0.0843459
0.00778523 0.603786 0.293866 9.9982E-05 9.9982E-05 0.0206839 0.0736796
0.00415608 0.520364 0.281943 0.0849642 9.9991E-05 0.100511 0.00796126
0.0536143 0.514092 0.17163 9.9991E-05 0.0730189 0.158358 0.0291869
0.00469951 0.466066 0.195341 0.0956411 0.0803463 0.147569 0.0103375
9.9991E-05 0.539602 0.220093 0.164396 0.00573471 0.0108331 0.0592411
0.0393044 0.556768 0.110574 0.0130664 0.110801 0.0689441 0.100542
0.0404011 0.594465 0.24093 9.9991E-05 0.0225238 0.0931821 0.00839782
9.9982E-05 0.695232 0.104115 0.033774 9.9982E-05 0.1171 0.0495787
0.0171586 0.802643 0.0505128 9.9982E-05 9.9982E-05 0.0749413 0.054544
0.0312199 0.502898 0.256712 9.9991E-05 0.0888636 0.0550323 0.0651745
0.0434189 0.0837085 9.9982E-05 9.9982E-05 0.0233763 0.0515267 0.79777
9.9982E-05 0.0302365 0.0540098 9.9982E-05 0.0412876 0.0723077 0.801958
0.0284119 0.050993 0.0027129 0.0520491 0.13656 0.114587 0.614686
0.00485716 0.0238208 0.0195572 0.0731573 9.9991E-05 0.12419 0.754318
9.9982E-05 0.0770239 9.9982E-05 0.0216035 0.0719549 0.201222 0.627996
0.00340565 0.0303712 0.0227488 0.0237436 0.0265879 0.0881119 0.805031
9.9982E-05 0.0101533 9.9982E-05 0.0437479 0.0487261 0.0441899 0.852983
0.0319818 0.0147734 0.0251049 9.9991E-05 0.0137458 0.00352091 0.910773
9.9982E-05 0.0291794 0.02646 0.0101245 0.086845 9.9982E-05 0.847191
0.0107736 9.9973E-05 9.9973E-05 0.0459855 9.9973E-05 0.0451339 0.897807
0.0220523 0.0497838 9.9991E-05 0.038921 0.0503223 0.0996373 0.739183
0.0550714 0.0605435 9.9973E-05 9.9973E-05 9.9973E-05 0.222608 0.661477
9.9973E-05 9.9973E-05 0.00252866 0.013764 9.9973E-05 0.00302965 0.980378
0.0220786 0.0256769 0.0110319 9.9982E-05 9.9982E-05 0.118942 0.822071
0.027454 0.0443083 0.0243691 0.0176414 9.9982E-05 9.9982E-05 0.886027
0.0443611 9.9973E-05 0.0295112 9.9973E-05 9.9973E-05 0.0704245 0.855403
9.9973E-05 9.9973E-05 0.0374404 0.0132645 9.9973E-05 0.0167888 0.932206
0.0523611 9.9982E-05 0.00103374 9.9982E-05 0.066123 0.202248 0.678034
9.9973E-05 0.0282345 9.9973E-05 9.9973E-05 0.0331357 0.0891789 0.849151
0.0016136 0.0249738 0.0276999 9.9991E-05 0.155907 0.0460545 0.743651
0.0445494 0.0545993 9.9982E-05 0.0263685 9.9982E-05 0.0078372 0.866446
9.9982E-05 0.0393906 0.023855 9.9982E-05 0.0657398 0.0513549 0.81946
9.9973E-05 0.07208 9.9973E-05 9.9973E-05 0.055935 0.0408559 0.830829
9.9973E-05 9.9973E-05 0.0177554 0.0337679 9.9973E-05 0.057626 0.890551
0.0164855 0.0826236 0.0342587 0.0235229 0.0580272 0.0974889 0.687593
9.9991E-05 0.0207626 0.00617851 0.0666899 0.0484598 0.0393036 0.818506
0.0441728 0.00253088 0.0178314 0.0128769 0.110526 0.0518944 0.760167
0.00737529 0.00656945 9.9991E-05 0.132626 0.0164056 0.0757894 0.761134
0.107718 9.9982E-05 0.0289022 9.9982E-05 0.122938 0.0951518 0.64509
0.0450993 9.9982E-05 9.9982E-05 0.0194323 0.0274978 0.106489 0.801281
0.000920211 0.0157019 9.9991E-05 0.034063 0.0796117 0.201574 0.668029
9.9973E-05 9.9973E-05 0.0325262 0.067169 9.9973E-05 0.048666 0.851339
0.0168486 0.0169973 9.9991E-05 0.000337074 0.0144253 0.199375 0.751917
0.031853 9.9982E-05 9.9982E-05 0.0165376 0.0118064 0.00847425 0.931129
0.0283271 9.9991E-05 0.0465332 0.080499 0.0780857 0.0669775 0.699478
0.035613 0.0318573 0.0315814 9.9991E-05 0.0298638 0.0697795 0.801205
9.9982E-05 9.9982E-05 0.0200541 0.0250271 0.0473577 0.0639285 0.843433
0.00793839 0.0254842 9.9982E-05 9.9982E-05 0.00633549 0.0234225 0.936619
0.00117496 9.9973E-05 9.9973E-05 0.0484283 0.0178515 9.9973E-05 0.932245
0.0672242 9.9982E-05 0.0227961 9.9982E-05 0.0263562 0.0477827 0.835641
9.9982E-05 0.0161084 0.0184828 0.00487194 0.00376154 9.9982E-05 0.956575
9.9964E-05 9.9964E-05 9.9964E-05 0.0509082 9.9964E-05 0.201998 0.746694
0.0413498 0.0164723 0.00710842 9.9982E-05 9.9982E-05 0.0976614 0.837208
0.0350772 0.0487363 0.0132064 0.0377766 0.0354046 0.0265404 0.803259
0.0131255 9.9982E-05 9.9982E-05 0.0408319 0.0219539 0.132792 0.791097
9.9973E-05 9.9973E-05 0.0133972 9.9973E-05 0.0750951 0.165847 0.745361
0.0559796 9.9973E-05 9.9973E-05 9.9973E-05 0.0148937 0.253677 0.67515
0.0199277 9.9982E-05 0.0481571 9.9982E-05 0.024984 0.056419 0.850312
0.0284979 9.9982E-05 0.00506292 9.9982E-05 0.00973727 0.110578 0.845924
0.0539691 0.0255188 0.021738 9.9991E-05 0.013385 0.0345597 0.850729
9.9964E-05 0.0426075 0.0455314 0.911461 9.9964E-05 9.9964E-05 9.9964E-05
0.017168 0.191738 0.00452019 0.699406 0.0548523 9.9991E-05 0.0322151
9.9982E-05 0.00221588 0.114764 0.838823 9.9982E-05 0.0102701 0.0337274
0.0614539 0.0693659 0.0871019 0.536358 0.220967 0.0246529 9.9991E-05
0.0111799 0.0712445 0.0924244 0.699754 0.0982567 9.9991E-05 0.02704
0.011753 0.0217505 0.0113978 0.790515 0.164383 9.9982E-05 9.9982E-05
0.00664154 0.0378635 9.9982E-05 0.854227 0.000913026 0.100155 9.9982E-05
9.9991E-05 0.0304909 0.0242226 0.826554 0.0820032 0.0293776 0.00725173
0.00406451 0.0511449 9.9991E-05 0.784138 0.0639117 0.0695913 0.0270501
0.0716132 9.9991E-05 0.0390354 0.816908 0.0476819 0.00176382 0.0228973
0.0455857 0.161356 0.0623682 0.508033 0.133515 0.0890412 9.9991E-05
0.0105783 0.0449512 0.0791078 0.64089 0.0900735 0.103678 0.0307212
0.064642 9.9982E-05 0.0694835 0.809228 0.0162505 9.9982E-05 0.0401957
0.0471795 0.0469729 0.151543 0.709597 9.9982E-05 0.0445072 9.9982E-05
9.9991E-05 0.0955966 0.0441593 0.763844 0.0293286 0.0520797 0.0148921
0.0189451 0.00529494 0.0877291 0.777232 9.9991E-05 0.0849468 0.0257519
0.114948 0.0477144 0.0900222 0.582251 0.0187074 0.0983124 0.0480443
0.0132304 0.049907 0.0845329 0.791852 0.0602782 9.9982E-05 9.9982E-05
9.9991E-05 0.0418596 0.0836892 0.798715 0.0501427 0.0135796 0.0119143
0.000236938 0.13407 0.0501944 0.71242 0.0154494 0.0875297 9.9991E-05
0.0288946 0.134798 0.0838765 0.73048 9.9982E-05 9.9982E-05 0.0217507
9.9973E-05 0.0949817 0.0117809 0.821394 0.0715431 9.9973E-05 9.9973E-05
9.9973E-05 9.9973E-05 0.0857251 0.816333 9.9973E-05 0.0940513 0.00359105
0.00276823 9.9982E-05 0.0916432 0.873064 9.9982E-05 0.0125478 0.0197763
9.9982E-05 9.9982E-05 0.0427106 0.832719 0.0621594 0.0385857 0.0236253
0.0164903 0.0463258 0.116576 0.678387 0.129991 9.9991E-05 0.0121289
9.9982E-05 9.9982E-05 0.0371667 0.8298 0.0151714 0.0920212 0.025641
9.9982E-05 9.9982E-05 0.0871422 0.759752 0.0561572 0.0824324 0.0143159
9.9991E-05 0.0754893 0.118853 0.707465 0.085302 0.00337608 0.00941456
0.013842 0.0539419 0.077301 0.739751 0.0660542 9.9991E-05 0.0490099
0.0058347 9.9982E-05 0.114767 0.744177 0.0466736 0.0883478 9.9982E-05
9.9982E-05 0.0279486 0.0113131 0.934816 9.9982E-05 0.00543902 0.0202836
9.9982E-05 0.0988722 0.0453385 0.758469 9.9982E-05 0.0267324 0.0703878
0.0145009 0.0335747 0.0265742 0.815517 9.9982E-05 0.109634 9.9982E-05
9.9982E-05 9.9982E-05 0.110088 0.666293 0.149946 0.0424618 0.0310106
0.0106595 0.0888682 0.040269 0.770665 0.0688426 0.0205958 9.9991E-05
0.032234 0.051078 0.0385278 0.853129 0.0207851 9.9991E-05 0.00414606
9.9973E-05 0.0152652 0.0815797 0.871525 9.9973E-05 0.0313301 9.9973E-05
0.048396 0.0295528 0.110335 0.755603 0.00106869 0.0527201 0.0023248
0.0868094 0.177645 0.0130427 0.676885 9.9991E-05 0.0389516 0.00656629
0.0842138 9.9973E-05 0.0928112 0.747955 9.9973E-05 9.9973E-05 0.0747202
9.9982E-05 9.9982E-05 0.0909487 0.783183 0.0681491 0.0573441 0.000174999
9.9991E-05 0.127818 0.0598952 0.72005 0.0702394 0.0133536 0.00854338
9.9982E-05 9.9982E-05 0.0293969 0.860791 0.0529566 0.0483652 0.00829026
0.0082893 0.0708205 0.119687 0.586169 0.139764 9.9991E-05 0.0751712
0.0107847 0.169105 0.0975976 0.704555 9.9982E-05 9.9982E-05 0.0177574
0.038811 0.0511691 9.9982E-05 9.9982E-05 0.0598414 0.716281 0.133697
0.0320498 0.151887 9.9991E-05 0.0736394 0.0726545 0.614862 0.0548066
0.0401833 0.0880948 9.9973E-05 9.9973E-05 9.9973E-05 0.836381 0.0350406
0.0318284 9.9982E-05 0.0173599 0.0243806 9.9982E-05 0.880107 0.0461246
0.00526168 0.0674029 9.9991E-05 0.0102334 0.0300492 0.801955 0.0849975
9.9973E-05 0.0365271 9.9973E-05 0.0494317 9.9973E-05 0.899597 0.0141442
0.00225731 0.095599 0.012275 0.0394683 9.9991E-05 0.735249 0.115051
0.0380297 0.0252452 0.00387451 0.0356028 9.9991E-05 0.844347 0.0528009
0.0223755 0.0606501 0.0123412 0.00497117 9.9991E-05 0.735419 0.164143
9.9982E-05 9.9982E-05 0.0485652 0.145929 0.0418347 0.667556 0.0959154
9.9991E-05 0.0753398 0.0435817 0.0316354 0.0584912 0.647781 0.143071
9.9982E-05 0.0667944 0.0483029 9.9982E-05 0.00051074 0.796842 0.0873501
0.00990983 0.0114367 9.9991E-05 0.0257024 0.0226222 0.909188 0.0210406
0.0402973 9.9964E-05 9.9964E-05 0.0339518 9.9964E-05 0.925351 9.9964E-05
0.0305968 0.101644 9.9991E-05 0.00985716 0.090604 0.755395 0.011803
0.0294435 0.114851 9.9991E-05 0.103903 0.0243694 0.636798 0.0905357
0.0456387 0.115983 0.043316 0.111642 0.13926 0.482917 0.0612431
0.00589507 0.0664749 9.9991E-05 0.0272877 0.0570888 0.772962 0.0701912
9.9991E-05 0.0103617 0.0594881 0.0152699 0.0647943 0.801719 0.0482668
0.017713 9.9982E-05 0.0591151 9.9982E-05 0.0162796 0.799108 0.107584
0.0276619 0.00277425 0.0560107 0.00935332 0.0261437 0.742684 0.135373
0.0199594 0.0709138 0.0308959 0.0248282 0.0401393 0.657242 0.156022
9.9973E-05 0.0955287 9.9973E-05 9.9973E-05 0.0564766 0.742434 0.105261
9.9982E-05 0.029879 0.0100297 0.0323454 9.9982E-05 0.884263 0.0432828
0.0156085 0.0309236 0.0220523 9.9973E-05 9.9973E-05 0.931116 9.9973E-05
0.017517 9.9973E-05 0.0574495 0.0034096 9.9973E-05 0.921324 9.9973E-05
0.0142428 9.9982E-05 0.0420087 9.9982E-05 0.0509228 0.885693 0.00693325
0.0293666 0.00121397 0.0346475 0.0055656 0.143414 0.763281 0.0225118
0.0345686 0.0113224 9.9991E-05 0.0239753 0.00783174 0.905527 0.0166755
0.026839 0.00462087 0.0540019 9.9991E-05 0.00516678 0.803754 0.105518
9.9973E-05 0.000769292 0.0855134 0.0274126 9.9973E-05 0.886005 9.9973E-05
9.9973E-05 0.0197751 0.0132321 0.0331231 9.9973E-05 0.93357 9.9973E-05
0.00918169 9.9973E-05 9.9973E-05 9.9973E-05 0.0324478 0.950676 0.0073947
0.0116767 9.9991E-05 0.0555325 0.0379381 0.0711151 0.811095 0.012543
0.0113215 0.0216356 0.0493715 0.0145615 9.9991E-05 0.869773 0.0332366
0.0141271 9.9982E-05 0.0335416 0.0574712 0.0771473 0.817513 9.9982E-05
0.0200871 0.0275922 9.9982E-05 9.9982E-05 0.00525436 0.891421 0.0554456
9.9973E-05 0.0252861 9.9973E-05 0.0257197 9.9973E-05 0.942104 0.00659008
9.9982E-05 0.00359412 0.00209946 0.0273952 9.9982E-05 0.882747 0.0839644
9.9964E-05 9.9964E-05 0.0300673 9.9964E-05 9.9964E-05 0.861825 0.107708
9.9964E-05 0.0274307 0.0176393 9.9964E-05 9.9964E-05 0.95453 9.9964E-05
9.9964E-05 9.9964E-05 0.0212347 9.9964E-05 9.9964E-05 0.893732 0.0846335
0.00313889 9.9982E-05 0.0696252 9.9982E-05 0.00987564 0.913289 0.00387137
9.9964E-05 9.9964E-05 9.9964E-05 0.00346032 9.9964E-05 0.964452 0.0316882
9.9982E-05 0.0388215 0.0266859 9.9982E-05 0.0709477 0.767226 0.0961188
0.834885 0.00240027 0.0829291 0.00938682 0.0470239 9.9991E-05 0.0232749
0.89673 9.9955E-05 0.10277 9.9955E-05 9.9955E-05 9.9955E-05 9.9955E-05
0.811377 9.9982E-05 0.00627759 0.0641243 0.0628902 9.9982E-05 0.0551309
0.831473 0.0946614 0.069089 9.9973E-05 0.00447712 9.9973E-05 9.9973E-05
0.920129 0.00653709 0.0331394 0.0300732 9.9982E-05 0.00992177 9.9982E-05
0.932071 9.9973E-05 0.0231102 9.9973E-05 0.03639 0.00812864 9.9973E-05
0.902506 0.0734231 9.9973E-05 0.0181419 0.0056296 9.9973E-05 9.9973E-05
0.604559 0.0545519 0.0300272 0.0888201 0.208875 9.9991E-05 0.0130667
0.859446 0.00726592 0.0120192 9.9982E-05 0.0686207 0.0524481 9.9982E-05
0.960397 9.9964E-05 9.9964E-05 0.00945332 9.9964E-05 9.9964E-05 0.0297496
0.741898 9.9991E-05 0.0747318 0.0943504 0.0396242 0.0304415 0.0188537
0.699165 0.0323905 0.0220783 0.0399549 0.144551 0.0239054 0.0379543
0.914362 9.9982E-05 0.0115392 9.9982E-05 0.0286595 0.0430886 0.00215041
0.919936 9.9964E-05 9.9964E-05 0.0527147 9.9964E-05 0.0269498 9.9964E-05
0.86803 0.0543874 9.9982E-05 0.0142954 0.0415728 9.9982E-05 0.0215146
0.955984 9.9955E-05 0.0435165 9.9955E-05 9.9955E-05 9.9955E-05 9.9955E-05
0.800626 0.0238672 0.0082289 9.9982E-05 0.120122 9.9982E-05 0.0469559
0.932686 0.0277137 0.00447018 9.9982E-05 9.9982E-05 0.0327237 0.0022066
0.797185 0.0222401 9.9991E-05 0.0753256 0.055214 0.0225375 0.0273979
0.9994 9.995E-05 9.995E-05 9.995E-05 9.995E-05 9.995E-05 9.995E-05
0.943486 9.9964E-05 0.033451 9.9964E-05 0.0226629 9.9964E-05 9.9964E-05
0.822555 0.0678828 9.9973E-05 0.027694 0.0815684 9.9973E-05 9.9973E-05
0.769627 9.9982E-05 0.0287384 0.0795849 0.11281 0.00903932 9.9982E-05
0.980487 9.9955E-05 9.9955E-05 0.0190136 9.9955E-05 9.9955E-05 9.9955E-05
0.754945 0.0496909 0.0382786 0.0433899 0.0554875 0.0144915 0.0437167
0.854823 9.9982E-05 0.0104671 0.0271564 0.0991416 0.00821203 9.9982E-05
0.875115 9.9973E-05 9.9973E-05 0.0834494 0.0315074 0.00962828 9.9973E-05
0.719665 0.027323 9.9991E-05 0.0227172 0.116776 0.067928 0.0454908
0.949398 9.9982E-05 0.00280859 0.00507597 0.00367917 0.0388385 9.9982E-05
0.870689 9.9991E-05 0.00924041 0.0273402 0.0544447 0.00308874 0.0350973
0.887017 0.00290626 9.9982E-05 0.0573877 9.9982E-05 0.0282138 0.0242748
0.919065 9.9973E-05 0.00200702 0.0160444 9.9973E-05 9.9973E-05 0.0625835
0.960074 0.0124639 9.9964E-05 9.9964E-05 9.9964E-05 9.9964E-05 0.0270622
0.930609 9.9964E-05 9.9964E-05 0.0371029 9.9964E-05 0.0318887 9.9964E-05
0.931464 9.9964E-05 0.0428773 9.9964E-05 9.9964E-05 0.0252589 9.9964E-05
0.837579 0.00813887 9.9973E-05 0.113253 0.0407299 9.9973E-05 9.9973E-05
0.857735 0.0227578 9.9973E-05 0.087943 0.0312641 9.9973E-05 9.9973E-05
0.935839 0.020034 0.0126349 9.9982E-05 9.9982E-05 0.0169445 0.014348
0.96588 9.9964E-05 9.9964E-05 9.9964E-05 9.9964E-05 0.00142588 0.0322947
0.895397 9.9973E-05 0.0141186 9.9973E-05 0.0110065 9.9973E-05 0.0791785
0.848067 0.0123747 0.0154546 0.0312396 0.0746929 0.0180714 9.9991E-05
0.64008 0.0387185 0.0484928 0.0799114 0.13244 0.0165465 0.043811
0.742123 0.12544 9.9982E-05 0.00979826 0.112295 9.9982E-05 0.0101441
0.945127 0.0322346 9.9973E-05 0.00595533 9.9973E-05 0.0163831 9.9973E-05
0.943589 0.0478696 9.9973E-05 0.00170404 0.00653787 9.9973E-05 9.9973E-05
0.90511 0.0226083 0.0392316 0.0327497 9.9973E-05 9.9973E-05 9.9973E-05
0.997688 9.9955E-05 9.9955E-05 9.9955E-05 9.9955E-05 9.9955E-05 0.00181203
0.857342 0.0372893 9.9982E-05 0.0163616 9.9982E-05 0.0557944 0.033013
0.219197 0.0219324 9.9982E-05 0.288379 0.415326 9.9982E-05 0.0549654
0.284119 9.9982E-05 9.9982E-05 0.288936 0.36149 0.0398283 0.0254264
0.30204 9.9973E-05 9.9973E-05 0.258442 0.401867 0.0373518 9.9973E-05
0.244156 0.0273382 0.0173287 0.197166 0.486849 9.9991E-05 0.0270618
0.190116 9.9973E-05 9.9973E-05 0.251172 0.517612 0.0407996 9.9973E-05
0.257871 0.0638635 0.00862637 0.201178 0.406731 0.0333089 0.0284211
0.263867 9.9973E-05 9.9973E-05 0.30819 0.352954 9.9973E-05 0.0746885
0.275987 0.00259492 0.0215024 0.286115 0.324488 0.0178869 0.071426
0.255751 0.0404517 9.9991E-05 0.220082 0.403691 0.0441024 0.0358224
0.181319 0.0885904 9.9991E-05 0.286631 0.378298 0.0635382 0.00152268
0.295253 0.0917502 0.019576 0.271981 0.265946 0.0522516 0.00324126
0.236957 0.0578641 9.9973E-05 0.308394 0.396485 9.9973E-05 9.9973E-05
0.245129 0.01734 9.9982E-05 0.284835 0.412415 0.0400811 9.9982E-05
0.220464 0.0560147 0.0470913 0.193529 0.415871 9.9991E-05 0.0669296
0.228771 0.03946 9.9982E-05 0.252642 0.427623 9.9982E-05 0.0513031
0.171626 0.0663464 9.9991E-05 0.186914 0.511102 0.00344434 0.0604674
0.219338 0.0801809 9.9982E-05 0.178768 0.474848 0.0466653 9.9982E-05
0.232956 0.0263129 0.0435641 0.246922 0.450045 9.9982E-05 9.9982E-05
0.194631 0.0735909 0.0119618 0.257582 0.336447 0.078234 0.0475537
0.268004 0.102292 9.9982E-05 0.272105 0.319482 9.9982E-05 0.0379172
0.208409 0.0752653 9.9982E-05 0.278086 0.389209 9.9982E-05 0.0488308
0.272445 9.9982E-05 9.9982E-05 0.226063 0.423937 0.0324689 0.0448857
0.235977 9.9991E-05 0.0289902 0.274667 0.406133 0.0238328 0.0302997
0.288327 0.0623452 0.000676355 0.173898 0.408946 9.9991E-05 0.0657078
0.214096 0.0198202 9.9982E-05 0.240246 0.489404 0.036233 9.9982E-05
0.261515 0.0791896 9.9973E-05 0.306153 0.352843 9.9973E-05 9.9973E-05
0.302339 0.0249206 9.9973E-05 0.243681 0.428759 9.9973E-05 9.9973E-05
0.303812 0.0797992 9.9982E-05 0.293201 0.299684 0.0233045 9.9982E-05
0.260847 0.0700163 0.00264535 0.269516 0.393363 0.00351191 9.9991E-05
0.302646 9.9973E-05 9.9973E-05 0.306038 0.351039 9.9973E-05 0.0399772
0.235736 0.0876728 9.9991E-05 0.210667 0.382885 0.0289452 0.0539945
0.208309 0.0947864 9.9973E-05 0.324433 0.372172 9.9973E-05 9.9973E-05
0.264773 0.0216921 0.0325832 0.207906 0.466574 9.9991E-05 0.00637154
0.231516 0.0517534 9.9982E-05 0.213888 0.464966 9.9982E-05 0.0376762
0.29214 0.0444595 9.9973E-05 0.327257 0.335843 9.9973E-05 9.9973E-05
0.255705 0.0442517 9.9982E-05 0.277877 0.399047 9.9982E-05 0.0229191
0.250466 0.0482952 0.0749501 0.196089 0.299542 0.0105359 0.120122
0.249443 0.0248754 9.9982E-05 0.311028 0.344546 9.9982E-05 0.0699087
0.217275 0.103836 0.0431576 0.192199 0.397525 0.0027572 0.0432501
0.273958 9.9973E-05 9.9973E-05 0.2753 0.447861 0.0025819 9.9973E-05
0.306005 0.0520678 0.00104486 0.233877 0.368943 9.9991E-05 0.0379623
0.275143 0.105793 0.00167044 0.186445 0.384198 0.0413527 0.00539805
0.264762 0.0407776 9.9991E-05 0.215278 0.348558 0.0821657 0.0483595
0.210582 0.0483612 9.9991E-05 0.197122 0.405674 0.0303451 0.107816
0.286335 9.9991E-05 0.0111648 0.277498 0.298813 0.0599979 0.0660906
0.239747 9.9973E-05 9.9973E-05 0.273428 0.448993 9.9973E-05 0.0375322
0.219653 9.9982E-05 9.9982E-05 0.28382 0.424606 0.0307212 0.0410007
0.205952 0.0568325 9.9982E-05 0.325906 0.401073 0.0100372 9.9982E-05
0.33922 0.0205181 0.0278225 0.162383 0.387867 0.0554256 0.00676387
0.275905 0.159674 9.9991E-05 0.119404 0.306253 0.00651477 0.13215
0.0173345 0.0417653 0.0927675 0.108296 0.558637 0.118535 0.0626646
0.0966266 0.0222301 9.9991E-05 0.124715 0.644457 0.0665661 0.0453054
0.0954196 0.0161643 0.0552509 0.102837 0.627339 9.9991E-05 0.10289
0.0781361 0.0568937 0.0301372 0.064947 0.7611 0.00868587 9.9991E-05
0.0823013 0.0251148 0.0693796 0.0582027 0.611067 0.0468508 0.107084
0.0745101 0.0231429 0.0230481 0.126828 0.740615 0.0117555 9.9991E-05
0.0595884 0.00746222 0.0610298 0.145756 0.643616 0.0190499 0.0634977
9.9982E-05 0.0366775 0.0313554 0.120923 0.722974 9.9982E-05 0.0878694
0.0501987 0.0315466 0.0184353 0.157364 0.656475 0.0212037 0.0647765
0.075769 0.0823419 0.0202909 0.0710551 0.665964 9.9991E-05 0.0844794
0.105077 0.0387673 0.0426269 0.0192514 0.727627 9.9991E-05 0.0665504
0.0336693 0.0127483 9.9982E-05 0.121125 0.765138 9.9982E-05 0.067119
0.0796622 0.0757992 9.9991E-05 0.0784321 0.639835 0.0700296 0.0561417
0.0708485 0.0292409 0.00171903 0.0838937 0.720615 0.0740787 0.0196046
0.0111563 0.121889 9.9982E-05 0.123698 0.670128 0.0729294 9.9982E-05
0.144337 0.0623257 0.0338475 0.0891575 0.590203 0.0234883 0.0566412
0.0634439 9.9982E-05 0.0699764 0.0980214 0.7126 9.9982E-05 0.0557585
0.102689 9.9982E-05 0.0114279 0.102357 0.629695 0.153631 9.9982E-05
0.0534366 0.0474595 9.9982E-05 0.0540348 0.812918 0.031951 9.9982E-05
0.0634902 0.137015 9.9973E-05 0.115925 0.68327 9.9973E-05 9.9973E-05
9.9982E-05 0.110049 9.9982E-05 0.0347494 0.743101 0.0281241 0.0837768
0.0171276 0.0710494 0.0185137 0.0139072 0.771293 0.0537045 0.0544047
0.0133563 9.9982E-05 0.0469033 9.9982E-05 0.764884 0.138434 0.0362218
0.0376167 9.9991E-05 0.0674266 0.0193553 0.684072 0.182981 0.00844914
9.9982E-05 0.058317 0.0681974 9.9982E-05 0.682467 0.151537 0.0392811
0.0212222 9.9991E-05 0.0649607 0.0466654 0.692899 0.129553 0.0446002
0.0300741 9.9982E-05 0.048699 9.9982E-05 0.693878 0.127489 0.09966
0.00996703 0.00234433 0.111685 0.0443565 0.664304 0.158039 0.00930356
0.0204568 9.9991E-05 0.11898 0.071931 0.688133 0.0585447 0.0418548
0.0471654 9.9973E-05 0.00094497 9.9973E-05 0.751335 0.200255 9.9973E-05
0.0489315 9.9973E-05 0.0506467 9.9973E-05 0.763032 0.137089 9.9973E-05
9.9982E-05 9.9982E-05 0.075774 0.0305617 0.695217 0.0907154 0.107532
0.00798309 9.9982E-05 0.0539321 0.0116581 0.675892 0.250335 9.9982E-05
9.9982E-05 0.00613209 0.0339422 9.9982E-05 0.810202 0.0497125 0.099811
0.0347576 9.9982E-05 0.115375 9.9982E-05 0.801517 0.0248524 0.0232979
0.0393082 9.9982E-05 0.0489736 0.00625645 0.745051 0.160211 9.9982E-05
0.0132054 9.9991E-05 0.0926331 0.00962016 0.749647 0.130666 0.00412797
0.0218325 9.9982E-05 0.117508 9.9982E-05 0.673946 0.176805 0.00970827
9.9982E-05 0.0310814 0.0148301 9.9982E-05 0.778417 0.147909 0.0275617
0.0308891 9.9982E-05 0.106772 9.9982E-05 0.708644 0.109358 0.0441365
0.0407964 0.0037212 0.0637199 0.00453048 0.758721 0.0619275 0.0665833
9.9973E-05 9.9973E-05 0.00896051 9.9973E-05 0.776133 0.176653 0.0379532
0.0225696 0.0802155 9.9982E-05 0.00966696 0.791501 0.0958472 9.9982E-05
0.0472196 0.0722544 0.0407551 0.140931 0.57575 0.0774322 0.0456574
0.0106973 0.0100471 0.0310983 0.0954215 0.762503 0.00827436 0.0819584
0.0753743 0.0466874 9.9991E-05 0.132318 0.623364 0.0361602 0.0859954
9.9973E-05 0.0703043 0.0252564 0.0625763 0.841563 9.9973E-05 9.9973E-05
0.0755212 0.0603426 0.0277744 9.9982E-05 0.729869 9.9982E-05 0.106293
0.0274748 0.0261569 0.0373158 0.0472075 0.769575 0.0329368 0.0593336
0.0427803 9.9991E-05 0.0740935 0.081527 0.702581 0.0426655 0.0562527
0.115649 0.00586952 9.9991E-05 0.0267843 0.751393 0.0213862 0.0788179
0.0982007 0.0214927 9.9991E-05 0.134658 0.70452 0.00742528 0.0336035
0.0724613 0.131224 9.9991E-05 0.0927313 0.521457 0.107418 0.0746077
0.0600474 0.0700504 9.9991E-05 0.0809438 0.709953 0.00796126 0.070944
0.0771312 0.0828282 0.0257361 0.125113 0.510263 0.090806 0.0881228
0.0604316 0.0349203 0.0179559 0.109225 0.735389 9.9991E-05 0.0419782
0.0747431 0.113119 9.9991E-05 0.0365168 0.662051 0.0839508 0.0295196
