0.162048 0.255602 0.0890765 0.246293 0.16032 0.0866603
0.0425654 0.170493 0.191451 0.127656 0.187372 0.280462
0.0745613 0.333599 0.185543 9.9991E-05 0.396437 0.00976014
0.315832 0.184713 9.99821E-05 9.99821E-05 0.29926 0.199995
0.187811 0.0394578 0.130302 0.227278 0.0846509 0.3305
0.193128 0.40639 0.219068 0.042251 0.139063 9.9991E-05
0.237674 0.161532 0.0220263 9.9991E-05 0.496182 0.0824866
0.207726 0.246834 9.9991E-05 0.204782 0.300481 0.0400772
0.146997 0.261534 0.0896788 0.147702 0.353988 9.9991E-05
0.103866 0.427018 0.0674263 0.223125 0.178465 9.9991E-05
0.0107035 0.402376 0.024209 0.273942 0.273218 0.0155522
0.207262 0.396052 0.0438342 0.0919574 0.251405 0.00948905
9.9991E-05 0.205326 0.0168608 0.451629 0.20438 0.121704
9.9973E-05 0.66613 9.9973E-05 0.0464703 0.2871 9.9973E-05
0.0146034 0.288355 0.063085 0.362873 0.270983 9.9991E-05
9.9982E-05 0.554031 9.9982E-05 0.334338 0.097588 0.0138429
0.306965 0.322706 0.178155 0.109591 0.082483 9.9991E-05
0.122788 0.35886 9.9991E-05 0.333959 0.0233506 0.160943
0.330662 0.376278 0.129374 0.0196343 0.143953 9.9991E-05
9.999E-05 0.254773 0.184823 0.0260541 0.326364 0.207886
0.211394 0.356433 0.0484783 0.111504 0.126356 0.145834
0.109242 0.332039 0.0701306 0.2133 0.143752 0.131536
0.0050442 0.374225 9.9991E-05 0.267478 0.303881 0.0492716
9.9973E-05 0.533536 9.9973E-05 9.9973E-05 0.406602 0.0595618
0.134649 0.272246 0.0979392 0.0846213 0.301462 0.109083
9.999E-05 0.614592 0.0865866 0.00406642 0.220164 0.0744909
0.186747 0.273859 0.182307 0.0090198 0.254738 0.0933303
0.0220588 0.355852 0.000957176 0.0764821 0.453575 0.091075
0.314248 0.345651 0.199912 9.9991E-05 0.0389398 0.101148
0.0364225 0.409465 9.9991E-05 0.318683 0.119854 0.115476
0.142801 0.385198 0.0214666 0.215932 0.0497564 0.184846
0.105514 0.474983 9.9982E-05 9.9982E-05 0.309193 0.110111
9.999E-05 0.281927 0.134599 0.0721446 0.495428 0.0158017
0.062374 0.519811 9.9982E-05 9.9982E-05 0.371568 0.0460469
0.201956 0.401733 0.0957443 9.9991E-05 0.188141 0.112326
0.247925 0.195308 0.04477 9.9991E-05 0.428776 0.0831203
0.132439 0.0403378 0.127271 0.363574 0.336279 9.9991E-05
0.278214 0.119144 0.0994564 0.0885249 0.3273 0.0873602
0.080929 0.44672 0.114772 0.0951174 0.0221057 0.240356
0.211544 0.333858 0.111629 9.9991E-05 0.222892 0.119977
0.119267 0.20903 0.213072 0.241142 0.161515 0.0559739
0.114085 0.0165142 0.0127782 0.661292 0.117272 0.0780584
0.259182 0.275106 0.0430579 9.9991E-05 0.238336 0.184218
9.9982E-05 0.535042 9.9982E-05 0.250004 0.0916948 0.123059
0.177412 0.394813 0.0875685 0.0974385 0.140328 0.10244
0.224179 0.378774 9.99731E-05 0.396747 9.99731E-05 9.99731E-05
0.530455 9.9982E-05 0.193717 0.212259 0.0633694 9.9982E-05
0.338646 0.0182618 9.9991E-05 0.193989 0.220569 0.228434
0.299534 9.9982E-05 9.9982E-05 0.610669 0.0471246 0.0424723
0.560471 0.29314 0.076889 0.0567231 9.9991E-05 0.0126775
0.116051 0.24021 9.9991E-05 0.360683 0.256738 0.0262178
0.370462 0.255864 9.9982E-05 0.0536654 0.319809 9.9982E-05
0.396438 0.169023 0.0098263 0.236074 0.188539 9.9991E-05
0.303425 9.9973E-05 9.9973E-05 0.322078 0.374197 9.9973E-05
0.364883 0.305211 0.043328 9.9991E-05 0.252583 0.0338946
0.397965 9.9982E-05 9.9982E-05 0.156353 0.279006 0.166476
0.462272 9.9982E-05 0.204922 0.139898 0.192708 9.9982E-05
0.231789 0.0965374 0.0878273 0.171232 0.412515 9.9991E-05
0.390981 0.24943 9.9982E-05 0.0178432 0.341547 9.9982E-05
0.536205 0.14506 0.0443167 0.274218 9.9982E-05 9.9982E-05
0.413364 9.9982E-05 9.9982E-05 0.463523 0.0688831 0.0540298
0.543378 0.201687 0.0165189 0.238216 9.9982E-05 9.9982E-05
0.494746 0.224012 9.9973E-05 0.280942 9.9973E-05 9.9973E-05
0.550878 9.9991E-05 0.0363054 0.291154 0.018549 0.103013
0.374449 9.9982E-05 9.9982E-05 0.490018 0.0590828 0.0762504
0.506895 9.9991E-05 0.0793014 0.326814 0.00674356 0.0801457
0.366764 9.9982E-05 0.161348 0.288939 0.18275 9.9982E-05
0.382776 0.376122 9.9991E-05 0.0286892 0.160103 0.05221
0.396918 0.247349 9.9991E-05 0.17323 0.00726712 0.175135
0.319325 0.00311568 9.9991E-05 0.307711 0.291738 0.0780107
0.159073 0.379228 9.9982E-05 0.121168 0.340331 9.9982E-05
0.445679 0.229095 0.0903808 0.0869376 0.0468773 0.10103
0.694858 0.0271145 9.9982E-05 0.27178 9.9982E-05 0.00604823
0.488633 0.245824 9.9982E-05 0.0325652 0.232778 9.9982E-05
0.442736 0.388776 0.0165808 9.9991E-05 0.0254325 0.126375
0.440046 0.20482 9.9982E-05 0.244684 0.11025 9.9982E-05
9.9964E-05 9.9964E-05 9.9964E-05 0.968097 9.9964E-05 0.0315029
0.497236 0.342628 0.0669473 0.0929887 9.9982E-05 9.9982E-05
0.303222 0.0853124 0.152018 0.416785 0.0154597 0.0272029
0.54349 0.0838035 0.080589 9.9991E-05 0.267924 0.0240936
0.0436531 0.330553 9.9991E-05 0.0985508 0.479136 0.0480068
0.313138 0.00953521 0.0957788 0.193229 0.326018 0.0623018
9.996E-05 9.996E-05 9.996E-05 0.9995 9.996E-05 9.996E-05
0.560249 0.0684864 0.0694038 0.124439 0.177321 9.9991E-05
0.243324 0.318498 9.9982E-05 0.0520426 0.385936 9.9982E-05
9.9973E-05 0.154905 0.725752 0.119043 9.9973E-05 9.9973E-05
0.124111 0.133057 0.622824 0.108294 9.9991E-05 0.0116143
0.107388 0.225809 0.656842 9.9982E-05 9.9982E-05 0.00976102
0.195436 0.0620635 0.539845 9.99821E-05 0.202455 9.99821E-05
0.0391858 0.100792 0.73387 0.106301 0.000130046 0.0197202
9.9982E-05 0.246742 0.61012 9.9982E-05 0.0830937 0.0598448
9.9982E-05 0.107814 0.627955 9.9982E-05 0.175625 0.0884061
0.143041 9.9973E-05 0.695475 9.9973E-05 9.9973E-05 0.161184
9.9982E-05 9.9982E-05 0.6271 0.117534 0.241503 0.013662
9.9982E-05 0.0707656 0.527458 9.9982E-05 0.240284 0.161293
0.00930997 0.26068 0.715623 9.9982E-05 0.0141872 9.9982E-05
9.9982E-05 9.9982E-05 0.577356 0.0623701 0.356495 0.00357966
9.9982E-05 9.9982E-05 0.417822 0.229349 0.111985 0.240644
9.9982E-05 0.226418 0.579665 9.9982E-05 0.122248 0.0714701
0.0235371 9.9973E-05 0.806222 9.9973E-05 0.169941 9.9973E-05
0.0533268 0.0165137 0.833883 0.0960762 9.9982E-05 9.9982E-05
0.056239 9.9991E-05 0.784813 0.0297547 0.0534931 0.0755998
9.9991E-05 0.329744 0.36179 0.0188329 0.267579 0.0219543
9.9991E-05 0.195783 0.571261 0.101321 0.089061 0.0424736
0.064846 0.0650709 0.829836 9.9982E-05 9.9982E-05 0.040047
9.9973E-05 9.9973E-05 0.702857 0.284849 0.0119941 9.9973E-05
0.0678167 0.181157 0.523108 9.9991E-05 0.114419 0.113399
0.0448354 0.222994 0.637311 0.0690598 9.9991E-05 0.0256998
9.99731E-05 0.211772 0.686056 9.99731E-05 9.99731E-05 0.101872
0.00976323 9.9982E-05 0.830766 9.9982E-05 0.0697839 0.089487
0.0877533 0.283095 0.618683 9.9982E-05 9.9982E-05 0.0102688
9.9982E-05 0.170582 0.548085 0.171853 9.9982E-05 0.10928
0.0732082 0.129989 0.776255 0.00878782 9.9991E-05 0.0116604
0.0323706 0.154046 0.605927 9.9982E-05 0.207456 9.9982E-05
9.99731E-05 0.123508 0.854741 0.0214505 9.99731E-05 9.99731E-05
0.147163 0.157017 0.429761 0.123946 9.9991E-05 0.142013
9.9973E-05 0.094084 0.700582 9.9973E-05 0.205034 9.9973E-05
9.9991E-05 0.369261 0.472965 0.00631218 0.123763 0.0275987
0.155909 9.9982E-05 0.688705 0.065757 0.0894291 9.9982E-05
0.182027 0.145772 0.550063 9.9991E-05 0.103742 0.0182958
0.191694 0.157392 0.498158 0.0907669 9.9991E-05 0.0618889
0.0259505 0.245135 0.638038 9.9982E-05 0.0906763 9.9982E-05
0.00522089 9.9982E-05 0.650975 0.319408 0.0241966 9.9982E-05
0.108043 0.26681 0.470028 0.11236 0.00245132 0.040307
9.99641E-05 0.268642 0.730958 9.99641E-05 9.99641E-05 9.99641E-05
0.274269 0.0700784 0.556456 9.9991E-05 0.0568738 0.0422235
0.401305 0.00785236 9.9991E-05 0.382865 0.117148 0.0907301
0.554823 0.0917214 0.0769559 0.120615 0.0731135 0.0827706
0.500715 9.9982E-05 0.0751496 0.0876646 0.33627 9.9982E-05
0.624828 0.234676 0.106368 9.9982E-05 9.9982E-05 0.0339272
0.31952 0.192342 0.0152282 0.305483 0.146566 0.0208602
0.501481 0.0543032 0.0166745 0.155536 0.186595 0.0854102
0.0654724 0.00264917 9.9991E-05 0.296938 0.545652 0.0891888
0.428894 0.129886 9.9982E-05 9.9982E-05 0.422306 0.0187147
9.9991E-05 0.257558 0.0294283 0.299648 0.37713 0.036136
0.327989 9.9982E-05 9.9982E-05 0.297102 0.215757 0.158952
0.372505 0.225319 9.9982E-05 0.321523 9.9982E-05 0.080454
0.278417 9.9991E-05 0.0232531 0.483749 0.132277 0.0822031
0.479526 0.126885 0.0646947 0.261429 0.0673658 9.9991E-05
0.403577 0.25715 9.9982E-05 0.20702 9.9982E-05 0.132052
0.54718 0.19597 9.9982E-05 0.119573 0.137077 9.9982E-05
0.271356 9.99731E-05 9.99731E-05 0.341824 0.38652 9.99731E-05
0.282582 0.195526 0.0266395 0.321975 0.173177 9.9991E-05
0.158241 9.9982E-05 0.105379 0.375924 0.360257 9.9982E-05
0.370308 0.0215066 9.9991E-05 0.236451 0.316609 0.0550249
0.076689 0.540353 0.0518014 0.143133 0.155099 0.032924
9.9991E-05 0.191693 0.193483 0.313031 0.300909 0.000784974
0.0560745 0.296965 0.187745 0.132721 0.14975 0.176744
9.99821E-05 0.443051 0.168681 0.292471 9.99821E-05 0.0955974
0.20418 0.149425 0.365212 9.9991E-05 0.214539 0.0665426
9.9982E-05 0.548592 0.206915 9.9982E-05 0.159237 0.0850549
0.102528 0.464152 0.23606 0.138161 9.9991E-05 0.0589997
0.142214 0.478953 0.25263 9.99821E-05 9.99821E-05 0.126003
0.144733 0.177757 0.338629 0.168583 9.9991E-05 0.170198
9.9991E-05 0.129391 0.363421 0.330321 0.172017 0.0047503
0.0224418 0.26452 0.236216 0.143126 0.290318 0.043378
0.140907 0.677681 9.9982E-05 0.157971 9.9982E-05 0.023242
9.9991E-05 0.472003 0.114516 0.159585 0.140816 0.11298
0.0864658 0.266793 0.180282 0.254474 0.0555687 0.156416
9.9991E-05 0.582818 0.1339 0.128068 0.0328497 0.122264
0.1396 0.0971908 0.1495 0.228203 0.240111 0.145396
0.115175 0.285294 0.277854 9.99821E-05 0.321477 9.99821E-05
0.0307457 0.503603 0.390387 0.0670292 9.9991E-05 0.00813516
0.0282539 0.243083 0.325736 0.0152679 0.33066 0.0569995
9.9982E-05 0.353818 0.30531 9.9982E-05 0.122338 0.218334
9.99731E-05 0.482397 0.252493 9.99731E-05 0.264809 9.99731E-05
9.9991E-05 0.563973 0.158889 0.148698 0.0293875 0.0989533
0.161124 0.284647 0.124863 0.174007 0.104836 0.150524
0.0699523 0.149403 0.236992 0.175116 0.186157 0.182379
9.9991E-05 0.139233 0.164919 0.35192 0.262475 0.0813529
9.9973E-05 0.595879 0.355067 9.9973E-05 9.9973E-05 0.0487538
9.9982E-05 0.210987 0.384483 9.9982E-05 0.202118 0.202211
0.146284 0.0932122 0.406945 0.285929 9.9991E-05 0.0675299
0.223316 0.0513049 0.195626 0.118644 0.160857 0.250252
0.0613533 0.669461 0.249652 9.9982E-05 9.9982E-05 0.019334
9.9991E-05 0.0599493 0.116761 0.460584 0.201303 0.161303
0.0422745 0.892868 9.99731E-05 9.99731E-05 9.99731E-05 0.0645575
9.9991E-05 0.247262 0.244351 0.320443 0.123511 0.0643325
9.9991E-05 0.632083 0.0822116 0.0945464 0.147316 0.0437426
0.166281 0.406314 0.167067 0.248169 0.00373442 0.00843484
0.157415 0.224284 0.229527 0.0824504 0.306224 9.9991E-05
9.9991E-05 0.192828 0.140287 0.343586 0.320895 0.00230409
0.00231187 0.715271 0.132663 9.9982E-05 0.149554 9.9982E-05
0.020621 0.303054 0.389939 9.9991E-05 0.206722 0.0795637
9.99731E-05 0.474907 0.156522 0.368271 9.99731E-05 9.99731E-05
9.9982E-05 0.365774 0.192659 0.310259 0.131108 9.9982E-05
0.0863332 0.127636 0.264725 0.125909 0.277488 0.117908
9.9982E-05 0.393582 0.101799 9.9982E-05 0.412723 0.0916963
0.260692 0.139496 0.338397 0.0840213 9.9991E-05 0.177294
0.0901975 0.140983 0.27063 9.9982E-05 0.497989 9.9982E-05
9.99821E-05 0.21964 0.155913 0.235267 0.388981 9.99821E-05
9.9991E-05 0.218985 0.153127 0.420884 0.196637 0.0102668
0.227957 0.323194 9.9991E-05 0.22801 0.085604 0.135136
0.125923 9.9991E-05 0.325779 0.171665 0.242754 0.13378
9.9982E-05 0.225298 0.153609 9.9982E-05 0.586837 0.0340556
0.152674 0.267596 0.132968 0.438401 0.00826136 9.9991E-05
0.0386603 9.9991E-05 0.458573 0.117931 0.379532 0.00520409
0.0743369 0.181459 0.206751 0.0400892 0.489164 0.00819972
0.106247 9.9991E-05 0.37273 0.0686183 0.434362 0.0179428
0.236618 9.9991E-05 0.326169 0.0591992 0.145604 0.23231
9.99821E-05 0.315254 0.0215945 0.516046 0.146906 9.99821E-05
0.0556981 0.282956 0.143479 0.00291517 0.453905 0.0610472
0.107336 0.237051 0.194091 0.104505 0.31622 0.0407969
9.9973E-05 9.9973E-05 0.298639 0.288332 0.412729 9.9973E-05
0.0178229 0.0158102 0.197054 0.350599 0.418613 9.9991E-05
9.9973E-05 9.9973E-05 0.222862 9.9973E-05 0.644093 0.132746
9.9982E-05 0.217904 0.215926 0.159342 0.406629 9.9982E-05
9.9982E-05 0.1843 0.177245 9.9982E-05 0.585056 0.0531988
0.121537 0.211421 0.0915734 0.323509 0.25186 9.9991E-05
9.9982E-05 9.9982E-05 0.277468 0.38948 0.139568 0.193284
9.9982E-05 0.370956 0.138552 0.0171553 0.473137 9.9982E-05
9.9991E-05 0.393808 0.102288 0.313649 0.157333 0.0328224
9.9982E-05 0.18275 0.0125584 0.257873 0.546619 9.9982E-05
9.9982E-05 9.9982E-05 0.187324 0.226756 0.570365 0.015355
9.9991E-05 0.105382 0.24387 0.314915 0.190601 0.145131
0.00728497 0.25599 0.0870446 0.15608 0.385024 0.108576
0.0915484 9.9991E-05 0.203152 0.0465566 0.485839 0.172803
9.99821E-05 0.0474444 0.20133 0.226132 0.524893 9.99821E-05
0.222716 0.229449 0.128332 0.00733622 0.412067 9.9991E-05
9.9991E-05 0.300415 0.168289 0.447804 0.0511569 0.0322351
0.0803469 0.215628 0.18604 0.052452 0.327537 0.137996
0.222268 0.191179 0.0937418 0.174664 0.318048 9.9991E-05
0.346147 9.9973E-05 0.283371 9.9973E-05 0.370182 9.9973E-05
0.31582 0.169022 0.102336 9.9991E-05 0.267142 0.145579
0.0980803 9.9991E-05 0.169207 0.306519 0.335219 0.0908739
9.99821E-05 9.99821E-05 0.231817 0.251702 0.382207 0.134074
9.9991E-05 0.118309 0.331063 0.332883 0.212612 0.00503302
0.0242402 0.14776 0.0632517 0.412836 0.302397 0.0495147
0.117857 0.221849 0.0989193 0.220704 0.340571 9.9991E-05
9.99821E-05 0.193319 9.99821E-05 0.0901537 0.707297 0.00903102
0.278137 9.9982E-05 9.9982E-05 0.164129 0.435977 0.121558
0.331355 0.125628 0.103623 0.266845 0.139326 0.0332233
0.306746 0.393983 9.9973E-05 9.9973E-05 0.298971 9.9973E-05
0.456487 0.147716 0.00610497 0.18626 0.203331 9.99911E-05
0.142028 9.9991E-05 0.0886589 0.328042 0.273854 0.167317
0.0988079 0.0865414 9.9991E-05 0.349537 0.454309 0.0107053
0.485905 0.0950913 0.0845194 9.9991E-05 0.268617 0.0657672
0.0923991 9.99821E-05 9.99821E-05 0.415947 0.376477 0.114976
0.192742 0.326592 9.9982E-05 9.9982E-05 0.451637 0.0288285
0.24808 0.314149 9.9982E-05 0.187762 0.249809 9.9982E-05
0.0629878 0.0735249 9.9991E-05 0.416873 0.385955 0.0605598
0.152544 0.219014 9.9991E-05 0.125034 0.404193 0.0991149
0.244779 0.144218 9.9991E-05 0.102181 0.378948 0.129774
0.169667 0.156464 9.9982E-05 0.0627572 0.610911 9.9982E-05
0.303338 9.9973E-05 9.9973E-05 9.9973E-05 0.690301 0.00606098
9.9982E-05 0.109552 9.9982E-05 0.13366 0.687158 0.0694295
0.222952 9.99731E-05 9.99731E-05 9.99731E-05 0.663181 0.113567
0.594511 9.9982E-05 0.0701708 9.9982E-05 0.234015 0.101103
0.222066 9.9991E-05 0.0622321 0.147168 0.342289 0.226144
0.216223 9.9982E-05 0.104445 9.9982E-05 0.651303 0.0278283
0.352523 9.9982E-05 0.0737931 9.9982E-05 0.490625 0.082858
0.212397 9.99731E-05 9.99731E-05 0.196815 0.590488 9.99731E-05
0.0871167 0.302271 9.9982E-05 9.9982E-05 0.495828 0.114584
0.519367 0.249048 9.9991E-05 0.00547753 0.09784 0.128167
0.0593177 0.0686811 0.138415 0.373239 0.360247 9.9991E-05
0.332114 0.192811 0.0682738 0.105298 0.301403 9.9991E-05
0.453935 9.9982E-05 9.9982E-05 0.206237 0.274628 0.0650007
0.438831 0.196468 0.0358384 9.9991E-05 0.264094 0.0646688
9.9982E-05 0.272856 9.9982E-05 0.160944 0.559462 0.00653759
9.99731E-05 0.095904 0.0645169 9.99731E-05 9.99731E-05 0.839279
9.9991E-05 0.157468 0.0502238 0.0409593 0.117116 0.634133
0.263214 0.234386 0.145878 9.9982E-05 9.9982E-05 0.356322
0.00868651 0.00690098 0.0331856 0.17601 0.0280426 0.747174
0.0672129 0.0221278 0.0278791 9.9982E-05 9.9982E-05 0.88258
0.101057 0.103555 0.0373315 0.0574991 0.0154323 0.685125
0.013248 0.0481141 9.9982E-05 0.074501 9.9982E-05 0.863937
9.9982E-05 0.0478246 9.9982E-05 0.0433163 0.334566 0.574093
0.00818769 9.9991E-05 0.0441471 0.11384 0.0177929 0.815933
9.9964E-05 9.9964E-05 9.9964E-05 9.9964E-05 0.101481 0.898119
9.996E-05 9.996E-05 9.996E-05 9.996E-05 9.996E-05 0.9995
9.996E-05 9.996E-05 9.996E-05 9.996E-05 9.996E-05 0.9995
0.169138 0.0790463 0.101337 0.0711925 0.0399212 0.539365
9.99641E-05 9.99641E-05 0.0444546 9.99641E-05 9.99641E-05 0.955146
0.146679 0.171745 0.00621268 0.086369 0.225889 0.363105
0.182086 0.0637305 9.9982E-05 9.9982E-05 0.0488456 0.705138
0.107778 0.165288 0.0434247 0.209871 0.0576825 0.415956
0.106579 0.0916285 0.0754016 0.0166986 0.0605872 0.649105
0.0725309 9.9982E-05 0.0628366 9.9982E-05 0.201592 0.66284
9.9991E-05 0.00640973 0.0188366 0.00643425 0.240974 0.727245
9.9982E-05 9.9982E-05 0.0949169 0.1055 0.231336 0.568047
9.99731E-05 0.166218 9.99731E-05 9.99731E-05 0.0638722 0.76961
9.9964E-05 0.171473 9.9964E-05 9.9964E-05 9.9964E-05 0.828127
9.99731E-05 9.99731E-05 9.99731E-05 0.0176692 0.0775941 0.904437
9.9991E-05 0.00315693 0.0657182 0.239305 0.0379372 0.653783
0.0155211 9.9973E-05 0.0620466 9.9973E-05 9.9973E-05 0.922132
0.214286 0.126327 9.9982E-05 0.141144 9.9982E-05 0.518043
9.99641E-05 0.192867 9.99641E-05 9.99641E-05 9.99641E-05 0.806733
9.9973E-05 9.9973E-05 0.0800295 9.9973E-05 0.218723 0.700948
9.9982E-05 9.9982E-05 0.0520266 0.172636 0.0389012 0.736236
9.9973E-05 9.9973E-05 0.0985245 0.174354 9.9973E-05 0.726821
9.99731E-05 9.99731E-05 9.99731E-05 0.0912176 0.102271 0.806212
9.9973E-05 9.9973E-05 9.9973E-05 0.0200972 0.174047 0.805556
0.0906083 9.9973E-05 0.0449598 9.9973E-05 9.9973E-05 0.864132
9.99641E-05 0.110973 9.99641E-05 9.99641E-05 9.99641E-05 0.888627
9.9982E-05 0.0870486 9.9982E-05 0.0847312 0.0695469 0.758473
0.126638 0.0736142 0.0206715 9.9982E-05 9.9982E-05 0.778876
0.153611 9.9982E-05 0.10476 9.9982E-05 0.018481 0.722948
0.242529 0.134359 0.0224153 0.356489 0.115537 0.128671
0.792994 0.0354859 0.0530053 0.00714417 0.111271 9.9991E-05
0.341192 0.262831 9.9982E-05 0.0291911 0.366586 9.9982E-05
0.143832 0.0353116 9.9982E-05 0.208564 0.612092 9.9982E-05
0.467522 0.0650915 0.00400395 0.330752 0.132531 9.9991E-05
0.557297 0.157066 0.0411222 9.9982E-05 0.244315 9.9982E-05
0.499109 0.199078 9.99821E-05 0.213225 0.0883872 9.99821E-05
0.297781 0.0287648 0.067187 0.24599 0.212132 0.148145
0.39126 0.108444 0.0285567 0.378745 0.0235215 0.069472
0.337787 0.0188083 0.109677 0.0494106 0.272595 0.211722
0.342138 9.99821E-05 0.0180784 0.278031 0.361552 9.99821E-05
0.419563 9.9982E-05 9.9982E-05 0.211129 0.223916 0.145191
0.68263 0.210916 9.99821E-05 9.99821E-05 0.0731809 0.0330724
0.6068 9.9991E-05 0.0312864 0.0728378 0.168767 0.120209
0.404283 9.9991E-05 0.0299778 0.00605436 0.406629 0.152956
0.654414 0.148942 0.0045944 9.99821E-05 0.19185 9.99821E-05
0.368135 9.9973E-05 9.9973E-05 0.524798 0.106768 9.9973E-05
9.9973E-05 9.9973E-05 0.176278 0.228025 0.595397 9.9973E-05
0.46694 0.100152 0.0152999 0.417408 9.9982E-05 9.9982E-05
0.0441084 0.229 0.00502745 0.326455 0.395309 9.9991E-05
0.496985 0.0735349 0.0507249 0.226996 9.9991E-05 0.151659
0.166717 9.9982E-05 9.9982E-05 0.328006 0.334577 0.1705
0.355936 0.0613925 9.9991E-05 0.234881 0.154906 0.192785
0.435531 9.9991E-05 0.112319 0.136084 0.218342 0.0976249
0.280432 0.0582706 9.9982E-05 0.29576 0.365337 9.9982E-05
0.589223 9.9982E-05 0.0825871 0.187056 0.140933 9.9982E-05
0.513223 0.151371 9.9991E-05 0.140404 0.0400871 0.154815
0.246478 0.117601 9.9991E-05 0.428446 0.182709 0.0246663
0.633123 9.99821E-05 9.99821E-05 0.212229 0.138064 0.0163832
0.586825 0.0178068 0.117873 0.277296 9.99821E-05 9.99821E-05
0.509227 0.144323 9.9991E-05 0.134686 0.129711 0.0819538
0.326561 0.128814 0.0299829 0.0755239 0.365033 0.0740845
0.530672 0.051801 0.28062 0.0406585 0.0961492 9.9991E-05
0.334166 9.9991E-05 0.0839769 0.241679 0.27292 0.0671582
0.565474 9.9982E-05 0.105353 0.313955 9.9982E-05 0.0150182
0.581322 9.9982E-05 9.9982E-05 0.0810377 0.24855 0.08889
0.475967 0.0335862 9.9991E-05 0.182353 0.282333 0.0256614
0.313045 0.0644299 0.0813577 0.372967 0.168101 9.9991E-05
0.193873 9.9982E-05 9.9982E-05 0.589088 0.214109 0.00272996
0.379573 9.99641E-05 9.99641E-05 0.620027 9.99641E-05 9.99641E-05
0.342763 9.9982E-05 9.9982E-05 0.354475 0.283858 0.0187035
0.134129 0.148656 9.99821E-05 0.354138 0.362877 9.99821E-05
0.360284 0.268839 0.0568284 0.181972 9.9991E-05 0.131976
0.575207 9.9991E-05 0.0492288 0.298377 0.0238244 0.0532622
0.15457 0.289891 9.9982E-05 9.9982E-05 0.535661 0.0196774
0.169867 9.9991E-05 0.174393 0.281502 0.321894 0.0522442
0.347332 0.16277 0.182368 0.236071 0.0487576 0.0227011
0.612848 9.9982E-05 9.9982E-05 0.0332657 0.134355 0.219331
0.209395 0.299701 0.0655855 0.042434 0.353595 0.0292892
0.564648 0.24467 0.054746 0.135736 9.9982E-05 9.9982E-05
0.0694343 0.0438823 0.0339273 0.272458 0.545467 0.0348306
0.399178 0.114516 9.9991E-05 0.268605 0.0852598 0.13234
0.378815 0.0139201 0.114773 0.23666 9.9991E-05 0.255731
0.431303 0.219565 9.9982E-05 9.9982E-05 0.174764 0.174168
0.363394 9.9982E-05 0.0108403 0.375625 0.249941 9.9982E-05
0.547626 9.9982E-05 0.0805178 0.243138 9.9982E-05 0.128518
0.492724 9.9991E-05 0.103889 0.0431366 0.249634 0.110517
0.239439 0.0287874 9.9991E-05 0.502834 0.132218 0.0966212
0.58655 0.110104 0.0429781 9.9991E-05 0.18941 0.0708582
0.562216 9.99821E-05 0.0779218 0.0364449 0.323218 9.99821E-05
0.478731 0.125203 9.9982E-05 0.211644 0.184223 9.9982E-05
0.175091 0.208153 0.0134882 0.367651 0.0126314 0.222985
0.0913074 0.0200663 9.9991E-05 0.311802 0.414158 0.162566
0.575485 0.182437 9.9991E-05 0.0707141 0.0908539 0.08041
0.456629 9.9982E-05 0.0629686 0.344402 0.135801 9.9982E-05
0.398034 0.0935692 9.9991E-05 0.312229 0.187334 0.00873368
0.308854 0.232351 9.9982E-05 0.150462 0.308133 9.9982E-05
0.426208 0.17981 0.0927285 0.161611 0.0477979 0.0918445
0.580775 9.9982E-05 9.9982E-05 0.0799608 0.260478 0.078586
0.328578 0.221319 0.0312266 0.263844 0.0791757 0.0758572
0.485031 0.0504914 9.9991E-05 0.260788 0.0753673 0.128222
0.450575 0.219144 9.9982E-05 0.176615 9.9982E-05 0.153466
0.256025 0.0485242 0.0600291 0.322768 0.232065 0.0805877
0.19196 9.9991E-05 0.0771217 0.246143 0.339107 0.145569
0.389145 0.414598 9.9982E-05 9.9982E-05 0.142058 0.0539986
0.393305 9.9991E-05 0.0617009 0.335966 0.147183 0.0617448
0.453502 0.0912749 0.140322 0.170971 0.134166 0.00976424
0.389211 9.9991E-05 0.0302703 0.0668125 0.346349 0.167257
0.498706 0.0355796 0.221088 9.9991E-05 0.138186 0.10634
0.475981 0.164581 0.0461987 0.0483615 0.249732 0.0151453
0.557067 9.9991E-05 0.0869381 0.1756 0.111936 0.0683593
0.414501 0.123476 9.9991E-05 0.177336 0.0311045 0.253483
0.44626 0.21189 9.9982E-05 0.106361 0.235289 9.9982E-05
0.441831 9.9982E-05 0.0367763 9.9982E-05 0.514943 0.00624973
0.316244 0.0481411 0.109429 0.308665 0.0371203 0.1804
0.495874 9.9991E-05 0.0694238 0.285199 0.0587321 0.0906712
0.394576 9.9982E-05 9.9982E-05 0.0524105 0.452902 0.0999114
0.366211 9.9991E-05 0.0994009 0.0119806 0.424881 0.0974265
0.536479 9.9991E-05 0.0671756 0.0571237 0.309966 0.0291551
