0.0439682 0.186571 9.9991E-05 0.182514 0.164068 0.110406 0.232788 0.0795854
0.274639 0.134593 0.264454 0.194037 0.0997671 0.032309 9.9982E-05 9.9982E-05
0.195777 0.329766 0.153947 9.9973E-05 9.9973E-05 0.139474 0.180736 9.9973E-05
0.169899 0.221533 0.0796457 0.324071 9.9973E-05 0.204551 9.9973E-05 9.9973E-05
0.297951 0.165168 0.0888358 0.0975399 0.163912 0.143145 0.0433481 9.9991E-05
0.224229 0.0450628 0.12875 0.119415 0.0867766 0.196604 0.199062 9.9991E-05
0.254835 0.12861 9.9982E-05 0.0328067 0.018061 0.0935607 0.471926 9.9982E-05
0.305669 0.343831 9.9982E-05 0.0837413 0.0400683 9.9982E-05 0.164476 0.0620136
0.0245853 0.20768 0.102613 0.137421 0.0636249 0.115692 0.316086 0.0322979
0.00158268 0.330503 0.184003 0.131398 0.0193603 0.0524865 0.191348 0.089317
9.9964E-05 0.171208 9.9964E-05 0.501736 0.0490812 9.9964E-05 0.277575 9.9964E-05
0.0191355 0.644396 9.99731E-05 9.99731E-05 0.0377 0.139923 0.158545 9.99731E-05
0.00294175 0.263824 0.242189 0.0762445 0.0705561 0.0392246 0.0372156 0.267805
0.0652561 0.386019 0.219943 0.238515 9.9982E-05 0.00510496 0.0849618 9.9982E-05
9.999E-05 0.261784 0.0384129 0.0700709 0.00209752 0.0965519 0.306275 0.224708
9.9982E-05 0.748881 0.0991783 0.096473 0.00220497 0.0324806 9.9982E-05 0.0205823
0.214394 0.256474 0.120892 0.259914 9.9991E-05 0.0807739 0.0334882 0.0339641
0.092825 0.467866 9.9973E-05 0.183434 0.125431 9.9973E-05 0.130144 9.9973E-05
0.208638 0.444743 0.141613 9.9991E-05 0.00718811 0.0618019 0.124372 0.011544
0.017615 0.377054 0.0784409 0.0317895 0.0534705 0.288436 0.122358 0.030836
9.99731E-05 0.639945 0.105942 0.0526547 0.110717 0.0904415 9.99731E-05 9.99731E-05
9.9982E-05 0.265033 9.9982E-05 0.233936 0.100426 0.115871 0.251962 0.0325722
9.9982E-05 0.483858 0.291954 0.0138925 0.0659058 9.9982E-05 0.100048 0.0441419
0.0434559 0.543116 0.0971052 0.00597049 0.028461 9.9982E-05 0.281691 9.9982E-05
9.9982E-05 0.434014 0.0795405 0.0659532 0.0494433 0.0492698 0.321579 9.9982E-05
0.181551 0.435564 0.156456 9.9973E-05 0.0820497 0.14408 9.9973E-05 9.9973E-05
0.0117128 0.470459 0.260624 0.176941 0.0037875 0.0762755 9.9982E-05 9.9982E-05
0.0208326 0.405247 0.13551 0.107038 0.0863455 0.103051 0.0946084 0.0473669
0.188019 0.163566 0.231431 0.319032 0.0091351 0.0886169 9.9982E-05 9.9982E-05
9.9973E-05 0.582393 0.247926 0.0183021 0.0331688 9.9973E-05 0.117909 9.9973E-05
0.0522722 0.543957 0.197564 9.9973E-05 0.124316 9.9973E-05 9.9973E-05 0.0815912
0.0167331 0.437983 0.234273 0.0602891 0.0654723 9.9982E-05 0.18505 9.9982E-05
0.163094 0.177895 0.233657 0.213404 9.9991E-05 0.0824673 0.0899094 0.0394735
0.299079 0.230543 0.106032 0.158939 0.0685018 0.0329306 0.103875 9.9991E-05
0.331463 0.29139 0.222501 9.99729E-05 0.112479 0.0418673 9.99729E-05 9.99729E-05
0.195928 0.136894 0.330188 0.0876615 0.0539328 9.9991E-05 0.159428 0.0358678
9.9982E-05 9.9982E-05 0.0249739 0.254179 0.129092 0.120676 0.331069 0.139811
0.0718659 0.245181 0.121943 0.109698 0.0327042 0.00973179 0.190168 0.218709
9.9982E-05 0.394936 0.0145402 9.9982E-05 0.204023 0.122006 0.0734934 0.190801
0.025989 0.421725 0.0175454 0.051574 0.0497829 0.178368 0.137332 0.117684
0.29186 0.00307771 0.0907457 0.293339 0.0379411 0.161362 0.0944379 0.0272367
0.0815973 0.269202 0.1773 0.247949 0.047528 9.9982E-05 9.9982E-05 0.176224
9.9982E-05 0.552879 0.0396563 9.9982E-05 0.0453413 0.0364433 0.181041 0.144439
0.0328794 0.271906 0.0327536 0.373816 0.0733791 0.0758398 0.131115 0.00831153
0.132974 0.12481 0.138772 0.170867 0.180324 0.187509 0.0646435 9.9991E-05
0.100749 0.0765362 0.20375 0.27371 9.9973E-05 9.9973E-05 9.9973E-05 0.344955
0.392416 0.205598 9.9982E-05 0.0681908 9.9982E-05 0.109289 0.0369097 0.187396
0.266616 0.30511 9.9973E-05 9.9973E-05 0.171414 9.9973E-05 0.0655374 0.191023
0.0916201 0.112025 0.166864 0.1334 0.0103862 9.9991E-05 0.134476 0.351129
0.483826 0.0784309 0.108232 0.132409 0.0313579 9.9982E-05 9.9982E-05 0.165544
0.428019 0.218802 0.264226 9.9964E-05 9.9964E-05 9.9964E-05 9.9964E-05 0.0885533
0.34271 0.249768 0.133874 0.0297485 9.9982E-05 0.0114818 9.9982E-05 0.232217
0.344277 9.9982E-05 0.057048 0.19053 9.9982E-05 0.00277231 0.163981 0.241192
0.223406 9.9973E-05 0.0601138 0.166112 9.9973E-05 9.9973E-05 0.276074 0.273994
0.265054 9.9991E-05 0.103487 0.0182029 0.0318967 0.127458 0.130783 0.323019
0.0490809 0.271603 9.9973E-05 9.9973E-05 0.116338 9.9973E-05 0.147252 0.415426
0.254313 0.016447 0.238831 0.261432 9.9982E-05 9.9982E-05 0.0713444 0.157433
0.42065 0.246619 9.9982E-05 0.14139 9.9982E-05 0.0248612 0.114914 0.0513661
0.362994 0.0198386 0.219567 0.140645 9.9982E-05 9.9982E-05 0.178321 0.0784352
0.311581 0.117254 0.0703254 0.0968133 9.9982E-05 0.051026 9.9982E-05 0.3528
0.176707 0.0540007 9.9973E-05 0.318062 9.9973E-05 9.9973E-05 0.0652664 0.385664
0.290669 0.402591 0.0305396 9.9964E-05 9.9964E-05 9.9964E-05 9.9964E-05 0.275801
0.415023 0.150826 9.9964E-05 0.175877 9.9964E-05 9.9964E-05 9.9964E-05 0.257873
0.428798 9.9982E-05 9.9982E-05 0.195255 0.00801729 0.0652797 0.082665 0.219785
9.9973E-05 9.9973E-05 0.0859001 0.150216 0.0703837 9.9973E-05 0.129807 0.563393
0.312812 0.125276 0.0410742 9.9982E-05 0.0811672 9.9982E-05 0.113272 0.326199
0.151504 0.139067 9.9982E-05 0.0823627 9.9982E-05 0.169203 0.152166 0.305497
0.0660854 0.209565 0.0368214 0.584077 9.9973E-05 9.9973E-05 9.9973E-05 0.103151
0.185732 0.0523251 0.0311209 0.522045 0.134874 0.00486527 9.9991E-05 0.0689381
0.0267271 9.9973E-05 9.9973E-05 0.408591 0.0501727 9.9973E-05 0.351451 0.162758
0.105153 0.127701 0.220709 0.17636 9.9982E-05 9.9982E-05 0.317695 0.0521822
0.307856 9.9991E-05 0.0644441 0.204598 0.0728812 0.0427483 0.236438 0.070935
0.266433 9.9973E-05 9.9973E-05 0.290012 0.0192052 9.9973E-05 0.0449091 0.37914
0.216447 0.476028 9.9973E-05 0.1325 9.9973E-05 9.9973E-05 0.0323604 0.142364
0.217227 0.138732 0.0327095 0.283521 0.0589246 0.0774667 0.126376 0.0650437
9.99641E-05 0.182666 9.99641E-05 0.343186 9.99641E-05 9.99641E-05 0.293889 0.179859
9.99549E-05 9.99549E-05 0.131123 9.99549E-05 0.0530475 9.99549E-05 9.99549E-05 0.81533
9.9973E-05 0.414327 0.154445 0.0789533 9.9973E-05 0.138574 9.9973E-05 0.2134
0.054241 0.00319783 9.9982E-05 0.160321 9.9982E-05 0.202643 0.256182 0.323216
0.00172184 0.302644 0.0178538 0.115784 9.9991E-05 0.105382 0.331132 0.125383
0.109577 9.9973E-05 0.142859 0.263725 0.084452 9.9973E-05 0.399087 9.9973E-05
0.291912 0.299318 0.0513362 9.9991E-05 0.0277712 0.065544 0.0203688 0.24365
9.9946E-05 9.9946E-05 0.0791587 9.9946E-05 9.9946E-05 9.9946E-05 9.9946E-05 0.920242
0.111926 0.343765 9.9973E-05 0.207852 9.9973E-05 9.9973E-05 0.312742 0.0234159
0.0050325 0.0711158 9.9982E-05 0.326429 0.0342531 9.9982E-05 0.452329 0.110641
9.9964E-05 9.9964E-05 0.0463391 9.9964E-05 9.9964E-05 0.688647 0.1467 0.117914
0.0108786 0.0200949 0.164531 0.159414 9.9991E-05 0.586611 0.0353797 0.0229904
0.0318884 0.0527079 0.0283027 0.154933 0.0749154 0.637543 9.9991E-05 0.0196094
0.0778079 0.0457848 0.187088 0.168646 9.9982E-05 0.424448 0.0960251 9.9982E-05
9.99641E-05 9.99641E-05 0.248161 9.99641E-05 0.0031211 0.635779 9.99641E-05 0.112539
9.9955E-05 9.9955E-05 0.0682023 0.256085 9.9955E-05 0.675213 9.9955E-05 9.9955E-05
0.229331 0.0793115 9.99641E-05 9.99641E-05 0.0537887 0.637169 9.99641E-05 9.99641E-05
9.9964E-05 0.212683 9.9964E-05 0.0305643 0.0570993 0.699253 9.9964E-05 9.9964E-05
0.0717025 9.99731E-05 0.0817516 9.99731E-05 0.0264118 0.644871 0.174963 9.99731E-05
0.218994 0.26303 9.9964E-05 9.9964E-05 0.0374199 0.480156 9.9964E-05 9.9964E-05
0.142579 9.99551E-05 9.99551E-05 0.177613 9.99551E-05 0.679308 9.99551E-05 9.99551E-05
9.9973E-05 9.9973E-05 0.0976008 0.136794 0.0313616 0.524349 0.209594 9.9973E-05
0.114842 9.9973E-05 9.9973E-05 9.9973E-05 0.123715 0.525499 0.1411 0.0945447
9.9982E-05 0.0772511 0.199203 9.9982E-05 0.100476 0.5536 0.0401252 0.0291439
9.9955E-05 9.9955E-05 9.9955E-05 9.9955E-05 9.9955E-05 0.735252 0.222667 0.0415804
9.99731E-05 0.0335291 0.0356242 0.0541905 9.99731E-05 0.824572 9.99731E-05 0.0517846
0.199957 0.0529157 9.99551E-05 9.99551E-05 9.99551E-05 0.746628 9.99551E-05 9.99551E-05
9.9982E-05 0.0440273 0.112102 0.0315143 0.154655 0.454167 0.203334 9.9982E-05
9.99639E-05 9.99639E-05 0.104196 0.277983 0.0645456 0.552876 9.99639E-05 9.99639E-05
0.180533 9.9964E-05 0.0486926 9.9964E-05 0.00672477 0.76365 9.9964E-05 9.9964E-05
9.9982E-05 0.0136214 0.0906543 9.9982E-05 0.0198534 0.656251 0.146368 0.0730524
0.0162216 0.0613117 9.9991E-05 0.187784 0.107173 0.539338 0.0652902 0.0227812
9.99641E-05 9.99641E-05 9.99641E-05 0.0774791 9.99641E-05 0.695867 0.0264179 0.199836
9.9973E-05 0.0584231 0.260136 0.0666132 0.0573897 0.557139 9.9973E-05 9.9973E-05
0.180645 9.99641E-05 9.99641E-05 9.99641E-05 0.0708719 0.708322 0.0397607 9.99641E-05
0.0284361 9.9982E-05 0.129024 0.0917305 0.0191255 0.683675 9.9982E-05 0.0478086
9.9973E-05 0.0456251 9.9973E-05 0.282435 9.9973E-05 0.501828 0.119252 0.0505599
0.136837 0.0653755 9.9982E-05 0.0203906 0.054604 0.696887 9.9982E-05 0.0257057
9.9964E-05 9.9964E-05 0.0380186 0.295232 9.9964E-05 0.588177 0.0781735 9.9964E-05
9.99462E-05 0.0863113 9.99462E-05 9.99462E-05 9.99462E-05 0.913089 9.99462E-05 9.99462E-05
9.9973E-05 9.9973E-05 0.0443935 0.0779391 0.143692 0.479166 9.9973E-05 0.25451
0.0447593 9.99641E-05 9.99641E-05 9.99641E-05 9.99641E-05 0.680291 0.153026 0.121524
0.0272125 0.173047 9.9982E-05 9.9982E-05 0.121996 0.461698 0.174647 0.0411988
9.9973E-05 0.197097 9.9973E-05 0.0412706 0.108084 0.556881 9.9973E-05 0.0963662
0.113109 0.00213855 9.9982E-05 0.0822864 0.0635109 0.630768 0.107988 9.9982E-05
9.9982E-05 0.0241638 0.116443 0.0434894 0.029643 0.551344 9.9982E-05 0.234716
0.14187 9.9955E-05 9.9955E-05 0.227542 9.9955E-05 0.630088 9.9955E-05 9.9955E-05
9.9964E-05 9.9964E-05 0.140064 9.9964E-05 9.9964E-05 0.535124 0.208699 0.115714
0.0766033 0.154664 0.160594 0.171138 0.0591086 0.377692 9.9982E-05 9.9982E-05
9.99731E-05 0.0366614 0.0924557 9.99731E-05 0.100805 0.688463 0.0813153 9.99731E-05
0.167872 0.0341602 0.00327432 0.158238 0.0601541 0.401911 0.0731717 0.101219
0.480744 9.9973E-05 9.9973E-05 0.299537 0.0612056 9.9973E-05 0.140587 0.0176263
0.173027 0.140093 9.9991E-05 0.0630156 0.00451511 0.109622 0.283569 0.226059
0.224991 0.394769 0.104504 0.0235296 0.00427846 0.0180277 0.0962793 0.133622
9.99641E-05 9.99641E-05 9.99641E-05 0.611101 0.0107216 0.152446 9.99641E-05 0.225331
0.145664 0.102289 0.0798347 0.176974 0.0884614 0.0843034 0.0683746 0.2541
0.280105 0.0759936 9.9982E-05 9.9982E-05 0.0355432 0.044571 0.240573 0.323014
0.1857 0.140671 0.218626 9.9982E-05 0.118662 9.9982E-05 0.202066 0.134075
0.189727 0.29065 9.9973E-05 9.9973E-05 0.0343708 9.9973E-05 0.400684 0.0842686
0.212089 9.9973E-05 0.237137 9.9973E-05 9.9973E-05 0.0387278 0.324816 0.186931
0.378393 9.9973E-05 0.128984 0.113089 0.132021 9.9973E-05 9.9973E-05 0.247214
9.9964E-05 9.9964E-05 0.00285551 0.381304 0.0749008 9.9964E-05 9.9964E-05 0.540539
0.391979 0.0123905 0.0682738 9.9991E-05 0.102549 0.0366662 0.0881681 0.299874
0.149683 0.155783 9.9982E-05 0.333938 9.9982E-05 0.0391509 0.0462853 0.27496
0.268596 0.17464 9.9991E-05 0.0343885 0.0642165 0.0456246 0.118942 0.293493
0.0522082 9.9964E-05 9.9964E-05 0.356988 9.9964E-05 9.9964E-05 0.216846 0.373558
9.9964E-05 0.238244 9.9964E-05 9.9964E-05 9.9964E-05 0.0438349 0.404466 0.313055
0.224608 9.9982E-05 0.0434108 0.438446 0.0565676 9.9982E-05 0.0475263 0.189241
0.520119 9.9973E-05 0.156507 0.106125 0.0168497 9.9973E-05 0.200099 9.9973E-05
0.276558 9.9991E-05 0.0849775 0.0336767 0.0260102 0.0129192 0.356113 0.209645
0.212374 0.305471 0.190106 0.0936865 0.0316853 0.0939912 9.9991E-05 0.0725851
0.213808 0.220054 0.407433 0.0307576 9.9991E-05 0.0775785 0.0373549 0.0129137
9.9991E-05 0.151742 0.125686 0.209731 0.151134 0.20147 0.158442 0.00169552
9.99821E-05 0.324681 0.327804 0.218026 0.0235321 0.0937542 9.99821E-05 0.012003
0.170012 9.9982E-05 0.0404381 0.0872635 0.0786713 0.404668 0.218746 9.9982E-05
9.9982E-05 0.169991 0.0616253 0.38077 0.079102 0.232524 0.0757883 9.9982E-05
0.0122853 9.9982E-05 0.337356 0.130496 0.0672615 0.251497 9.9982E-05 0.200904
0.0115937 0.169947 9.9982E-05 0.33716 0.125628 0.349622 0.00584874 9.9982E-05
0.128916 0.223587 0.0960187 0.0405172 0.0849055 0.339565 9.9991E-05 0.0863908
0.273465 9.9973E-05 0.303553 9.9973E-05 0.0833903 0.213454 0.125838 9.9973E-05
9.9991E-05 0.040552 0.267356 0.206088 0.0334726 0.189294 0.165259 0.0978788
9.9964E-05 0.420551 0.291672 0.189362 9.9964E-05 9.9964E-05 9.9964E-05 0.0980153
9.9991E-05 0.154126 0.281462 0.132512 0.0556947 0.0991376 0.234989 0.0419786
0.000610633 9.9991E-05 0.216524 0.0447871 0.128781 0.255401 0.0401918 0.313604
9.9973E-05 0.272668 0.217133 0.3523 0.06961 0.0879893 9.9973E-05 9.9973E-05
0.0836662 0.0987236 0.265693 0.144564 0.161164 0.0161033 0.15436 0.0757261
0.0211805 9.9982E-05 0.340064 0.404606 0.0791958 0.00137829 0.153375 9.9982E-05
9.9973E-05 0.189 0.067232 0.359539 0.00780865 0.376121 9.9973E-05 9.9973E-05
9.9991E-05 0.0280002 0.116581 0.323738 0.142731 0.203364 0.155921 0.029565
0.154323 9.9973E-05 0.232928 9.9973E-05 0.26823 0.318597 9.9973E-05 0.0256222
0.402875 0.0112821 0.385161 0.0484049 9.99731E-05 0.151977 9.99731E-05 9.99731E-05
9.9991E-05 0.107012 0.187596 0.0870656 0.112662 0.300033 0.0615006 0.144031
0.0579069 0.619485 0.127135 9.9991E-05 0.0359693 0.0723285 0.018651 0.0684237
0.117099 0.321182 0.227782 9.9982E-05 0.152239 0.176599 9.9982E-05 0.00489921
0.0229165 0.201495 0.205243 0.0850324 0.124131 0.135666 0.225416 9.9991E-05
9.99641E-05 0.29968 0.279237 9.99641E-05 0.106262 0.314421 9.99641E-05 9.99641E-05
9.9973E-05 0.149961 0.0706235 9.9973E-05 0.136787 0.377348 0.264981 9.9973E-05
0.242564 0.0503159 0.136731 0.0132804 0.120892 0.313423 9.9991E-05 0.122695
9.9982E-05 9.9982E-05 0.0412092 0.0279008 0.188646 0.244308 0.317656 0.18008
0.106611 0.325551 0.0886236 0.132007 0.0791486 0.26786 9.9982E-05 9.9982E-05
9.9991E-05 0.0147062 0.307393 0.059211 0.145557 0.0687138 0.0798738 0.324445
9.99731E-05 0.391131 0.284899 0.226255 0.0745776 0.0228376 9.99731E-05 9.99731E-05
9.9982E-05 0.237914 0.402626 0.130671 0.0618245 0.142817 9.9982E-05 0.0239468
9.9982E-05 0.154417 0.631179 9.9982E-05 0.13161 0.00212364 0.0745919 0.00587942
0.532838 0.0622583 0.149076 0.154093 9.9973E-05 0.101435 9.9973E-05 9.9973E-05
9.9982E-05 0.0938344 0.42026 0.209693 9.9982E-05 0.109379 0.048728 0.117905
0.0294365 0.194737 0.254534 9.9991E-05 0.0850887 0.200363 0.189097 0.0466439
9.9982E-05 0.1402 0.153599 0.1616 0.0325997 0.2712 0.240602 9.9982E-05
0.122671 0.0667461 0.233933 0.0114549 0.179647 0.337673 0.0477746 9.9991E-05
0.0183766 0.247937 0.190952 0.180377 0.0110399 0.224971 0.101073 0.0252746
9.9982E-05 9.9982E-05 0.196059 0.207642 0.0306101 0.190578 0.0888351 0.286076
0.0267932 9.9982E-05 0.484168 9.9982E-05 0.141374 0.070736 0.202937 0.0737926
0.237003 0.251066 0.0944885 0.0199888 9.9982E-05 0.246082 0.151172 9.9982E-05
0.120994 0.158159 0.25062 9.9982E-05 0.143655 0.205375 9.9982E-05 0.120998
0.0462608 0.0353181 0.0858995 0.0896324 0.0694076 0.345721 0.250155 0.0776051
9.9964E-05 9.9964E-05 0.159253 9.9964E-05 9.9964E-05 0.139967 0.649899 0.0504807
0.0177518 9.9982E-05 0.519096 9.9982E-05 0.0223368 0.123531 0.0621646 0.25492
0.355299 0.0757227 0.242643 0.0769438 9.9982E-05 0.0433715 9.9982E-05 0.20582
0.0276462 0.107115 0.323893 0.181685 9.9982E-05 0.155376 9.9982E-05 0.204084
9.9982E-05 0.0458893 0.316782 0.156582 0.075374 0.0756816 0.329492 9.9982E-05
0.150536 0.0910766 0.335378 0.216271 9.9991E-05 0.0313787 0.113215 0.0620446
0.11844 9.9964E-05 0.430194 9.9964E-05 9.9964E-05 0.223478 0.227489 9.9964E-05
9.9973E-05 9.9973E-05 0.33461 9.9973E-05 0.0604169 0.137952 0.316054 0.150668
9.9991E-05 0.0293026 0.283672 0.152196 0.0829581 0.1121 0.27528 0.0643914
0.113094 9.9991E-05 0.296801 0.0141168 0.169069 0.177418 0.152494 0.0769073
9.99552E-05 9.99552E-05 0.686836 9.99552E-05 9.99552E-05 9.99552E-05 0.0905194 0.222144
0.30368 9.99731E-05 0.210293 0.365254 9.99731E-05 0.050634 0.0698394 9.99731E-05
0.262228 0.00838749 0.086013 9.9991E-05 0.0669324 0.162955 0.298184 0.1152
9.9964E-05 9.9964E-05 0.227778 0.00765487 9.9964E-05 0.242091 0.522076 9.9964E-05
0.149247 0.0752226 0.486744 9.9973E-05 9.9973E-05 9.9973E-05 0.117851 0.170635
0.186156 9.9973E-05 0.433674 9.9973E-05 0.057819 0.0861647 0.235886 9.9973E-05
0.00416953 9.9982E-05 0.428486 0.153671 9.9982E-05 0.0305552 0.29038 0.0925382
9.9991E-05 0.0993433 0.265658 0.0135667 0.0497255 0.137167 0.401461 0.0329786
0.200505 0.203655 0.170396 9.9991E-05 0.0521686 0.078339 0.242181 0.0526553
0.0071414 9.9991E-05 0.292161 0.199972 0.0923631 0.14266 0.137757 0.127845
9.9982E-05 0.172932 0.479586 0.00879885 9.9982E-05 0.130372 0.159224 0.0488878
9.9982E-05 9.9982E-05 0.344721 0.42617 0.038305 0.0140072 0.144863 0.0317344
0.0667759 9.9991E-05 0.300559 0.115319 0.0529024 0.0754051 0.325275 0.0636634
0.121135 9.9982E-05 0.435187 9.9982E-05 0.0586751 0.0659497 0.293986 0.024867
0.136275 9.9982E-05 0.281367 0.109058 0.111031 0.173458 0.18861 9.9982E-05
0.220513 0.0931553 0.141083 0.0868643 0.1601 0.0658309 0.212434 0.0200189
0.356814 0.0107662 0.211704 0.149024 0.153673 9.9982E-05 0.117818 9.9982E-05
9.99641E-05 9.99641E-05 0.333241 9.99641E-05 9.99641E-05 0.0901053 0.569412 0.00684168
0.108475 9.9973E-05 0.0111898 0.319212 9.9973E-05 0.163157 0.397667 9.9973E-05
0.0123927 0.371625 0.3129 9.9982E-05 0.00422 0.00842344 0.290239 9.9982E-05
0.209442 0.0250175 0.2327 0.0284753 0.140443 0.181484 0.158261 0.0241772
0.229762 0.199932 0.134682 0.0246542 0.0535317 0.131143 0.226196 9.9991E-05
0.1994 9.9991E-05 0.207562 0.00724039 0.0112913 0.224894 0.135805 0.213708
0.100387 9.9991E-05 0.116704 0.129254 0.0863588 0.151417 0.353798 0.0619821
0.231011 9.9982E-05 0.449004 0.0692901 0.0487186 9.9982E-05 0.188849 0.0129279
0.343413 9.9973E-05 0.512515 9.9973E-05 0.0631339 0.0042601 9.9973E-05 0.076378
9.9991E-05 0.0970771 0.357203 0.125133 0.0565289 0.0420564 0.20274 0.119162
9.9964E-05 9.9964E-05 0.167302 0.469133 9.9964E-05 9.9964E-05 0.151497 0.211668
9.9982E-05 0.117998 0.158546 0.505032 9.9982E-05 0.0761608 0.135865 0.00619846
9.99641E-05 0.191117 9.99641E-05 9.99641E-05 0.121921 9.99641E-05 0.663479 0.0230834
0.277666 0.189021 9.9973E-05 9.9973E-05 0.104403 9.9973E-05 0.427261 0.00134959
0.280251 0.270799 9.9991E-05 0.203568 0.0530858 0.0835382 0.00197781 0.10668
0.225697 0.257242 0.160397 0.163762 0.0112703 9.9991E-05 0.0336866 0.147846
0.292875 0.326006 9.99821E-05 0.0462663 9.99821E-05 0.0514288 0.159483 0.123742
0.077019 0.394372 9.9982E-05 9.9982E-05 0.0323672 0.168949 0.109321 0.217772
9.99729E-05 0.190778 0.148276 9.99729E-05 0.0552537 9.99729E-05 0.424417 0.180975
0.520021 0.36545 0.021944 0.0266833 0.0656024 9.9973E-05 9.9973E-05 9.9973E-05
0.13341 9.9982E-05 0.159599 0.156269 0.139767 9.9982E-05 0.307819 0.102936
9.9973E-05 0.313361 0.089885 0.168299 0.098548 9.9973E-05 0.329607 9.9973E-05
0.206821 0.322727 0.0123265 0.00864905 0.0699932 0.0180101 0.216835 0.144638
9.9973E-05 0.382571 0.0991244 9.9973E-05 0.0110219 9.9973E-05 0.365344 0.141639
0.0876444 0.433965 9.9973E-05 9.9973E-05 0.0281041 9.9973E-05 0.383856 0.0661307
0.213101 0.245476 0.0079561 9.9982E-05 0.0371082 9.9982E-05 0.40798 0.088179
0.0449887 0.167212 9.9973E-05 9.9973E-05 0.0459891 0.0986485 0.642862 9.9973E-05
0.299865 0.175257 9.9982E-05 0.0610908 0.0511263 9.9982E-05 0.363838 0.0486236
9.99549E-05 0.291673 9.99549E-05 9.99549E-05 0.146076 9.99549E-05 0.561752 9.99549E-05
0.0543077 0.394737 9.9973E-05 9.9973E-05 0.0261015 9.9973E-05 0.450239 0.074315
0.420098 9.9973E-05 9.9973E-05 0.26514 0.0938262 9.9973E-05 0.180861 0.0397745
0.171537 0.266287 0.0156733 9.9991E-05 0.192518 0.0160966 0.156971 0.180818
0.264499 9.99641E-05 9.99641E-05 0.0829626 9.99641E-05 0.128969 0.52317 9.99641E-05
0.331667 9.9955E-05 9.9955E-05 0.269227 9.9955E-05 9.9955E-05 0.398606 9.9955E-05
0.426802 0.0840317 0.131705 9.99641E-05 9.99641E-05 9.99641E-05 0.357061 9.99641E-05
0.33035 0.324243 0.250228 9.9964E-05 0.0947787 9.9964E-05 9.9964E-05 9.9964E-05
0.461549 0.234928 9.9973E-05 0.0967783 0.0231944 9.9973E-05 0.183251 9.9973E-05
0.558581 0.0491254 0.123893 9.9982E-05 9.9982E-05 0.0997984 0.100109 0.0682935
9.9982E-05 0.25316 0.0750314 0.12311 9.9982E-05 0.0461731 0.305586 0.19674
0.125447 0.206177 9.9991E-05 0.196207 0.00460387 0.0034241 0.365734 0.0983067
0.211511 0.166421 0.0159644 0.319133 0.0635664 0.0248905 0.179384 0.0191298
0.14853 0.247378 0.148289 0.230464 9.9973E-05 9.9973E-05 0.22504 9.9973E-05
9.99552E-05 0.115022 9.99552E-05 9.99552E-05 0.827241 0.057237 9.99552E-05 9.99552E-05
9.9964E-05 9.9964E-05 0.126764 0.159126 0.525111 9.9964E-05 0.188599 9.9964E-05
0.0636698 0.126136 0.0508641 0.281979 0.420089 0.0570624 9.9982E-05 9.9982E-05
0.229733 9.9955E-05 0.0762113 9.9955E-05 0.693556 9.9955E-05 9.9955E-05 9.9955E-05
0.052377 9.9964E-05 0.0634826 9.9964E-05 0.874911 0.00882973 9.9964E-05 9.9964E-05
0.115483 0.116644 9.99731E-05 9.99731E-05 0.655774 0.0775467 0.0342527 9.99731E-05
9.99551E-05 0.138765 9.99551E-05 0.148303 0.712432 9.99551E-05 9.99551E-05 9.99551E-05
9.99731E-05 0.0777621 0.0556963 0.0102041 0.637179 9.99731E-05 0.218858 9.99731E-05
9.99551E-05 9.99551E-05 9.99551E-05 0.161131 0.74041 9.99551E-05 0.0979583 9.99551E-05
0.0461236 9.9982E-05 0.0372298 9.9982E-05 0.819592 0.0200507 0.0698951 0.00690916
9.99462E-05 9.99462E-05 9.99462E-05 0.0185019 0.980898 9.99462E-05 9.99462E-05 9.99462E-05
9.99461E-05 9.99461E-05 9.99461E-05 0.0432896 0.956111 9.99461E-05 9.99461E-05 9.99461E-05
0.0659144 0.289397 0.0109079 9.9982E-05 0.490608 0.0591653 0.0838072 9.9982E-05
9.99551E-05 9.99551E-05 9.99551E-05 0.134605 0.842205 9.99551E-05 0.0226908 9.99551E-05
0.372202 9.9973E-05 0.185132 0.109529 0.310609 0.0222286 9.9973E-05 9.9973E-05
9.9964E-05 0.100403 9.9964E-05 9.9964E-05 0.671889 9.9964E-05 0.080853 0.146455
0.10171 0.0631993 0.198211 0.151006 0.445055 9.9982E-05 9.9982E-05 0.040619
9.9973E-05 0.21118 0.0663047 0.22529 0.474539 0.0223863 9.9973E-05 9.9973E-05
0.144345 9.9982E-05 0.0607287 0.0394583 0.560134 0.0518581 0.143276 9.9982E-05
0.0863223 9.99551E-05 9.99551E-05 0.271451 0.641727 9.99551E-05 9.99551E-05 9.99551E-05
9.99641E-05 9.99641E-05 0.0405374 9.99641E-05 0.717962 9.99641E-05 0.0872313 0.15387
9.99641E-05 0.105618 9.99641E-05 9.99641E-05 0.754897 0.0805633 0.0585226 9.99641E-05
0.0813225 9.9964E-05 9.9964E-05 0.088281 0.824081 9.9964E-05 9.9964E-05 0.0059157
9.9955E-05 0.138559 9.9955E-05 9.9955E-05 0.769707 9.9955E-05 0.0912344 9.9955E-05
0.0961045 9.99731E-05 9.99731E-05 0.0492738 0.709446 0.0223886 0.122487 9.99731E-05
9.9964E-05 0.0226001 9.9964E-05 0.0570223 0.916315 0.00366322 9.9964E-05 9.9964E-05
0.0386794 9.9973E-05 9.9973E-05 0.152472 0.67351 0.00305145 9.9973E-05 0.131987
9.99641E-05 0.126851 0.0160557 9.99641E-05 0.827136 9.99641E-05 0.0295573 9.99641E-05
9.9973E-05 0.128056 0.0594488 9.9973E-05 0.662264 0.0502132 0.0997179 9.9973E-05
9.9973E-05 0.120261 0.0270471 9.9973E-05 0.697627 0.0183813 9.9973E-05 0.136384
0.00446981 0.0589487 0.0152688 9.9991E-05 0.705746 0.0799109 0.0898276 0.0457277
9.9964E-05 0.129914 9.9964E-05 0.130489 0.682214 9.9964E-05 9.9964E-05 0.0569829
9.9955E-05 9.9955E-05 0.079235 9.9955E-05 0.853012 9.9955E-05 0.0672529 9.9955E-05
9.99551E-05 9.99551E-05 9.99551E-05 9.99551E-05 0.857523 0.0662145 9.99551E-05 0.075763
9.99641E-05 0.0554703 0.000577496 9.99641E-05 0.895178 9.99641E-05 9.99641E-05 0.0483745
9.9946E-05 9.9946E-05 9.9946E-05 0.37335 0.626051 9.9946E-05 9.9946E-05 9.9946E-05
0.0376134 0.211509 9.9964E-05 9.9964E-05 0.717113 9.9964E-05 9.9964E-05 0.0333643
0.0274423 9.9973E-05 9.9973E-05 0.270543 0.581961 0.0158826 9.9973E-05 0.103871
0.18169 0.167876 9.9991E-05 0.304763 0.0990888 0.00810791 0.0896858 0.148688
0.129841 9.99641E-05 9.99641E-05 0.297363 9.99641E-05 9.99641E-05 0.245077 0.327318
0.0296364 0.23523 0.0236677 0.159769 9.9982E-05 9.9982E-05 0.332755 0.218742
9.9982E-05 0.245051 0.0856035 0.018595 0.00781235 9.9982E-05 0.557108 0.0856296
0.548952 0.0506807 9.9964E-05 9.9964E-05 9.9964E-05 9.9964E-05 0.370651 0.0293162
0.409005 0.0230507 9.9982E-05 0.107691 0.0540251 0.147072 0.258955 9.9982E-05
0.148261 0.327203 0.0787078 0.255385 9.99731E-05 9.99731E-05 9.99731E-05 0.190143
0.427125 9.9982E-05 0.150483 9.9982E-05 0.0416459 0.0461668 0.104827 0.229552
0.250197 0.0981175 9.9982E-05 9.9982E-05 0.0321855 0.0529624 0.113439 0.452899
0.473907 0.182836 9.9991E-05 0.0278716 0.095227 0.101208 0.111269 0.00758228
0.228108 0.0367227 0.244937 9.9982E-05 0.0693203 9.9982E-05 0.15112 0.269592
0.325535 0.118776 9.9982E-05 0.290809 0.0364096 9.9982E-05 0.0199819 0.208288
0.315461 0.477097 9.9964E-05 9.9964E-05 9.9964E-05 9.9964E-05 0.0238229 0.183219
9.9982E-05 0.193671 0.0171545 0.200879 0.0266672 9.9982E-05 0.153078 0.408351
0.447387 9.9982E-05 9.9982E-05 0.045782 0.0904274 0.0444027 0.27251 0.0992906
0.0540587 0.131964 9.99731E-05 0.360882 9.99731E-05 9.99731E-05 0.245439 0.207356
9.9955E-05 0.399971 9.9955E-05 0.0460747 9.9955E-05 9.9955E-05 9.9955E-05 0.553454
9.9982E-05 9.9982E-05 0.24228 0.339928 0.045317 0.0126761 0.234044 0.125555
0.342511 9.9964E-05 0.0590083 0.174885 9.9964E-05 9.9964E-05 9.9964E-05 0.423196
9.9955E-05 9.9955E-05 9.9955E-05 0.643446 9.9955E-05 0.0522997 0.303754 9.9955E-05
0.242508 0.065423 9.9991E-05 0.0744403 0.163891 0.0316208 0.25769 0.164328
0.449539 9.9991E-05 0.0886683 0.0820386 0.118842 0.0236673 0.122333 0.114812
0.10124 0.191266 0.0569266 0.133735 0.162925 9.9991E-05 0.0555942 0.298213
0.223462 0.37921 0.039877 0.115807 0.030912 9.9991E-05 0.0742498 0.136383
0.202313 0.303971 0.10189 0.0277627 9.9982E-05 9.9982E-05 0.173255 0.190608
0.257575 9.9973E-05 0.0620707 0.32394 9.9973E-05 9.9973E-05 0.329232 0.0268823
0.253563 9.9982E-05 0.0707061 0.307247 0.134544 9.9982E-05 0.101859 0.131881
9.99731E-05 0.226071 0.127052 0.192787 9.99731E-05 9.99731E-05 0.118392 0.335397
0.362487 0.0513712 9.9973E-05 0.0436448 9.9973E-05 9.9973E-05 0.221166 0.321031
0.157266 9.9973E-05 9.9973E-05 0.482824 9.9973E-05 0.068803 0.236514 0.0542925
0.110605 0.306997 9.9982E-05 0.12518 0.0255165 9.9982E-05 0.119052 0.312449
0.151894 0.16698 0.113335 0.290805 0.00108707 9.9991E-05 0.116761 0.159039
0.375456 9.9982E-05 0.139649 0.280666 9.9982E-05 0.117498 0.0478601 0.0386708
0.510625 9.9973E-05 0.190135 0.0410367 9.9973E-05 9.9973E-05 0.154347 0.103556
0.455291 9.9982E-05 0.00562754 0.0256325 9.9982E-05 0.0422613 0.176829 0.294158
0.282505 0.0526444 9.9982E-05 0.192118 0.0855105 9.9982E-05 0.06955 0.317472
0.0751955 0.242126 9.9964E-05 9.9964E-05 9.9964E-05 9.9964E-05 0.134435 0.547843
0.196377 0.165443 0.0795489 0.0487223 9.9991E-05 0.0600494 0.107974 0.341785
0.122979 9.9973E-05 0.306914 0.144004 9.9973E-05 9.9973E-05 0.0774599 0.348343
0.261014 0.113122 9.99551E-05 9.99551E-05 9.99551E-05 9.99551E-05 9.99551E-05 0.625364
9.9973E-05 0.187826 0.0785985 9.9973E-05 0.0681003 9.9973E-05 0.398501 0.266674
0.417053 0.006728 0.237271 9.99731E-05 9.99731E-05 9.99731E-05 0.231254 0.107394
0.0826731 9.9973E-05 9.9973E-05 0.516944 0.0831017 0.0451005 9.9973E-05 0.271881
0.143707 0.0584363 9.9982E-05 0.0595456 0.127567 9.9982E-05 0.193849 0.416695
0.159872 0.256128 0.150881 9.9982E-05 0.0511637 9.9982E-05 0.329398 0.0523566
0.257234 9.9982E-05 9.9982E-05 0.0200686 0.0889382 0.125316 0.199646 0.308598
0.150641 0.123732 0.0189078 0.0722442 0.0297804 0.0971066 0.331132 0.176456
0.41861 0.259281 9.99731E-05 0.095838 0.0718546 9.99731E-05 9.99731E-05 0.154116
9.9973E-05 0.235619 0.0390312 0.220283 0.0390902 9.9973E-05 0.465676 9.9973E-05
0.227563 9.9982E-05 0.166501 0.0934899 0.018201 9.9982E-05 0.0596332 0.434412
0.365063 0.15975 0.0604506 9.9991E-05 0.0292354 0.0180568 0.36553 0.00181381
0.334344 0.0969719 0.04061 0.252542 0.0143265 9.9991E-05 0.171982 0.089123
0.132149 0.0987878 0.170517 0.168119 0.0720922 0.0320636 9.9991E-05 0.326171
0.368405 0.264702 0.00176258 0.211185 0.127087 9.9982E-05 9.9982E-05 0.0266582
0.00260668 0.142235 9.9973E-05 0.223459 9.9973E-05 9.9973E-05 0.308758 0.322642
0.0786956 9.99731E-05 9.99731E-05 0.0947991 0.0259054 0.0911689 9.99731E-05 0.709131
0.101295 0.333138 9.9991E-05 0.0109514 0.023972 0.00443498 0.239447 0.286661
9.9982E-05 0.184972 0.15919 0.044341 0.023282 9.9982E-05 0.16287 0.425145
0.528139 9.9991E-05 0.0526975 0.136686 0.0327413 0.0687365 0.0690288 0.111871
0.266168 9.99641E-05 0.210655 0.142084 9.99641E-05 9.99641E-05 0.380694 9.99641E-05
9.99731E-05 0.177892 0.0660694 0.13957 9.99731E-05 9.99731E-05 0.135751 0.480418
9.9982E-05 9.9982E-05 0.0190906 0.213842 0.199924 0.113784 0.194805 0.258354
0.167128 0.0909588 0.241662 9.9982E-05 0.0203244 9.9982E-05 0.20541 0.274318
0.250802 0.130487 0.0097561 0.370507 9.9982E-05 9.9982E-05 0.163413 0.0748344
0.132452 9.9973E-05 9.9973E-05 0.179107 0.0671617 9.9973E-05 0.405541 0.215438
0.0214282 0.204849 9.9973E-05 0.0974381 9.9973E-05 9.9973E-05 0.338484 0.3375
0.295652 9.9973E-05 0.298834 0.187566 9.9973E-05 9.9973E-05 0.188815 0.0288323
9.9982E-05 0.245407 9.9982E-05 0.041644 0.0749072 0.108427 0.187415 0.342
0.208346 0.216502 9.9991E-05 0.149013 0.0298068 0.0552428 0.142322 0.198668
0.089981 9.9982E-05 0.16896 0.484784 0.00339838 9.9982E-05 0.0926232 0.160053
0.0331702 0.263225 0.0996312 0.288207 9.9982E-05 9.9982E-05 0.030557 0.28501
0.0115226 0.147316 0.0346039 0.132555 0.0676701 9.9991E-05 0.252377 0.353856
0.223897 9.9982E-05 0.039529 9.9982E-05 0.079406 0.094151 0.508133 0.0546836
0.0527823 9.9982E-05 9.9982E-05 0.480237 0.0962543 0.128872 0.0261079 0.215546
9.9973E-05 0.284201 9.9973E-05 0.0588464 0.0884116 0.0893707 9.9973E-05 0.47887
0.501206 0.113991 0.126094 0.0464573 0.142211 9.9982E-05 9.9982E-05 0.0698417
0.464658 9.9982E-05 0.0113238 0.0645496 0.0431596 0.150606 0.265503 9.9982E-05
0.262653 0.192593 9.9991E-05 0.127183 0.197251 0.0167367 0.188938 0.0145451
9.9982E-05 0.184982 0.201642 0.271116 0.092207 0.0265957 9.9982E-05 0.223257
0.176399 9.9982E-05 9.9982E-05 0.406212 0.0821777 0.00411003 0.0723539 0.258547
0.300886 9.9991E-05 0.0095689 0.281149 0.0193511 0.0403004 0.0770758 0.271568
9.99731E-05 0.386099 9.99731E-05 0.0508827 0.142484 9.99731E-05 0.0224629 0.397771
0.291578 0.363876 0.0511498 0.088537 9.9982E-05 9.9982E-05 0.0626067 0.142052
0.373629 0.239846 9.9964E-05 0.135484 9.9964E-05 9.9964E-05 9.9964E-05 0.250641
0.218142 0.346083 9.99729E-05 9.99729E-05 0.0884509 0.180709 9.99729E-05 0.166315
0.011853 0.0742932 0.0227328 0.127986 0.080991 0.0854093 0.0815519 0.515183
0.168438 0.223179 0.131922 9.9982E-05 0.0711999 9.9982E-05 0.360883 0.0441786
0.393359 9.9982E-05 0.128074 9.9982E-05 0.10072 0.163978 0.125847 0.0878227
0.497347 9.99821E-05 9.99821E-05 0.2408 0.056311 0.043443 0.150821 0.011078
