9.9982E-05 0.709948 0.00551212 9.9982E-05 0.00362202 0.0645929 0.158612 0.0575126
0.0845658 0.609282 0.086072 0.108081 0.00123143 0.0092617 0.101406 9.9991E-05
0.0966014 0.698129 0.0579638 0.0577945 0.00242867 0.0326469 0.0543353 9.9991E-05
0.042323 0.684809 0.0321497 0.018021 9.9973E-05 9.9973E-05 0.222398 9.9973E-05
0.00396391 0.811967 0.0161145 9.9973E-05 9.9973E-05 0.0414323 0.126222 9.9973E-05
0.0579824 0.67081 9.9982E-05 0.0640207 0.0783508 0.0633832 0.0652534 9.9982E-05
0.0409015 0.749678 0.0219583 0.0801395 9.9982E-05 9.9982E-05 0.0919831 0.0151397
0.0473413 0.71229 0.0190745 9.9973E-05 0.0978288 9.9973E-05 0.123165 9.9973E-05
0.109588 0.68844 9.9982E-05 0.048834 0.0295103 0.0177426 0.105684 9.9982E-05
9.9964E-05 0.837849 9.9964E-05 0.00446398 9.9964E-05 0.0180044 0.139283 9.9964E-05
0.0880965 0.806789 0.0112509 0.0288258 0.0138277 9.9982E-05 0.05101 9.9982E-05
9.9973E-05 0.769907 0.0573342 0.0190506 9.9973E-05 0.0906739 0.0627349 9.9973E-05
0.0716366 0.63755 0.0443057 0.0575639 0.0403146 9.9982E-05 0.148429 9.9982E-05
0.10321 0.703848 0.0828168 0.04059 0.0228746 9.9982E-05 0.04646 9.9982E-05
0.0912795 0.745139 0.0820272 9.9973E-05 0.0674066 9.9973E-05 0.0138478 9.9973E-05
9.9973E-05 0.750042 0.0406194 0.046248 0.0293591 9.9973E-05 0.133431 9.9973E-05
0.0560286 0.67428 0.0358636 0.00075681 0.0571858 0.0830465 0.0927382 9.9991E-05
0.0261059 0.694203 0.0271849 0.0180636 9.9991E-05 0.0786573 0.0789173 0.076768
0.0440294 0.72994 9.9982E-05 0.046571 0.0165088 0.0281018 0.134649 9.9982E-05
0.0474114 0.759764 0.0239066 0.0256563 0.0203503 9.9982E-05 0.122712 9.9982E-05
0.0191238 0.588217 0.0981999 0.0843565 0.0438204 0.00578731 0.13632 0.0241752
0.0232285 0.885779 9.9973E-05 9.9973E-05 0.0174651 9.9973E-05 0.0583525 0.0148755
0.050122 0.7457 0.087394 9.9982E-05 0.0623566 0.0147426 0.0394849 9.9982E-05
0.0785601 0.726659 0.010806 9.9982E-05 0.0515685 0.0460051 0.0862012 9.9982E-05
0.0390427 0.754418 0.0222109 0.0242922 9.9982E-05 0.00207646 0.157759 9.9982E-05
0.0687217 0.567711 0.023672 0.00989131 0.0312127 0.186301 0.0462539 0.0662367
0.0495257 0.583217 0.00775513 9.9982E-05 0.0221381 0.211301 9.9982E-05 0.125863
0.056787 0.523799 0.0599064 0.0770255 9.9991E-05 0.144165 0.0840983 0.0541189
0.0792887 0.560904 0.0270587 0.0176525 0.0721636 0.199689 0.0431439 9.9991E-05
0.0463738 0.65136 0.0324666 0.0594455 9.9982E-05 0.125416 9.9982E-05 0.0847382
0.0585709 0.479084 0.0644157 0.0659415 0.00290992 0.240087 0.02854 0.0604506
0.00276218 0.576363 0.0773042 0.0167211 9.9991E-05 0.195883 0.0386557 0.0922108
0.0363767 0.522756 0.0480174 0.0473241 0.102751 0.109178 9.9991E-05 0.133497
0.0354089 0.548143 0.0336115 0.114387 9.9991E-05 0.135822 0.042191 0.0903365
0.010856 0.653121 0.0133935 0.0985192 0.0167418 0.134032 0.0732361 9.9991E-05
0.0493899 0.651754 0.0305279 0.0301593 9.9991E-05 0.164915 0.00645267 0.0667017
0.0396061 0.730376 0.0481745 9.9973E-05 9.9973E-05 0.144547 9.9973E-05 0.0369964
0.0452517 0.577957 0.0434007 9.9991E-05 0.0647082 0.134099 0.0589009 0.075583
0.0320262 0.629332 0.0305105 9.9982E-05 9.9982E-05 0.200817 0.0223493 0.0847652
0.00115678 0.533993 0.0159243 0.0282594 0.0011522 0.256927 0.0876833 0.0749031
9.9982E-05 0.536361 0.0463571 0.0849542 9.9982E-05 0.177764 0.078964 0.0753998
9.9982E-05 0.585798 9.9982E-05 0.0229198 0.000142241 0.233923 0.091096 0.0659208
0.00725877 0.632922 0.0446124 0.0287176 9.9991E-05 0.184715 0.0988446 0.0028291
0.0239139 0.590281 0.0367913 0.109271 9.9991E-05 0.228077 0.00494789 0.00661744
9.999E-05 0.678948 0.0105456 0.0272534 0.0448183 0.169059 0.0548444 0.0144317
9.9982E-05 0.197381 9.9982E-05 0.410078 0.0755453 0.0641507 0.0293203 0.223325
9.9982E-05 0.16398 0.0515629 0.303367 0.0717283 0.105646 9.9982E-05 0.303516
0.0361886 0.096014 0.0712817 0.415719 9.9982E-05 0.154021 9.9982E-05 0.226575
9.9982E-05 0.182591 9.9982E-05 0.41694 0.105149 0.0786061 0.0357806 0.180733
9.9964E-05 0.227837 0.0620185 0.409702 9.9964E-05 9.9964E-05 9.9964E-05 0.300042
0.0316819 0.14328 9.9991E-05 0.433581 0.0203221 0.0744071 0.0432057 0.253423
9.9973E-05 0.0970262 0.0145181 0.539808 9.9973E-05 0.156205 9.9973E-05 0.192143
0.0214407 0.281884 0.0238383 0.334588 0.0329057 0.0628859 0.0321746 0.210283
0.0122021 0.22427 0.0531163 0.32842 0.0815088 0.0799113 9.9991E-05 0.220471
9.9973E-05 0.265473 0.0225911 0.41425 9.9973E-05 0.0352157 9.9973E-05 0.262171
0.0339666 0.153974 9.9982E-05 0.355462 0.0354298 0.176514 9.9982E-05 0.244454
9.9982E-05 0.256331 0.0257999 0.478074 0.0877749 0.0457486 9.9982E-05 0.106071
0.0135408 0.132981 0.0858424 0.461735 0.00630776 0.0621626 0.0551272 0.182303
9.999E-05 0.0423652 0.0228304 0.416308 0.0702839 0.177319 0.0160235 0.254771
9.9973E-05 0.0891067 9.9973E-05 0.480594 0.00363504 0.116803 9.9973E-05 0.309561
9.9973E-05 0.169051 9.9973E-05 0.543219 0.0540996 0.0472191 9.9973E-05 0.186111
9.9973E-05 0.17003 0.0230927 0.579798 9.9973E-05 0.0616715 9.9973E-05 0.165108
9.9982E-05 0.23205 9.9982E-05 0.264955 0.103336 0.145836 0.00481677 0.248806
9.9991E-05 0.281374 0.0443212 0.361832 0.0247255 0.0819462 0.0126809 0.19302
0.00691877 0.190201 9.9982E-05 0.346782 0.0596747 0.165223 9.9982E-05 0.231001
9.9973E-05 0.219068 0.0118547 0.441799 9.9973E-05 0.0651426 9.9973E-05 0.261835
0.0427075 0.205411 0.0453337 0.524878 0.0299145 0.0134187 9.9991E-05 0.138236
0.087416 0.115563 0.00996235 0.292985 0.103523 0.160478 0.0382072 0.191865
9.9982E-05 0.218777 9.9982E-05 0.449698 0.0273047 0.115185 0.054902 0.133933
0.0314666 0.256128 0.00158957 0.384725 0.0466733 0.128687 0.0629442 0.087787
9.9982E-05 0.125558 0.0223478 0.534379 0.0622182 9.9982E-05 0.0627242 0.192572
9.9991E-05 0.258507 0.0341866 0.451103 0.00273146 0.119943 0.015535 0.117894
9.9991E-05 0.207651 0.0126868 0.469391 0.0414705 0.0744353 0.0255923 0.168673
0.0306837 0.160682 0.0500545 0.33087 0.137623 0.103696 0.0664175 0.119974
9.9982E-05 0.191285 0.00467812 0.35715 0.118987 0.117788 9.9982E-05 0.209912
9.9973E-05 0.152116 9.9973E-05 0.571263 0.0357678 0.198471 9.9973E-05 0.0420834
0.0334113 0.132554 0.0200526 0.26409 0.042251 0.101245 0.0343382 0.372058
0.11531 0.304756 9.9973E-05 0.352249 0.0149111 9.9973E-05 9.9973E-05 0.212474
0.0607434 0.22763 9.9982E-05 0.510572 0.0588261 0.0697981 9.9982E-05 0.0722304
9.9991E-05 0.180804 0.039066 0.338137 0.0310123 0.0944976 0.0899595 0.226423
9.9982E-05 0.257472 0.0621423 0.41504 0.0591421 0.0576374 9.9982E-05 0.148367
9.9982E-05 0.214944 9.9982E-05 0.282484 0.163338 0.111534 0.00643355 0.221066
0.058144 0.305382 0.0574825 0.0759458 0.0458962 0.183037 9.9991E-05 0.274012
9.9973E-05 0.181663 9.9973E-05 0.351639 0.186941 9.9973E-05 0.0415017 0.237955
0.0669762 0.239792 0.0477283 0.190712 0.0606816 0.222347 9.9991E-05 0.171662
9.9982E-05 0.148572 0.0267238 0.506188 0.0066944 0.151965 9.9982E-05 0.159656
0.0118017 0.272583 0.0631864 0.24284 0.175429 0.132175 9.9991E-05 0.101884
9.9982E-05 0.153362 0.0153267 0.376497 0.0269614 0.16276 9.9982E-05 0.264894
0.0110044 0.183439 0.0398086 0.359484 0.113605 9.9991E-05 0.0878812 0.204678
9.9991E-05 0.243928 0.00567423 0.41738 0.111472 0.0798753 0.00062347 0.140947
9.9982E-05 0.561804 0.0596302 9.9982E-05 0.0489166 0.116468 0.074273 0.138708
0.0099806 0.580686 0.060161 0.0810419 9.9991E-05 0.0195985 0.0782264 0.170206
0.045672 0.625337 0.0215214 0.0161425 0.0430129 0.166525 0.0305675 0.0512223
0.0590629 0.534889 0.0339097 0.0697651 0.00190733 0.0865506 0.0975053 0.11641
9.9982E-05 0.666117 0.0603426 9.9982E-05 0.0182047 0.188483 0.00782385 0.0588287
0.0126245 0.581487 0.0360631 0.0107326 0.0335485 0.0390894 0.0744363 0.212018
0.0146154 0.503107 0.054314 0.0195054 0.0157389 0.17528 0.0986663 0.118773
0.0235372 0.563185 0.0827409 0.0497971 9.9982E-05 0.16302 9.9982E-05 0.11752
9.9991E-05 0.629651 0.047513 0.0259568 0.0348455 0.221143 0.0265014 0.0142891
0.00980239 0.65602 0.0357366 0.00890304 0.030357 0.139301 9.9991E-05 0.11978
0.0323722 0.573378 0.0481674 0.0191801 9.9991E-05 0.110898 0.0351376 0.180766
0.105012 0.637686 0.0656254 0.030118 0.0172233 0.048292 0.00843865 0.0876049
0.0567305 0.496115 0.0413388 9.9991E-05 0.0532785 0.142032 0.058623 0.151782
0.00669646 0.688895 0.0341532 0.0282483 9.9991E-05 0.0743897 0.0650879 0.102429
9.9973E-05 0.43551 9.9973E-05 0.0655085 9.9973E-05 0.278401 0.00595774 0.214324
9.9991E-05 0.71353 0.018075 0.0742021 0.0372645 0.12037 0.0153612 0.021097
9.9991E-05 0.59414 0.0465296 0.0989143 0.0392645 0.0549977 0.0456506 0.120403
0.0285332 0.572278 0.0396678 0.095842 9.9991E-05 0.126856 0.0154569 0.121266
9.9982E-05 0.579439 0.0184311 0.0141648 0.0379651 0.250811 9.9982E-05 0.0989889
0.0136492 0.630894 0.0647052 0.0797869 0.0441135 0.0967774 9.9991E-05 0.0699738
0.0159313 0.557325 0.00159577 0.118529 9.9991E-05 0.21959 0.0456821 0.0412463
0.0484311 0.484664 0.0722839 0.187011 9.9982E-05 0.156845 9.9982E-05 0.0505647
0.0303281 0.652559 0.0163346 9.9991E-05 0.0985235 0.087534 0.0849905 0.0296305
0.0336046 0.610755 0.0335644 0.0471124 9.9991E-05 0.0804379 0.111135 0.0832909
0.0317593 0.601466 0.0323727 9.9991E-05 0.0240405 0.0503294 0.135972 0.123961
0.025885 0.634821 9.9982E-05 9.9982E-05 0.0517755 0.114141 0.0698239 0.103354
0.0455573 0.781749 9.9973E-05 9.9973E-05 0.0617245 0.0757979 9.9973E-05 0.0348718
0.0444706 0.776174 9.9982E-05 0.0534651 0.0283027 0.0457454 9.9982E-05 0.0516418
0.0523402 0.692464 9.9991E-05 0.0232709 0.036787 0.0514286 0.0974514 0.046158
0.00576169 0.800124 0.0472857 0.045361 0.0900166 9.9982E-05 0.0112513 9.9982E-05
0.0483224 0.643078 0.0231167 0.173842 9.9982E-05 0.0554705 0.0559709 9.9982E-05
0.00355476 0.579961 0.0624375 0.0569597 0.0390287 0.0455901 0.122294 0.0901743
0.0447896 0.734836 9.9964E-05 9.9964E-05 9.9964E-05 0.154015 9.9964E-05 0.0659595
9.9973E-05 0.800982 9.9973E-05 9.9973E-05 0.0350456 0.0211125 0.0653484 0.0772121
9.9982E-05 0.647327 0.0191755 0.0450199 9.9982E-05 0.0691312 0.119651 0.099496
0.0173333 0.707857 0.0902136 0.03698 0.0586843 9.9991E-05 0.0034586 0.0853736
0.0579397 0.59223 0.00717448 0.0646727 0.0516314 0.105262 0.0618404 0.0592499
0.0723017 0.593663 9.9982E-05 0.0873009 9.9982E-05 0.0340752 0.0944268 0.118033
9.9982E-05 0.678195 0.0288533 0.0260551 9.9982E-05 0.094564 0.0652978 0.106834
9.9964E-05 0.737091 0.0118603 9.9964E-05 9.9964E-05 9.9964E-05 0.062475 0.188173
9.9982E-05 0.59378 0.0764144 9.9982E-05 0.0363647 0.0125082 0.163593 0.11714
0.0853697 0.551252 0.0555868 0.0959286 9.9991E-05 0.0998121 0.0396143 0.0723368
0.0163699 0.608202 0.0890013 9.9991E-05 0.0177559 0.0858732 0.141876 0.0408226
0.0859723 0.503834 0.0307407 0.067727 0.0508722 0.148837 0.0844424 0.0275743
0.13278 0.510806 0.0773697 0.0390937 0.0233999 0.076285 0.0919782 0.0482872
0.0144199 0.392132 0.010693 0.198211 9.9991E-05 0.201453 0.0169498 0.166042
0.012347 0.378092 0.0316503 0.153417 0.0291044 0.244263 9.9991E-05 0.151027
0.00560349 0.304176 9.9991E-05 0.128905 0.0412498 0.282014 0.0225691 0.215383
0.0183608 0.281664 0.0526964 0.0841506 0.0265879 0.222589 0.0461376 0.267813
0.114962 0.276641 9.9973E-05 0.0888397 9.9973E-05 0.306116 9.9973E-05 0.213141
0.0662247 0.301925 9.9982E-05 0.115842 9.9982E-05 0.267913 0.077566 0.17033
0.0622601 0.288707 0.0822147 0.122231 9.9991E-05 0.239141 0.0308912 0.174455
0.0777747 0.356708 9.9991E-05 0.0276298 0.0580074 0.292227 0.0145618 0.172991
0.000814554 0.366446 0.00179406 9.9991E-05 0.00779109 0.342377 0.00307745 0.2776
0.0208198 0.351036 0.0534309 0.243854 9.9991E-05 0.197895 0.0437965 0.0890666
9.9991E-05 0.277493 0.0300607 0.1205 0.0651156 0.218956 0.070222 0.217553
0.0178884 0.338275 0.00754902 0.0821397 9.9991E-05 0.238136 0.0338592 0.282053
0.0591521 0.33421 0.0365895 0.195986 9.9991E-05 0.159962 0.0056189 0.208381
0.049532 0.338831 0.00103106 0.0588775 0.0682553 0.203774 0.102204 0.177495
0.0420997 0.34712 0.0100415 0.15579 0.0016184 0.278466 9.9991E-05 0.164764
0.0335397 0.330125 0.0107153 0.0878115 9.9991E-05 0.220393 0.0328028 0.284512
0.0507885 0.406215 9.9991E-05 0.0499299 0.0663968 0.293695 0.00650877 0.126367
0.0086874 0.318278 0.00333796 0.0688668 0.10786 0.270195 0.0790802 0.143695
0.0486968 0.246868 0.0740861 0.108068 9.9991E-05 0.208241 0.0188197 0.29512
0.076899 0.260072 0.0645686 0.172367 9.9991E-05 0.185197 0.018912 0.221885
0.000509337 0.320817 0.0860561 0.0801393 0.0725428 0.270589 0.0128929 0.156453
0.00238677 0.353936 0.0592091 0.171068 0.00955064 0.144377 9.9991E-05 0.259373
0.00344593 0.345618 0.05266 0.145577 0.0651796 0.151461 9.9991E-05 0.235958
9.9973E-05 0.401889 0.0257371 0.174688 9.9973E-05 0.20922 9.9973E-05 0.188166
0.0674228 0.293282 0.00328026 0.0870434 9.9982E-05 0.280989 9.9982E-05 0.267782
0.0285112 0.278466 9.9973E-05 0.154018 9.9973E-05 0.310351 9.9973E-05 0.228354
0.0310826 0.382202 9.9991E-05 0.0882758 0.0654109 0.198688 0.0135225 0.220718
9.9991E-05 0.271907 0.0170061 0.0103044 0.032982 0.256641 0.168684 0.242376
0.0686071 0.319405 0.0919045 0.0760457 0.0278876 0.111394 0.0121366 0.29262
9.9982E-05 0.27038 0.117585 0.145528 9.9982E-05 0.203628 0.0555789 0.207102
0.0148911 0.410547 0.0514163 0.157229 9.9982E-05 0.163859 9.9982E-05 0.201858
0.0587815 0.251592 0.0701351 0.125833 9.9991E-05 0.251103 0.018245 0.22421
9.9982E-05 0.37432 0.114935 0.18001 9.9982E-05 0.15571 0.0436926 0.131131
0.01035 0.388228 0.0206157 0.0573048 0.00640554 0.266724 0.0573301 0.193042
0.0428191 0.271058 0.0444127 0.0947784 0.0838392 0.271079 9.9991E-05 0.191913
9.9973E-05 0.375685 9.9973E-05 0.16931 9.9973E-05 0.298685 0.00272078 0.1533
0.0595955 0.265396 0.0628908 0.0600645 0.0338884 0.272438 0.0054319 0.240295
0.0666944 0.295288 0.0997774 0.0470954 9.9991E-05 0.167369 0.00141491 0.322261
9.9982E-05 0.31659 0.0130303 9.9982E-05 0.0873396 0.34112 0.0148466 0.226873
0.0554381 0.390449 0.0397051 0.0769061 0.0400229 0.161589 0.0107343 0.225156
0.0400608 0.361537 0.0985761 0.0913314 0.0438587 0.113521 0.108622 0.142492
0.00670357 0.320686 0.050047 0.269655 0.0129706 0.238122 9.9991E-05 0.101715
0.0778273 0.243307 0.0396104 0.161668 0.000677435 0.223447 9.9991E-05 0.253363
0.086377 0.312021 0.098043 0.101812 9.9991E-05 0.136487 0.00210463 0.263056
0.00870489 0.336475 9.9982E-05 0.133959 0.0235361 0.314783 9.9982E-05 0.182342
0.0554354 0.362508 0.0687258 0.0772403 0.0654651 0.247698 9.9991E-05 0.122827
0.0487953 0.312653 9.9991E-05 0.186909 0.00834429 0.227245 0.00767212 0.208282
9.9964E-05 0.0422769 9.9964E-05 0.194979 0.677229 9.9964E-05 9.9964E-05 0.0851144
0.0320884 0.0120146 0.0483312 0.136275 0.72119 0.0143688 0.0307112 0.00502115
9.9964E-05 9.9964E-05 0.0310318 0.00197295 0.907191 9.9964E-05 0.0594039 9.9964E-05
9.99585E-05 9.99585E-05 9.99585E-05 0.11599 0.873854 0.00965649 9.99585E-05 9.99585E-05
0.0539499 9.9973E-05 0.0121666 0.0671915 0.827635 0.0387575 9.9973E-05 9.9973E-05
9.9973E-05 9.9973E-05 0.0532486 0.128215 0.766862 9.9973E-05 0.0392295 0.0121442
0.0277026 0.0123914 0.0189834 0.0470163 0.67345 0.0758303 9.9991E-05 0.144526
0.000447405 9.9973E-05 0.0326816 0.109205 0.79163 9.9973E-05 9.9973E-05 0.0657366
9.9964E-05 9.9964E-05 0.0297054 0.0680313 0.852898 0.0489659 9.9964E-05 9.9964E-05
0.00420008 9.9964E-05 9.9964E-05 9.9964E-05 0.87066 9.9964E-05 0.033129 0.0916107
0.0367496 0.00828326 0.00127893 0.0124749 0.765828 0.0123392 0.0519781 0.111068
9.9982E-05 0.0582285 0.00796346 9.9982E-05 0.768562 0.0328895 0.0880212 0.044135
0.0198186 0.0122759 9.9973E-05 0.115419 0.809982 9.9973E-05 0.0422054 9.9973E-05
0.00334178 9.9982E-05 0.013257 0.0363291 0.912243 0.0311904 0.00343889 9.9982E-05
9.9982E-05 9.9982E-05 0.0584395 0.221778 0.649318 0.0260107 0.0188174 0.025436
9.9955E-05 9.9955E-05 9.9955E-05 0.0670325 0.913841 9.9955E-05 9.9955E-05 0.018627
0.0118189 9.9964E-05 9.9964E-05 0.110552 0.810705 0.0665242 9.9964E-05 9.9964E-05
0.00473539 9.9973E-05 0.0353797 0.165917 0.783645 0.010023 9.9973E-05 9.9973E-05
0.0172413 9.9964E-05 9.9964E-05 0.031323 0.894784 0.0562523 9.9964E-05 9.9964E-05
0.0175267 9.9982E-05 0.0168196 0.110591 0.693961 0.120751 9.9982E-05 0.0401508
9.9964E-05 0.0672966 9.9964E-05 0.25504 0.670364 9.9964E-05 9.9964E-05 0.00689966
0.0126914 9.9973E-05 0.0370119 0.033417 0.870901 9.9973E-05 9.9973E-05 0.045679
0.001288 9.9964E-05 9.9964E-05 0.101604 0.809976 0.0867319 9.9964E-05 9.9964E-05
9.9964E-05 9.9964E-05 9.9964E-05 0.152343 0.721619 0.0873387 9.9964E-05 0.0382996
0.0314501 0.0358644 0.03213 0.167228 0.696353 9.9982E-05 9.9982E-05 0.0367743
0.0448945 0.0918223 9.9982E-05 0.0729629 0.740625 0.0432447 0.00625045 9.9982E-05
9.9964E-05 0.0318945 9.9964E-05 9.9964E-05 0.881588 9.9964E-05 0.0537478 0.0323695
0.0294915 0.0237195 0.0342606 0.00407653 0.898047 0.00619021 9.9991E-05 0.00411426
9.9946E-05 9.9946E-05 9.9946E-05 9.9946E-05 0.959651 9.9946E-05 0.0397491 9.9946E-05
0.0600284 9.9982E-05 0.0735195 9.9982E-05 0.810795 0.0183036 0.0103464 0.0268066
0.0400066 0.0131349 0.0445161 0.0448643 0.762805 9.9991E-05 0.0579917 0.0365816
0.051353 0.0109188 0.00981197 0.140356 0.716372 0.0168191 0.0542688 9.9991E-05
9.9964E-05 0.0240125 9.9964E-05 9.9964E-05 0.847334 0.0592395 0.0690144 9.9964E-05
0.0289074 0.0445182 0.0281581 0.0590366 0.792695 0.0147104 0.031874 9.9991E-05
9.9964E-05 9.9964E-05 9.9964E-05 0.0329 0.908631 0.0242054 9.9964E-05 0.0338641
9.9991E-05 0.0433762 0.0176869 0.0425645 0.672767 0.121816 0.0934269 0.00826317
0.0112687 9.9964E-05 9.9964E-05 0.141752 0.826747 9.9964E-05 9.9964E-05 0.0198322
9.9973E-05 0.00734719 9.9973E-05 0.00824484 0.893777 9.9973E-05 0.0246409 0.0656905
0.0382825 0.0659206 9.9982E-05 0.0995907 0.588146 0.158206 0.0496543 9.9982E-05
0.00170427 0.0676703 9.9991E-05 0.0905745 0.780058 0.0373807 0.0119186 0.0105933
9.9959E-05 9.9959E-05 0.0245907 0.145594 0.829315 9.9959E-05 9.9959E-05 9.9959E-05
9.9991E-05 0.0128335 0.00194631 0.0844543 0.654911 0.0315841 0.120058 0.094112
9.9955E-05 0.0361148 9.9955E-05 9.9955E-05 0.958204 9.9955E-05 0.00518188 9.9955E-05
0.0546758 0.036733 0.0696049 9.9991E-05 0.785192 0.0111875 0.00683479 0.0356722
0.00753435 0.109436 9.9973E-05 9.9973E-05 0.85915 0.0199 9.9973E-05 0.00367999
9.9964E-05 9.9964E-05 0.0502745 0.0490359 0.829773 9.9964E-05 9.9964E-05 0.0705166
9.9955E-05 9.9955E-05 0.0133547 9.9955E-05 0.949581 9.9955E-05 9.9955E-05 0.0365641
0.0125765 9.9973E-05 9.9973E-05 0.910907 0.00779783 9.9973E-05 0.0581957 0.0102232
0.0293952 9.9973E-05 0.0218404 0.911704 0.0318614 9.9973E-05 9.9973E-05 0.00489935
0.0422725 9.9955E-05 0.00566392 0.951564 9.9955E-05 9.9955E-05 9.9955E-05 9.9955E-05
0.0453325 0.00139602 0.0179012 0.71781 0.0255854 0.0324891 0.0535769 0.105909
0.0209197 9.9973E-05 0.0254701 0.849977 0.071804 9.9973E-05 0.0315296 9.9973E-05
0.097662 0.0379579 9.9991E-05 0.697288 0.0340387 0.0212093 0.0147002 0.0970439
0.0315434 9.9955E-05 0.0318185 0.936138 9.9955E-05 9.9955E-05 9.9955E-05 9.9955E-05
9.9982E-05 0.0407157 0.00874614 0.689925 0.141807 0.00117876 0.117427 9.9982E-05
0.0383431 0.0529184 9.9991E-05 0.547221 0.214584 0.0346868 0.0463636 0.0657826
0.0733955 0.0605094 0.0242909 0.583045 0.15748 9.9991E-05 0.0658044 0.0353749
9.9973E-05 9.9973E-05 9.9973E-05 0.666896 0.101178 0.105201 0.0661515 0.0602737
0.114556 0.00727463 0.00430644 0.651615 0.138373 0.0037141 0.0800612 9.9991E-05
0.00513673 9.9982E-05 9.9982E-05 0.665994 0.0947248 0.0216131 0.0572988 0.155033
0.0821076 9.9973E-05 9.9973E-05 0.797647 0.0501129 0.0549419 9.9973E-05 0.0148902
0.0663228 0.0282353 0.0532921 0.505825 0.186656 0.0169616 0.142607 9.9991E-05
0.0297266 0.0837228 0.0675765 0.651539 0.0484255 9.99952E-05 0.0745625 0.044347
0.0990321 9.9982E-05 9.9982E-05 0.568195 0.116456 0.0321782 0.0128104 0.171128
0.125014 0.0317199 0.0388416 0.682286 0.0452405 0.0495058 0.0272921 9.9991E-05
0.0177451 0.0182703 9.9991E-05 0.702449 0.0641281 0.0540343 0.0632619 0.0800116
0.0319315 9.9982E-05 0.0032551 0.906706 9.9982E-05 0.00384788 0.0359267 0.0181333
9.9991E-05 0.0260737 0.000772871 0.561909 0.0958009 0.0360806 0.147181 0.132081
0.00820489 0.0337936 9.9982E-05 0.60278 0.117386 9.9982E-05 0.117871 0.119765
0.0903157 9.9964E-05 9.9964E-05 0.761493 0.125227 9.9964E-05 0.0225645 9.9964E-05
0.0579501 0.0833851 9.9991E-05 0.463457 0.139147 0.0711948 0.0361159 0.14865
0.0807341 9.9973E-05 0.0140783 0.683077 0.163072 9.9973E-05 9.9973E-05 0.0587387
0.0281859 0.016494 0.03457 0.829656 0.0531641 9.9982E-05 0.0377298 9.9982E-05
0.0703327 9.9964E-05 0.059817 0.714425 0.155026 9.9964E-05 9.9964E-05 9.9964E-05
0.0705867 0.0249329 0.0248583 0.648964 0.144028 0.0146003 0.0719294 9.9991E-05
0.0263807 9.9973E-05 0.00502587 0.685612 0.157524 9.9973E-05 0.125158 9.9973E-05
0.0486086 0.0389279 0.0344006 0.655587 0.177421 0.0211696 0.0234021 0.000483168
0.000276969 9.9991E-05 0.0344862 0.499285 0.0388782 0.0936575 0.124185 0.209131
0.0119062 0.0244454 0.00318344 0.636735 0.196396 0.00587999 0.121354 9.9991E-05
0.0761669 0.111235 9.9991E-05 0.385715 0.21178 0.00705763 0.0916507 0.116295
9.9991E-05 0.0468812 0.0329655 0.500012 0.256351 0.0048924 0.144339 0.0144582
0.0249014 9.9982E-05 0.0559714 0.621644 0.174962 9.9982E-05 0.120392 0.00192906
9.9973E-05 9.9973E-05 9.9973E-05 0.667221 0.172966 0.0420392 0.109596 0.00787867
0.0611857 0.110567 0.00353637 0.512347 0.15819 0.0394211 0.0852742 0.0294777
0.0838898 0.0245624 0.0629077 0.634114 0.0662327 0.0261909 0.102003 9.9991E-05
0.0074862 0.00317147 0.0479931 0.656961 0.181517 9.9982E-05 0.102672 9.9982E-05
0.0778901 0.0547176 0.0717859 0.422112 0.132012 0.0839486 0.0502195 0.107314
0.0424426 9.9982E-05 0.00173106 0.623519 0.262845 0.0356166 0.0336464 9.9982E-05
0.00175424 0.0182113 0.00908158 0.556464 0.249569 9.9991E-05 0.114869 0.0499506
0.0251706 0.0328461 0.0382299 0.525215 0.177141 0.0639822 0.137315 9.9991E-05
0.0484731 0.0718942 0.0108963 0.4776 0.187616 9.9991E-05 0.103353 0.100068
0.0578943 0.00476781 9.9982E-05 0.576041 0.199289 9.9982E-05 0.0155734 0.146235
0.125257 0.141177 0.0567826 0.580828 0.0908604 9.9982E-05 0.00489594 9.9982E-05
0.00119673 0.0334529 0.0142626 0.56965 0.261025 0.0210783 0.0992343 9.9991E-05
0.0345835 9.9982E-05 9.9982E-05 0.629343 0.118018 0.00507682 0.15097 0.0618092
0.0365024 9.9973E-05 0.0345375 0.822502 0.0252664 9.9973E-05 0.0808916 9.9973E-05
0.0703377 0.0901814 0.0206808 0.550875 0.235099 9.9982E-05 0.032626 9.9982E-05
0.792855 0.0203993 0.0236974 0.104808 9.9982E-05 0.0067814 0.0512594 9.9982E-05
0.815035 0.016836 0.0166573 0.0576872 0.0508981 0.0057924 0.0369941 9.9991E-05
0.573268 0.146809 0.0203711 0.0687096 0.00740481 0.00669714 0.150823 0.0259173
0.750203 9.9991E-05 0.00077638 0.00960547 0.0169565 0.0300431 0.116673 0.0756433
0.620507 0.04588 9.9973E-05 0.102079 9.9973E-05 9.9973E-05 0.194726 0.0365078
0.805703 0.0105117 0.0180018 0.045577 0.0197685 9.9991E-05 0.0783728 0.0219649
0.837447 0.0418628 9.9982E-05 0.0245287 9.9982E-05 0.0145716 0.0531751 0.0282146
0.899216 0.0154059 0.0449362 0.0323424 9.9973E-05 0.00779914 9.9973E-05 9.9973E-05
0.788621 0.113505 9.9973E-05 0.0599587 0.0279636 9.9973E-05 0.009652 9.9973E-05
0.879247 9.9973E-05 0.0137953 9.9973E-05 9.9973E-05 0.0163723 0.0506152 0.03967
0.73245 0.0291553 0.0213419 0.0221959 9.9982E-05 9.9982E-05 0.109347 0.0853097
0.65309 9.9973E-05 0.0282423 0.0691476 9.9973E-05 0.0460618 0.203158 9.9973E-05
0.946962 9.9973E-05 9.9973E-05 0.017613 0.00484887 0.00493137 0.0253445 9.9973E-05
0.801689 9.9973E-05 0.0239713 0.0460204 0.00125914 9.9973E-05 0.12676 9.9973E-05
0.860982 9.9973E-05 0.00300987 0.0700953 0.0242967 0.0413164 9.9973E-05 9.9973E-05
0.809861 9.9973E-05 0.0153926 9.9973E-05 0.0446857 0.0292842 0.100476 9.9973E-05
0.91018 9.9964E-05 9.9964E-05 9.9964E-05 0.0386349 9.9964E-05 0.0385487 0.0122368
0.653164 0.0580361 0.0626981 0.00205961 9.9982E-05 0.00822244 0.21562 9.9982E-05
0.815214 0.0373642 9.9973E-05 0.0487251 9.9973E-05 0.0143832 0.0840136 9.9973E-05
0.73315 0.165879 0.00224888 0.0621724 0.0251727 9.9982E-05 0.0111771 9.9982E-05
0.835253 9.9982E-05 0.026607 0.0667855 9.9982E-05 0.0233719 0.0213669 0.0264159
0.806444 0.0839636 9.9982E-05 0.0133002 0.046324 0.00431209 0.045456 9.9982E-05
0.796557 0.0510258 9.9973E-05 0.0545922 9.9973E-05 9.9973E-05 0.0643495 0.0331757
0.890388 0.0272827 9.9973E-05 9.9973E-05 0.0262388 9.9973E-05 0.0406036 0.0151869
0.692295 0.0439212 9.9991E-05 0.0466951 0.0378981 0.0640514 0.0864374 0.0286015
0.800523 0.0698132 0.0140948 0.0300834 9.9991E-05 0.0193478 0.0259172 0.0401207
0.705753 0.0558604 0.0146119 9.9982E-05 0.015635 0.0918362 0.116104 9.9982E-05
0.696723 0.0131416 9.9982E-05 0.0395382 9.9982E-05 0.0452785 0.115281 0.0898371
0.649267 0.103928 0.10544 9.9982E-05 0.0260807 0.0304781 0.0846061 9.9982E-05
0.766834 0.0124465 0.0329067 9.9991E-05 0.025441 0.0270599 0.127294 0.00791828
0.676326 0.0874059 9.9982E-05 0.0147428 9.9982E-05 0.0270989 0.162562 0.0316641
0.856283 9.9973E-05 9.9973E-05 9.9973E-05 0.0336171 0.0349227 0.0267838 0.0480936
0.753811 0.00139739 0.0170217 0.0145877 9.9982E-05 0.0179304 0.195052 9.9982E-05
0.898096 0.0298774 0.0354444 9.9964E-05 9.9964E-05 9.9964E-05 9.9964E-05 0.0361822
0.623053 0.0407731 0.00322243 9.9991E-05 0.0645134 0.0979607 0.0980732 0.0723041
0.773852 9.9982E-05 0.0288742 0.0424004 0.0276209 0.0408402 0.0862125 9.9982E-05
0.795907 0.0426937 9.9982E-05 9.9982E-05 0.018669 0.0131136 0.0814358 0.0479805
0.91202 0.0351497 0.0053497 0.0299966 9.9973E-05 9.9973E-05 0.0171836 9.9973E-05
0.895156 0.0160449 0.00553849 9.9964E-05 9.9964E-05 9.9964E-05 9.9964E-05 0.0828606
0.829198 0.0270771 0.0598904 9.9982E-05 0.0177342 9.9982E-05 0.0289277 0.0369731
0.932607 0.00770157 9.9973E-05 0.017231 0.0138882 9.9973E-05 9.9973E-05 0.0282723
0.721164 9.9955E-05 9.9955E-05 9.9955E-05 9.9955E-05 9.9955E-05 0.191943 0.0863935
0.814469 9.9982E-05 0.0443084 0.0230495 0.00546294 9.9982E-05 0.112094 0.00041582
0.798556 0.00759644 0.0181327 0.079211 0.00266418 0.0893925 0.00434685 9.9991E-05
0.767687 9.9982E-05 0.00298081 0.000892519 9.9982E-05 0.0774371 0.145826 0.00497609
0.696137 0.0607719 9.9982E-05 9.9982E-05 0.0178789 0.0304503 0.193478 0.0010845
0.628633 9.9973E-05 0.0591509 9.9973E-05 0.00601197 0.0163717 0.289532 9.9973E-05
0.889499 0.00272638 0.00830058 9.9982E-05 0.0531511 0.0279908 0.0181324 9.9982E-05
0.860452 9.9973E-05 0.0201326 9.9973E-05 0.0305099 0.00222693 0.0863787 9.9973E-05
0.854886 0.0132633 0.0522041 0.0348439 0.0275017 0.00201471 0.0142049 0.0010813
0.0157883 9.9982E-05 0.0156299 0.0660283 0.000249681 9.9982E-05 0.00413677 0.897967
0.0187881 0.0703905 0.0132526 0.179133 9.9991E-05 0.049457 0.0143278 0.654551
0.0296281 0.00124538 0.0156248 0.0425734 0.0581539 9.9982E-05 9.9982E-05 0.852574
9.9991E-05 0.179069 0.0667478 0.0641056 0.058374 0.0653775 0.0476831 0.518543
0.0108799 0.106391 0.0150787 0.0798746 0.0390388 9.9991E-05 0.0100423 0.738595
9.9964E-05 0.1189 9.9964E-05 0.0240834 9.9964E-05 0.0976198 9.9964E-05 0.758997
9.9973E-05 0.0609098 9.9973E-05 0.0150641 9.9973E-05 0.0574208 0.0648796 0.801426
0.0260305 0.0679609 9.9982E-05 0.0384763 9.9982E-05 0.0731779 0.0197794 0.774375
9.9982E-05 0.0447306 0.0108529 0.0532161 9.9982E-05 0.00558856 0.0887603 0.796652
0.0268159 0.0217306 0.0801605 9.9982E-05 0.0210543 0.0733077 9.9982E-05 0.776731
9.9991E-05 0.0871285 0.0358587 0.160962 0.0235384 0.0840837 0.0905965 0.517733
0.0573982 0.0352908 0.0151222 0.0392133 0.0691225 0.127867 0.0450039 0.610982
0.0422722 9.9982E-05 0.0314715 0.00361275 0.0188193 0.0952474 9.9982E-05 0.808377
9.9973E-05 9.9973E-05 0.0629979 0.0724169 0.116531 9.9973E-05 0.0443418 0.703413
0.0354744 0.0198658 0.0236311 0.0615749 0.0274714 9.9991E-05 0.0409726 0.79091
0.0628962 9.9982E-05 0.0220331 0.00191799 0.0684102 9.9982E-05 0.0803707 0.764172
0.0318678 9.9991E-05 0.0773042 0.0778018 0.0652237 0.110792 0.0936644 0.543246
9.9982E-05 0.0698583 0.018857 0.0642216 0.0548058 0.032671 9.9982E-05 0.759386
0.0157166 0.0170057 9.9991E-05 0.0618006 0.0396414 0.0800696 0.0110311 0.774635
0.017954 9.9991E-05 0.0133394 0.168827 0.0345261 0.0283252 0.0477805 0.689148
0.0314856 9.9982E-05 0.0308174 0.116024 0.0985817 0.047143 9.9982E-05 0.675748
9.9964E-05 0.00693022 9.9964E-05 0.101194 9.9964E-05 0.155178 9.9964E-05 0.736297
0.0104672 9.9973E-05 9.9973E-05 9.9973E-05 0.0546552 0.0283518 0.108562 0.797664
0.0280926 0.0143801 0.0129548 0.0185527 0.0413192 9.9991E-05 0.013087 0.871514
0.0223334 0.0102274 0.0116359 9.9991E-05 0.0233219 0.10952 0.036875 0.785986
9.9973E-05 0.154251 0.0366186 0.0632239 0.0656497 9.9973E-05 9.9973E-05 0.679957
0.0053099 9.9973E-05 9.9973E-05 9.9973E-05 0.0189294 0.08998 0.0835665 0.801914
0.0219889 0.0733933 0.00335705 0.0331476 0.049583 0.00151288 0.086619 0.730398
0.00187112 0.105313 9.9982E-05 0.10334 0.0883909 0.0357726 9.9982E-05 0.665112
0.0469398 0.0583895 0.0145455 0.0797625 0.025219 0.0316422 9.9991E-05 0.743402
9.9982E-05 0.0165894 0.0220617 9.9982E-05 0.0919666 0.0311093 0.0788612 0.759212
0.0240574 0.0121241 0.023477 0.0178468 9.9982E-05 0.01024 9.9982E-05 0.912055
0.050979 9.9982E-05 0.00220694 0.10647 9.9982E-05 0.0185701 0.0394884 0.782086
9.9973E-05 9.9973E-05 0.0387841 0.0590744 0.00422083 9.9973E-05 0.107916 0.789704
0.0980917 0.162943 9.9982E-05 9.9982E-05 0.0705645 0.0223257 0.0243104 0.621565
9.9973E-05 0.0798431 0.0444466 0.0972603 9.9973E-05 9.9973E-05 0.0208159 0.757334
9.9964E-05 9.9964E-05 0.00775589 0.10919 9.9964E-05 0.124925 9.9964E-05 0.757729
9.9973E-05 9.9973E-05 0.00476562 0.04314 0.0433605 9.9973E-05 0.0323633 0.876071
9.9982E-05 0.0177786 0.0513765 0.0368823 0.0726047 9.9982E-05 0.0537265 0.767431
9.9973E-05 0.0132475 0.0985827 0.157502 9.9973E-05 9.9973E-05 0.0361531 0.694214
0.0819146 0.0204579 0.0759558 9.9973E-05 0.0465611 9.9973E-05 9.9973E-05 0.774811
0.0406039 0.103074 0.0350623 9.9991E-05 0.0536782 0.0061107 0.0223533 0.739018
9.9982E-05 0.0717288 0.00799535 0.142094 0.0320007 9.9982E-05 0.0253226 0.720659
0.0480015 0.0119914 9.9973E-05 9.9973E-05 0.0124064 0.0909061 9.9973E-05 0.836395
0.0747573 0.122087 0.0589446 0.101978 0.0299901 0.00341623 9.9991E-05 0.608726
0.0476185 9.9982E-05 0.0259748 0.195865 0.049828 0.0175828 9.9982E-05 0.662931
0.146166 0.0385722 0.0202341 0.0438207 9.9982E-05 0.0701402 0.680867 9.9982E-05
0.0546972 0.0704972 0.0338779 0.104475 0.0193305 0.0696031 0.602728 0.0447905
0.0411374 9.9973E-05 0.0370651 0.0652608 9.9973E-05 0.00317688 0.85306 9.9973E-05
0.0580838 9.9973E-05 9.9973E-05 9.9973E-05 0.00820597 0.0616702 0.86347 0.00827021
0.0456368 0.0213421 0.0104868 0.0864064 9.9991E-05 0.0154198 0.81116 0.00944776
0.0431814 9.9973E-05 9.9973E-05 0.0178527 9.9973E-05 0.0278691 0.878538 0.032259
0.104591 9.9982E-05 0.00863488 0.0810694 0.0206574 9.9982E-05 0.747736 0.0371108
0.0810539 9.9973E-05 0.0404877 0.0194231 9.9973E-05 9.9973E-05 0.808467 0.0502686
0.171683 9.9982E-05 0.0314022 0.0289408 0.0177308 9.9982E-05 0.719125 0.0309177
0.0623436 0.0457303 0.0251441 9.9982E-05 0.0543866 9.9982E-05 0.714771 0.0974241
0.186399 0.0165094 9.9982E-05 0.0965695 0.00218893 0.0828312 0.615302 9.9982E-05
0.114171 0.0271396 9.9973E-05 0.0453733 0.043704 9.9973E-05 0.769312 9.9973E-05
0.0168032 0.0247586 0.0136496 9.9973E-05 9.9973E-05 9.9973E-05 0.894121 0.0503675
9.9964E-05 9.9964E-05 0.00585378 9.9964E-05 9.9964E-05 0.0426761 0.923831 0.0272395
0.0420195 0.117799 0.0230368 0.0653956 0.0197606 0.00594644 0.715359 0.0106831
0.0873978 0.0050113 0.0266272 0.0476587 0.00764442 0.106658 0.610221 0.108782
0.053658 0.095358 0.0354576 0.139288 0.0147375 0.118887 0.514571 0.0280429
0.0743724 0.00754499 0.0209783 0.0794483 9.9991E-05 0.0535419 0.760759 0.00325462
0.000787879 0.0666993 9.9982E-05 0.0294092 0.0401037 9.9982E-05 0.829942 0.0328582
0.12131 0.000600476 0.0294147 9.9982E-05 0.0397288 9.9982E-05 0.782621 0.0261257
0.134026 0.0365285 0.0162753 0.00994297 0.0537493 0.00258501 0.743606 0.00328673
0.176116 0.0241213 0.00654747 0.0597295 0.0272055 0.0597821 0.621434 0.0250634
0.094434 0.0536465 0.0103918 0.0655706 0.00886847 9.9982E-05 0.766889 9.9982E-05
0.0757305 9.9982E-05 9.9982E-05 0.00449513 0.027977 0.0197251 0.824242 0.0476301
9.9955E-05 9.9955E-05 9.9955E-05 9.9955E-05 0.0386991 0.0418128 0.918988 9.9955E-05
9.9973E-05 9.9973E-05 0.00248795 0.00500189 0.0488405 0.00862874 0.934741 9.9973E-05
0.00598563 0.0721063 9.9973E-05 9.9973E-05 0.0422441 0.0128012 0.866563 9.9973E-05
0.031976 0.11983 0.0326656 9.9973E-05 9.9973E-05 0.0654006 0.749828 9.9973E-05
0.0149697 0.033318 0.0177472 0.0261558 9.9982E-05 0.029728 0.877881 9.9982E-05
0.103318 0.0228293 0.0362768 0.0315442 0.0344175 9.9982E-05 0.771415 9.9982E-05
9.9964E-05 9.9964E-05 9.9964E-05 0.00762951 0.0779139 9.9964E-05 0.891279 0.022778
9.9946E-05 9.9946E-05 9.9946E-05 9.9946E-05 9.9946E-05 9.9946E-05 0.941161 0.0582398
0.0198161 0.0475238 0.0182155 9.9964E-05 9.9964E-05 9.9964E-05 0.914045 9.9964E-05
0.0812818 0.0443247 0.0162347 9.9991E-05 0.0634449 0.0592311 0.724252 0.0111311
0.00890835 9.9973E-05 0.0272616 9.9973E-05 0.06373 9.9973E-05 0.88675 0.0130497
9.9973E-05 0.061113 9.9973E-05 9.9973E-05 0.0180132 0.0658925 0.806664 0.0480178
0.0670782 0.00994444 0.00875924 0.0344364 0.00339783 9.9982E-05 0.876184 9.9982E-05
0.0176153 9.9964E-05 9.9964E-05 9.9964E-05 9.9964E-05 0.0205266 0.938261 0.0231977
0.0713797 0.00125436 0.00140241 9.9991E-05 0.00289555 0.00213407 0.88686 0.0339743
0.0871511 0.00249973 9.9982E-05 0.00286485 0.0208137 9.9982E-05 0.87638 0.0100911
9.9964E-05 9.9964E-05 9.9964E-05 0.03401 0.0041372 9.9964E-05 0.956938 0.00451477
0.0891226 9.9964E-05 0.00105454 9.9964E-05 0.0293972 9.9964E-05 0.880026 9.9964E-05
9.99701E-05 0.0153107 0.00625439 9.99701E-05 0.069074 9.99701E-05 0.908961 9.99701E-05
0.037582 9.9955E-05 9.9955E-05 9.9955E-05 9.9955E-05 0.0136124 0.948306 9.9955E-05
0.0582449 0.0619705 9.9982E-05 0.0497172 0.020174 0.0210169 0.788677 9.9982E-05
0.0245762 0.0510793 0.804433 9.9982E-05 0.0573361 0.0247718 9.9982E-05 0.0376039
9.9964E-05 0.00608854 0.849218 9.9964E-05 0.0822528 0.0620404 9.9964E-05 9.9964E-05
0.040839 0.0552855 0.755726 9.9982E-05 9.9982E-05 0.0626917 0.0143902 0.0708676
9.9973E-05 0.0332001 0.773788 0.0975467 0.0489164 0.046249 9.9973E-05 9.9973E-05
9.9991E-05 0.0165724 0.892969 0.0230975 0.00800464 0.00536815 0.00504444 0.0488438
9.9973E-05 0.0714541 0.899429 9.9973E-05 0.000348404 9.9973E-05 0.0195596 0.0089085
9.9964E-05 9.9964E-05 0.836486 0.0649429 9.9964E-05 0.0760969 9.9964E-05 0.0220745
0.0251628 0.0880764 0.51948 0.0721767 0.0426146 0.21474 0.00877994 0.0289703
9.9973E-05 0.105385 0.823454 0.0121446 9.9973E-05 0.0077662 0.0509501 9.9973E-05
0.0220251 9.9955E-05 0.882432 9.9955E-05 9.9955E-05 0.0950431 9.9955E-05 9.9955E-05
0.0126724 0.0853558 0.638786 9.9991E-05 0.0675538 0.101812 0.0117262 0.0819934
0.0424045 0.0750999 0.60771 0.0356619 0.0123619 0.183013 0.0327578 0.0109909
0.013369 0.0699114 0.882733 9.9982E-05 0.00759564 0.01271 0.0134811 9.9982E-05
9.9964E-05 9.9964E-05 0.83985 9.9964E-05 9.9964E-05 0.0978665 0.00624965 0.0556344
0.0129563 0.0982289 0.816716 0.015634 9.9973E-05 9.9973E-05 9.9973E-05 0.056165
9.9964E-05 0.000160757 0.922346 9.9964E-05 0.0302944 0.0467986 9.9964E-05 9.9964E-05
0.0315135 0.045417 0.695323 9.9973E-05 0.0184299 0.209017 9.9973E-05 9.9973E-05
0.00675621 9.9973E-05 0.847138 0.023819 9.9973E-05 0.103961 0.0180257 9.9973E-05
0.0363247 9.9991E-05 0.734015 0.0237019 0.011532 0.150546 0.0203074 0.0234728
9.9955E-05 0.00976573 0.9615 9.9955E-05 9.9955E-05 0.0282343 9.9955E-05 9.9955E-05
9.9964E-05 9.9964E-05 0.882948 9.9964E-05 0.0290732 0.0767062 0.0108723 9.9964E-05
9.9973E-05 0.020861 0.721219 0.051621 9.9973E-05 0.190613 9.9973E-05 0.0153862
9.9982E-05 0.0520312 0.692862 9.9982E-05 0.0261917 0.172638 0.00718714 0.0488896
9.9955E-05 9.9955E-05 0.913435 9.9955E-05 9.9955E-05 0.0679462 9.9955E-05 0.018119
9.9991E-05 0.0774605 0.730184 0.0171803 0.0235816 0.0456668 0.0537815 0.0520454
9.9973E-05 0.106382 0.794164 9.9973E-05 9.9973E-05 0.051516 0.0105185 0.0371193
9.9964E-05 9.9964E-05 0.764578 0.024005 9.9964E-05 0.173811 9.9964E-05 0.0372068
0.00453906 0.0551042 0.662877 0.0302756 0.0103629 0.156666 0.080075 9.9991E-05
9.9955E-05 9.9955E-05 0.866982 9.9955E-05 9.9955E-05 0.0998574 0.0326608 9.9955E-05
0.0331809 9.9973E-05 0.787692 9.9973E-05 0.00642947 0.156342 9.9973E-05 0.0160558
0.0105425 9.9982E-05 0.817909 0.0310258 9.9982E-05 0.0930597 0.0320232 0.0152394
0.0700321 9.9955E-05 0.879277 9.9955E-05 9.9955E-05 9.9955E-05 9.9955E-05 0.050191
0.0252036 9.9955E-05 0.925963 0.0483332 9.9955E-05 9.9955E-05 9.9955E-05 9.9955E-05
0.01708 9.9964E-05 0.841268 9.9964E-05 9.9964E-05 0.123134 9.9964E-05 0.0181178
9.9964E-05 0.0206513 0.916543 9.9964E-05 0.0586317 9.9964E-05 0.00377418 9.9964E-05
9.9955E-05 9.9955E-05 0.709181 9.9955E-05 9.9955E-05 0.287653 9.9955E-05 0.00266632
9.9964E-05 0.00918049 0.791007 9.9964E-05 9.9964E-05 0.127417 9.9964E-05 0.0719949
0.00982992 0.0307577 0.926688 0.0323247 9.9964E-05 9.9964E-05 9.9964E-05 9.9964E-05
0.0330936 0.00387841 0.903129 9.9973E-05 9.9973E-05 0.0427232 0.0168758 9.9973E-05
0.0568298 0.0776055 0.818114 0.00660579 0.00546492 0.0351798 9.9982E-05 9.9982E-05
9.9973E-05 9.9973E-05 0.786586 9.9973E-05 0.0280408 0.163157 0.0194161 0.00249983
0.0924304 0.050835 0.548425 0.0501397 0.0346834 0.215709 0.00355309 0.0042245
9.9973E-05 0.0862137 0.687286 0.127028 9.9973E-05 0.0701662 9.9973E-05 0.0290055
9.9964E-05 9.9964E-05 0.872387 0.0182204 9.9964E-05 0.0802054 9.9964E-05 0.0287877
9.9964E-05 9.9964E-05 0.827679 0.013795 0.00380348 0.154323 9.9964E-05 9.9964E-05
0.00393429 0.0393707 0.841172 9.9982E-05 0.0277437 0.0408933 9.9982E-05 0.046686
0.0197463 9.9946E-05 0.979654 9.9946E-05 9.9946E-05 9.9946E-05 9.9946E-05 9.9946E-05
0.0484171 9.9973E-05 0.81863 0.0701004 9.9973E-05 0.0273159 0.0352369 9.9973E-05
0.0534515 0.0936335 0.00625786 0.00573422 0.0241969 0.798883 0.00836536 0.00947758
0.0285839 0.0381867 0.0725554 9.9991E-05 0.0349736 0.776318 0.0204786 0.0288042
0.0234779 0.109132 0.111239 9.9982E-05 9.9982E-05 0.644916 0.0565238 0.0545109
0.0269789 0.179746 0.0444266 9.9973E-05 0.0432272 0.705322 9.9973E-05 9.9973E-05
9.9982E-05 0.155331 0.0123642 9.9982E-05 0.00846269 0.722981 0.0398791 0.0607822
0.00453585 0.154592 0.118402 0.0604026 0.0192765 0.541339 0.0709591 0.0304918
0.0673346 0.0778946 0.0675649 9.9973E-05 9.9973E-05 0.68862 9.9973E-05 0.0982859
0.0707161 0.00220168 0.0784482 9.9991E-05 0.0481951 0.709226 0.0211104 0.0700027
0.0391111 0.0931455 0.0788856 0.0305324 9.9991E-05 0.675582 0.050275 0.0323684
0.0021068 0.0997595 9.9991E-05 0.0469449 0.00857283 0.69385 0.080387 0.068279
9.9982E-05 9.9982E-05 0.0702509 0.0309874 0.0843155 0.760149 0.0465442 0.00755309
9.9991E-05 0.0375987 0.019565 0.0326833 0.0160587 0.861102 0.000833461 0.0320594
9.9973E-05 0.0281479 9.9973E-05 9.9973E-05 0.0340866 0.88455 0.0485975 0.00431764
0.0829225 0.116169 0.0641362 0.0512861 0.043656 0.64163 9.9982E-05 9.9982E-05
0.0460038 0.02261 9.9973E-05 0.0174053 9.9973E-05 0.87088 0.0428004 9.9973E-05
0.0493643 0.197773 9.9973E-05 0.0841417 9.9973E-05 0.659284 0.0091375 9.9973E-05
9.9982E-05 0.206358 0.0188646 0.0286045 0.0309315 0.688651 0.0263911 9.9982E-05
9.9964E-05 0.0805802 0.0208198 9.9964E-05 0.0770459 0.821154 9.9964E-05 9.9964E-05
0.0276152 0.0523534 0.0355955 0.00729609 0.0792629 0.66056 0.0700384 0.0672783
0.0532871 9.9982E-05 0.0323985 0.0644754 0.0253203 0.81115 9.9982E-05 0.0131685
0.0771933 0.0231225 9.9973E-05 0.0524181 9.9973E-05 0.841827 9.9973E-05 0.0051394
0.0154337 0.080711 0.0650961 9.9982E-05 9.9982E-05 0.754247 0.0589158 0.0253963
0.0306017 0.100433 0.0493865 9.9991E-05 0.0385746 0.724333 0.0260925 0.0304785
0.0504859 0.184163 0.145243 0.0769723 0.00619833 0.536738 9.9982E-05 9.9982E-05
9.9982E-05 0.195799 0.0258966 0.00288696 9.9982E-05 0.666535 0.0405531 0.0681289
9.9964E-05 9.9964E-05 0.0204177 0.0962465 9.9964E-05 0.864554 9.9964E-05 0.0183824
9.9973E-05 0.0644873 0.0787596 9.9973E-05 0.0255934 0.821068 9.9973E-05 0.0097915
9.9973E-05 9.9973E-05 0.0832719 0.0345789 9.9973E-05 0.76515 0.0255054 0.091194
9.9991E-05 0.00397183 0.0338566 0.00239757 0.0457765 0.86087 0.0443257 0.00870216
0.0287795 9.9982E-05 0.087794 9.9982E-05 0.015873 0.791008 0.00695632 0.0693893
0.0307023 9.9982E-05 0.0155188 0.0362371 0.0178013 0.839783 0.059758 9.9982E-05
9.9982E-05 0.0442387 0.00934168 0.0817335 0.00966448 0.782603 9.9982E-05 0.0722189
