0.128275 0.0039917 0.733575 0.0367715 0.00752144 0.0898647
0.134129 0.0903376 0.680391 9.9991E-05 0.0725586 0.0224834
0.102794 0.0655232 0.739359 9.9991E-05 0.0286191 0.0636042
0.214934 0.0444255 0.728307 0.0121328 9.9982E-05 9.9982E-05
0.0676859 0.00271905 0.86402 9.9991E-05 0.00135826 0.0641167
0.0857157 9.9982E-05 0.714544 9.9982E-05 0.112409 0.0871317
0.104958 0.0155842 0.799568 0.0511692 0.0158534 0.0128675
0.134197 0.0331959 0.731225 0.0241817 0.0751118 0.00208872
0.198869 9.9982E-05 0.734944 9.9982E-05 0.0204697 0.0455167
0.101241 9.9973E-05 0.89523 9.9973E-05 9.9973E-05 0.00322981
0.128681 9.9982E-05 0.829502 9.9982E-05 0.00382761 0.0377898
0.0412717 0.0557718 0.81769 9.9991E-05 0.00665106 0.0785152
0.160024 0.0772789 0.673825 0.020249 0.0685237 9.9991E-05
0.129984 0.0702123 0.766805 0.00744673 0.0254519 9.9991E-05
0.075249 0.0932037 0.777274 0.0086373 0.0455362 9.9991E-05
0.0817908 0.0475477 0.789227 9.9991E-05 0.0534205 0.0279137
0.122842 0.0409953 0.705095 9.9991E-05 0.0390601 0.0919078
0.0674526 0.0409713 0.738188 0.0656358 0.0313642 0.0563883
0.139974 9.9991E-05 0.75874 0.0149274 0.0388318 0.047427
0.152977 0.0249917 0.794365 9.9991E-05 0.015546 0.0120208
0.11578 0.0768014 0.613618 0.101093 0.0634078 0.0292996
0.0822334 9.9973E-05 0.903414 0.0140523 9.9973E-05 9.9973E-05
0.0799761 0.0804483 0.759333 9.9991E-05 0.0636501 0.016493
0.158792 0.0278098 0.729021 9.9982E-05 9.9982E-05 0.084177
0.136654 0.0514841 0.806304 9.9982E-05 0.00535789 9.9982E-05
0.0834423 0.0218152 0.570889 0.0735353 0.0246573 0.225661
9.9982E-05 0.0158852 0.609209 0.0900327 9.9982E-05 0.284673
0.0938494 0.0858866 0.596636 0.0552569 0.0291648 0.139206
0.0878642 0.0391229 0.589618 9.9991E-05 0.0892476 0.194047
0.0335458 0.0275727 0.648908 0.114377 9.9991E-05 0.175496
0.0741374 0.0469468 0.493278 0.072916 0.00994164 0.30278
0.0120065 0.0524559 0.585988 0.0986546 9.9991E-05 0.250795
0.0690203 0.0460798 0.497347 0.165793 0.0704511 0.151309
0.0505156 0.0556534 0.57937 0.14433 0.0441009 0.126031
0.0606464 0.00730852 0.649161 9.9991E-05 0.0575724 0.225212
0.00942505 0.0209351 0.664814 0.0930769 9.9991E-05 0.211649
9.9982E-05 0.0889453 0.721057 0.0119219 9.9982E-05 0.177875
0.0848725 0.018165 0.568796 0.119913 0.0266309 0.181622
0.0259661 0.0380473 0.664475 0.0256769 9.9991E-05 0.245735
0.0446726 0.0316683 0.54242 0.0644782 0.00353497 0.313226
0.0696637 0.0661584 0.555048 0.0677123 0.0245936 0.216824
0.0607946 9.9982E-05 0.619745 0.0562206 9.9982E-05 0.26304
0.0756975 0.0477836 0.660626 0.00659693 9.9991E-05 0.209196
0.0300541 0.0196194 0.628177 0.0463614 0.017428 0.25836
9.9991E-05 0.026875 0.71003 0.0498755 0.0570191 0.1561
9.9982E-05 9.9982E-05 0.189451 0.409693 0.273099 0.127558
9.9991E-05 0.0265345 0.174632 0.442644 0.191111 0.164979
0.0177221 0.0763194 0.136689 0.461991 0.163451 0.143828
0.0432112 9.9991E-05 0.200765 0.367707 0.277888 0.110328
9.9982E-05 0.0811666 0.248329 0.514245 0.15606 9.9982E-05
0.0740149 9.9991E-05 0.153178 0.438669 0.222679 0.111359
0.00391573 9.9991E-05 0.102676 0.466581 0.214242 0.212486
0.0417904 0.0578393 0.239072 0.35066 0.213769 0.0968695
9.9991E-05 0.0656014 0.262404 0.335746 0.265408 0.0707406
9.9991E-05 0.0262633 0.239945 0.452922 0.182323 0.0984469
0.0130229 0.00117869 0.21623 0.390135 0.19548 0.183954
9.9991E-05 0.0362826 0.286057 0.251331 0.33335 0.0928798
0.1085 0.0508005 0.127839 0.325321 0.252654 0.134886
0.0457929 0.0212432 0.0488503 0.452128 0.233211 0.198775
9.9982E-05 9.9982E-05 0.0887596 0.528114 0.227753 0.155174
9.9982E-05 9.9982E-05 0.182127 0.412268 0.30216 0.103244
9.9991E-05 0.0200711 0.174969 0.394351 0.271367 0.139142
9.9982E-05 9.9982E-05 0.203376 0.365584 0.243436 0.187405
0.00915563 0.0577717 0.25567 0.359676 0.211095 0.106633
9.9982E-05 9.9982E-05 0.178169 0.410886 0.202536 0.208209
9.9991E-05 0.0309189 0.231532 0.495585 0.18063 0.0612343
0.0547197 0.0456708 0.202163 0.379987 0.251301 0.0661582
0.0861885 0.0124148 0.151275 0.358607 0.235138 0.156377
0.0474684 9.9991E-05 0.242185 0.356098 0.253649 0.100499
0.102922 0.00605815 0.293988 0.248954 0.237082 0.110994
0.0417972 0.0235751 0.125329 0.389479 0.343975 0.0758443
0.0448833 0.0434052 0.230727 0.353289 0.214066 0.113629
0.0164093 0.00224824 0.239481 0.326677 0.281891 0.133294
0.10219 0.0342486 0.106212 0.277632 0.311858 0.16786
9.9982E-05 9.9982E-05 0.203844 0.37921 0.272082 0.144664
9.9982E-05 9.9982E-05 0.132425 0.293953 0.329906 0.243516
0.0684813 0.0410417 0.171019 0.497419 0.125257 0.0967816
0.106606 9.9982E-05 0.348123 0.39324 0.151832 9.9982E-05
0.0459039 9.9991E-05 0.239217 0.319009 0.288757 0.107014
0.0502683 0.063005 0.182398 0.366799 0.224211 0.113318
9.9991E-05 0.0666913 0.253797 0.310857 0.242176 0.126379
9.9982E-05 9.9982E-05 0.238284 0.341534 0.290724 0.129258
0.0392187 0.0758373 0.353061 0.283731 0.062368 0.185784
0.0436452 0.0138038 0.185675 0.417519 0.339257 9.9991E-05
0.0638322 0.0382793 0.273567 0.254621 0.134557 0.235144
9.9991E-05 0.0243078 0.16751 0.354851 0.244862 0.208369
0.0102829 0.0660847 0.262727 0.237636 0.279204 0.144065
9.9991E-05 0.0316329 0.170642 0.415122 0.201598 0.180904
0.10857 0.0385362 0.171682 0.36175 0.280115 0.039347
0.00658795 0.0330278 0.24882 0.329991 0.298028 0.0835463
0.0109305 0.0796276 0.64546 0.0847332 0.0531153 0.126133
0.0568905 0.0634198 0.591619 0.208293 0.0301945 0.0495834
0.0449955 0.036608 0.618755 0.112623 0.0046868 0.182332
0.097874 0.0440477 0.599296 0.129002 0.0443874 0.0853927
9.9982E-05 0.0549321 0.701025 0.039667 9.9982E-05 0.204176
0.0436829 0.0420473 0.617266 0.232259 0.0248223 0.039922
0.0552897 0.0530935 0.544029 0.124539 0.00407729 0.218971
9.9982E-05 0.0903838 0.575843 0.146985 9.9982E-05 0.186588
9.9991E-05 0.0600924 0.693952 0.0416863 0.0183734 0.185796
9.9991E-05 0.0256378 0.692993 0.126336 0.00683787 0.148095
0.0249498 0.0659796 0.613461 0.201127 9.9991E-05 0.0943823
0.0705886 0.0558051 0.659758 0.133474 0.0114719 0.0689019
0.0883526 0.0533509 0.567089 0.130362 0.0454398 0.115406
0.0321365 0.0181945 0.736048 0.141917 9.9991E-05 0.0716038
9.9982E-05 0.011116 0.438452 0.265921 9.9982E-05 0.284312
9.9991E-05 0.021082 0.735531 0.0516554 0.0527609 0.138871
9.9991E-05 0.0726736 0.654076 0.172043 0.0678014 0.0333062
0.0324456 0.0627506 0.550429 0.176427 0.0133416 0.164606
9.9991E-05 0.00926036 0.598589 0.0807431 0.00133864 0.309969
0.000768943 0.0662709 0.661557 0.101289 0.0568831 0.113231
0.0482626 0.00516417 0.595109 0.144028 9.9991E-05 0.207336
0.0471083 0.0450428 0.495858 0.185246 0.0491908 0.177554
0.090793 0.0109753 0.676158 0.0192468 0.0863649 0.116462
0.112511 0.0363129 0.688274 0.0941286 9.9991E-05 0.0686733
0.132433 0.0510097 0.609646 0.150766 0.00957555 0.0465696
0.0811503 0.00997307 0.691853 0.0852254 9.9991E-05 0.131698
0.049681 9.9991E-05 0.82498 0.0522022 0.0131009 0.0599356
0.000216714 9.9991E-05 0.780135 0.134979 0.0324837 0.052086
0.166269 0.019195 0.7107 0.0722143 0.0103865 0.021235
9.9982E-05 0.0346417 0.837939 0.00795645 0.119263 9.9982E-05
0.0973066 0.0165793 0.667967 0.0893804 0.0447574 0.0840094
0.0825603 0.0819841 0.618483 0.124239 0.0260283 0.0667051
0.0346001 9.9982E-05 0.78539 0.032807 9.9982E-05 0.147003
0.00920715 0.0221995 0.826606 0.0404478 0.0231222 0.0784173
0.0561248 0.0541224 0.65599 0.132695 9.9991E-05 0.100969
0.0287737 0.0753152 0.741677 0.13349 0.0168656 0.00387879
0.10555 0.00540263 0.663167 0.113698 0.076568 0.0356139
0.143913 9.9991E-05 0.643264 0.158838 0.0229662 0.0309188
0.0175679 0.00960261 0.721808 0.134463 9.9991E-05 0.116459
9.9973E-05 0.0326206 0.795629 0.17145 9.9973E-05 9.9973E-05
0.0967829 0.101912 0.643783 0.125129 0.0322926 9.9991E-05
0.0976088 0.0669403 0.598434 0.138896 9.9991E-05 0.0980206
0.121618 0.11328 0.643964 0.0177261 0.0124163 0.0909949
0.149194 0.0597755 0.533928 0.0455724 0.0825341 0.128996
0.187143 0.0868595 0.537997 0.0906182 0.042859 0.0545238
0.0176613 0.0285702 0.400166 0.272423 0.0674244 0.213755
9.9991E-05 0.0657745 0.36158 0.231827 0.0798933 0.260825
0.00557226 9.9991E-05 0.312679 0.253717 0.10404 0.323891
0.061867 0.0948387 0.284497 0.347949 0.0314666 0.179382
0.108607 9.9991E-05 0.287457 0.276877 0.00909143 0.317868
0.127355 0.0191632 0.371182 0.231623 9.9991E-05 0.250576
0.0730027 0.0876516 0.334169 0.217642 0.00293651 0.284597
0.0609347 0.0108393 0.414335 0.192729 0.0542643 0.266899
9.9982E-05 0.0108178 0.35963 0.269645 9.9982E-05 0.359708
0.0765658 0.049303 0.376328 0.180662 0.0913802 0.225761
0.0539756 0.0279731 0.335904 0.300812 0.085721 0.195614
0.0291235 0.0163193 0.356031 0.351965 9.9991E-05 0.246461
0.0360365 0.0207116 0.372585 0.271152 0.0680833 0.231432
0.114514 0.0266747 0.34707 0.237663 0.0640463 0.210032
0.0181157 0.0229884 0.371641 0.239236 0.0487367 0.299282
0.0252321 0.0102405 0.361202 0.359356 9.9991E-05 0.243869
0.0407388 9.9991E-05 0.409723 0.184855 0.0758029 0.28878
0.0987069 0.0518588 0.356472 0.202767 0.0940196 0.196175
0.0847221 0.087536 0.228196 0.336918 9.9991E-05 0.262528
0.0898808 0.0913896 0.278851 0.323499 0.0334653 0.182914
9.9991E-05 0.0997102 0.346747 0.176055 0.101874 0.275514
9.9991E-05 0.0574875 0.383581 0.357269 0.049891 0.151671
9.9991E-05 0.0560735 0.343254 0.277763 0.124318 0.198492
9.9991E-05 0.0304524 0.407857 0.262254 0.0425408 0.256796
0.0508567 0.0187434 0.269311 0.307608 0.0225345 0.330947
0.000451105 9.9991E-05 0.309346 0.312216 0.06008 0.317806
9.9991E-05 0.0144931 0.415421 0.258485 0.0865573 0.224944
0.108325 0.014826 0.311604 0.217561 0.0437847 0.303899
0.0580864 0.0916248 0.303026 0.361442 0.0478656 0.137955
0.0420821 0.110249 0.283714 0.295723 0.0325492 0.235683
0.0328804 0.035556 0.393503 0.286415 0.0344109 0.217234
0.0641962 0.0705341 0.246243 0.292526 0.0432358 0.283265
0.0471485 0.1045 0.395774 0.273328 0.00953956 0.16971
0.0349392 0.041177 0.407752 0.251257 0.00426338 0.260611
0.0225359 0.0434619 0.287416 0.233404 0.111205 0.301977
0.00615432 9.9991E-05 0.359966 0.243609 0.0425913 0.347579
0.053293 0.0846986 0.298098 0.276456 0.0309603 0.256494
0.0439236 0.0956322 0.324207 0.323157 0.00548536 0.207595
0.00354694 0.0383925 0.348087 0.22649 0.0749311 0.308552
0.0455701 0.0497522 0.438736 0.259418 0.0537866 0.152737
0.102148 0.088143 0.374515 0.237464 0.102077 0.0956535
9.9991E-05 0.0537854 0.345472 0.268714 0.104396 0.227532
0.046735 0.0530443 0.296359 0.35288 0.043569 0.207414
0.053993 0.105597 0.340389 0.340893 0.0252159 0.133911
9.9982E-05 9.9982E-05 0.353487 0.234002 0.0670986 0.345213
0.0312776 0.0706304 0.393172 0.197559 0.0629011 0.24446
0.0433459 0.00399003 0.330217 0.300655 0.0584095 0.263382
9.9973E-05 9.9973E-05 0.0517926 0.133109 0.814798 9.9973E-05
0.0230149 0.0948336 0.0437181 0.0390708 0.799263 9.9991E-05
0.0142182 0.0391584 9.9973E-05 9.9973E-05 0.946323 9.9973E-05
9.9973E-05 0.0147876 9.9973E-05 9.9973E-05 0.960445 0.0244678
0.0116964 0.0476693 9.9982E-05 9.9982E-05 0.926866 0.0135684
0.00293283 0.0500124 9.9982E-05 0.0625289 0.884326 9.9982E-05
0.0175349 0.0171743 0.0380683 0.171715 0.713596 0.0419112
9.9982E-05 0.0392883 9.9982E-05 0.0653609 0.882874 0.0122768
9.9973E-05 0.0509081 9.9973E-05 9.9973E-05 0.945582 0.00321029
0.0472623 0.00560576 0.000993545 0.0346351 0.911403 9.9991E-05
0.0518 0.0217377 0.0301723 0.068012 0.80683 0.0214485
0.0296609 0.0444343 0.0580678 0.0159844 0.842245 0.00960772
0.0554026 9.9973E-05 0.0296645 9.9973E-05 0.914633 9.9973E-05
9.9964E-05 9.9964E-05 9.9964E-05 9.9964E-05 0.962412 0.0371879
9.9982E-05 0.0513287 9.9982E-05 0.086389 0.796759 0.0653237
9.9964E-05 9.9964E-05 9.9964E-05 0.00207274 0.997527 9.9964E-05
0.00370482 9.9973E-05 9.9973E-05 9.9973E-05 0.925742 0.0702528
9.9982E-05 0.0596532 9.9982E-05 0.0130098 0.91717 0.00996718
9.9964E-05 9.9964E-05 9.9964E-05 9.9964E-05 0.94496 0.05464
9.9982E-05 0.0269776 9.9982E-05 0.0541584 0.776562 0.142102
9.9982E-05 9.9982E-05 0.0481044 0.0728013 0.85712 0.0217747
9.9982E-05 0.0504617 0.00875401 9.9982E-05 0.915365 0.0252194
9.9964E-05 9.9964E-05 9.9964E-05 9.9964E-05 0.919269 0.0803316
9.9973E-05 9.9973E-05 9.9973E-05 0.0757005 0.812782 0.111218
0.037597 0.0378676 0.0156593 0.0949217 0.813854 9.9991E-05
0.0449643 9.9982E-05 0.145905 0.0476771 0.761254 9.9982E-05
0.024861 9.9973E-05 0.04682 9.9973E-05 0.928019 9.9973E-05
0.0227377 0.0114197 0.0121465 9.9991E-05 0.942134 0.0114616
0.0220519 9.9964E-05 9.9964E-05 9.9964E-05 0.977548 9.9964E-05
0.0572602 0.0611035 9.9982E-05 9.9982E-05 0.84693 0.0345061
0.0723372 0.0488389 0.0215291 0.0552891 0.801906 9.9991E-05
0.0601715 0.0300767 0.0175476 0.0143169 0.861733 0.0161541
0.0461325 9.9982E-05 0.0423651 9.9982E-05 0.877519 0.0337838
0.0551742 0.0639432 0.00330959 9.9982E-05 0.877373 9.9982E-05
9.9982E-05 9.9982E-05 0.0250777 0.0241416 0.947823 0.00275805
0.0335746 0.0448513 0.130118 0.00456365 0.72581 0.0610824
0.00632194 0.0133018 0.00498471 0.040078 0.935214 9.9991E-05
9.9982E-05 0.00108485 0.0135896 0.0129657 0.97216 9.9982E-05
0.0709731 0.019922 0.126033 9.9991E-05 0.661475 0.121497
0.00677485 0.00571127 0.0975271 9.9991E-05 0.875341 0.0145455
9.9964E-05 0.0188155 9.9964E-05 9.9964E-05 0.980785 9.9964E-05
0.116571 0.0254118 9.9991E-05 0.0708535 0.727833 0.0592315
9.9964E-05 9.9964E-05 0.0365401 9.9964E-05 0.96306 9.9964E-05
0.0582819 0.0776948 0.0313601 9.9982E-05 0.832463 9.9982E-05
0.00286749 9.9982E-05 0.104128 9.9982E-05 0.864834 0.0279702
9.9973E-05 0.0531622 9.9973E-05 0.038098 0.90844 9.9973E-05
9.9964E-05 0.030564 9.9964E-05 9.9964E-05 0.969036 9.9964E-05
0.140534 9.9982E-05 9.9982E-05 0.394695 0.458662 0.00590815
0.0911539 0.00319388 9.9991E-05 0.389463 0.485736 0.0303535
0.154588 0.0186794 9.9991E-05 0.408529 0.389448 0.0286555
0.128788 0.00535306 9.9991E-05 0.386237 0.374085 0.105437
0.0985488 0.00175844 0.0096768 0.335852 0.529316 0.0248479
0.165354 9.9991E-05 0.00633247 0.392467 0.365605 0.0701423
0.10226 0.0301661 9.9991E-05 0.384582 0.45507 0.0278217
0.128988 9.9991E-05 0.0638281 0.230574 0.520236 0.0562732
0.12729 9.9991E-05 0.0425752 0.317359 0.454213 0.0584626
0.171284 0.0148 0.0822773 0.25612 0.45346 0.0220577
0.0500763 9.9982E-05 9.9982E-05 0.349602 0.441919 0.158203
0.212593 9.9991E-05 0.0185663 0.25901 0.466846 0.0428852
0.110079 9.9982E-05 9.9982E-05 0.428095 0.413544 0.0480823
0.13034 9.9982E-05 9.9982E-05 0.336004 0.425754 0.107702
0.208628 0.0457561 0.0266638 0.205741 0.434108 0.0791035
0.160324 0.0572602 0.022568 0.339156 0.353775 0.0669164
0.154031 0.000858136 0.00675722 0.358203 0.414673 0.0654785
0.194772 0.0181884 0.00320776 0.304498 0.372759 0.106575
0.092785 9.9982E-05 9.9982E-05 0.368167 0.395777 0.143072
0.145275 9.9982E-05 9.9982E-05 0.42572 0.38543 0.0433745
0.0965655 9.9991E-05 0.0380646 0.389816 0.408719 0.0667352
0.139282 9.9991E-05 0.0391185 0.381236 0.438293 0.00197023
0.145195 0.00950567 9.9982E-05 0.352326 0.492773 9.9982E-05
0.141656 9.9991E-05 0.0944426 0.314772 0.357635 0.0913946
0.117723 0.0167018 9.9982E-05 0.36507 0.500305 9.9982E-05
0.10767 0.0347911 0.0209755 0.319581 0.485896 0.0310866
0.0878653 0.039932 9.9991E-05 0.313436 0.505051 0.053616
0.199394 0.00521853 9.9991E-05 0.226702 0.489317 0.0792687
0.189922 0.0241568 9.9991E-05 0.200603 0.549013 0.0362052
0.101112 0.0185472 0.0444338 0.259741 0.52117 0.0549958
0.125321 0.0764415 0.0146666 0.457124 0.290248 0.0361992
0.161585 9.9991E-05 0.00599315 0.242431 0.52444 0.0654499
0.183003 9.9982E-05 0.177034 0.243523 0.39624 9.9982E-05
0.106941 9.9991E-05 0.0554593 0.178801 0.567628 0.0910707
0.163394 0.0655501 0.0169689 0.229585 0.524402 9.9991E-05
0.109111 9.9982E-05 9.9982E-05 0.286949 0.513227 0.0905134
0.18888 0.0394656 0.0822053 0.17782 0.419242 0.0923868
0.204661 0.0353733 0.0538432 0.2496 0.396756 0.0597661
0.155843 0.0505438 0.00657158 0.240704 0.546238 9.9991E-05
0.105056 0.0525531 0.0827957 0.33478 0.348744 0.0760706
0.100908 9.9982E-05 9.9982E-05 0.21533 0.597364 0.0861976
0.126192 0.0196398 0.0181897 0.297718 0.53816 9.9991E-05
0.167318 0.0492747 0.0781363 0.150625 0.467745 0.0869011
0.154811 9.9991E-05 0.0659671 0.297584 0.408248 0.07329
0.0938219 9.9991E-05 0.00500986 0.393109 0.470089 0.0378698
0.185574 0.0596898 0.0928635 0.229029 0.396681 0.0361621
0.118961 0.0165926 0.0675694 0.165059 0.586245 0.0455724
0.191553 9.9982E-05 9.9982E-05 0.330015 0.44442 0.0338118
0.166643 0.0477186 9.9982E-05 0.314509 0.470929 9.9982E-05
0.13788 0.0399709 0.131786 0.121061 0.569203 9.9991E-05
0.852482 0.0268296 0.00721202 0.0296971 0.0233834 0.0603958
0.864697 0.0294421 0.0243088 0.00347109 0.0576387 0.0204426
0.708294 0.030242 0.142751 0.0649498 0.00409048 0.0496724
0.835059 9.9982E-05 9.9982E-05 0.11608 0.000674781 0.0479864
0.790732 0.0124029 0.0740184 0.0913263 0.0134334 0.0180869
0.854706 0.0228274 0.0148863 0.0943949 0.013085 9.9991E-05
0.842174 0.00883863 0.0122335 0.0918743 9.9991E-05 0.0447799
0.864421 0.0316535 0.0156488 0.0414475 9.9991E-05 0.0467293
0.795593 9.9982E-05 0.0988274 0.100297 0.00508246 9.9982E-05
0.886197 0.0186428 9.9973E-05 0.0948606 9.9973E-05 9.9973E-05
0.830527 0.0395368 0.0424412 0.087295 9.9982E-05 9.9982E-05
0.835969 0.0500072 0.0245111 9.9991E-05 0.0522283 0.037184
0.925105 9.9973E-05 9.9973E-05 0.0275863 9.9973E-05 0.0470083
0.900796 0.0466338 9.9982E-05 0.0448718 0.00749827 9.9982E-05
0.80172 0.00783414 9.9991E-05 0.0812274 0.0260494 0.0830696
0.887108 0.0440349 9.9991E-05 0.00937828 0.0118486 0.0475302
0.921836 0.0292909 9.9982E-05 0.0290454 9.9982E-05 0.0196277
0.805297 0.051027 0.0695953 0.0270588 0.00287303 0.0441484
0.903582 0.0107407 0.00204978 0.0416175 9.9991E-05 0.0419097
0.750423 0.0254684 0.148064 0.0524029 0.00294745 0.0206944
0.825605 0.0433071 9.9982E-05 0.110865 9.9982E-05 0.0200227
0.859835 0.00689939 0.0904304 0.00381895 0.0179462 0.0210699
0.839077 9.9973E-05 0.0692952 0.091328 9.9973E-05 9.9973E-05
0.911372 9.9982E-05 0.00703261 0.0571808 9.9982E-05 0.0242151
0.745606 0.0190243 0.045021 0.0831551 0.0451601 0.0620334
0.803101 0.0222772 0.0457847 0.110408 9.9991E-05 0.0183289
0.776491 0.0168149 0.030857 0.00186679 0.0163473 0.157623
0.773041 0.0253579 0.0228082 0.178593 9.9982E-05 9.9982E-05
0.716839 0.0839622 0.114441 9.9991E-05 0.0140168 0.0706409
0.848067 0.0499022 0.00445316 0.0469035 9.9991E-05 0.0505744
0.786704 0.00848128 0.0778768 0.0772752 9.9991E-05 0.049563
0.857014 9.9973E-05 9.9973E-05 0.0931732 9.9973E-05 0.0495125
0.9042 0.0303053 0.0108544 0.0207395 9.9991E-05 0.033801
0.873029 0.0243743 0.0517166 0.05068 9.9982E-05 9.9982E-05
0.696241 0.0246941 0.053781 0.105777 0.0152691 0.104238
0.840427 0.0138622 9.9991E-05 0.0403769 0.0472089 0.0580245
0.851496 9.9982E-05 0.0533811 0.0416916 9.9982E-05 0.0532312
0.921458 0.0219085 0.0216805 9.9982E-05 9.9982E-05 0.0347529
0.851124 0.0204051 0.0423416 0.0859293 9.9982E-05 9.9982E-05
0.845301 0.0644578 0.0417993 0.0482416 9.9982E-05 9.9982E-05
0.906802 0.0058505 0.00412343 0.0830245 9.9982E-05 9.9982E-05
0.892295 9.9973E-05 0.0179222 0.0894827 9.9973E-05 9.9973E-05
0.90558 0.0582833 9.9973E-05 0.0358365 9.9973E-05 9.9973E-05
0.78193 0.023867 9.9991E-05 0.0391714 0.00973956 0.145192
0.866854 9.9973E-05 9.9973E-05 0.0483249 9.9973E-05 0.0845216
0.87685 9.9991E-05 0.0654705 0.0105418 0.00381013 0.0432276
0.887052 0.0596224 9.9982E-05 0.0111554 9.9982E-05 0.0419698
0.883186 0.0275377 0.0241498 9.9991E-05 0.0356671 0.029359
0.920748 0.0434566 0.0143952 9.9991E-05 0.0046237 0.0166763
0.846522 0.0587114 9.9991E-05 0.023855 0.00714958 0.0636617
9.9973E-05 0.0126842 9.9973E-05 0.981186 9.9973E-05 0.00583024
0.0250827 0.0396123 0.0881218 0.740041 0.0488726 0.0582698
9.9982E-05 0.0288312 0.0422965 0.876126 0.0525464 9.9982E-05
0.0115248 0.0885896 0.23575 0.570426 0.0572786 0.0364305
0.000418885 0.0280312 0.145732 0.773211 0.0525069 9.9991E-05
9.9982E-05 0.00362285 0.144448 0.748675 9.9982E-05 0.103054
0.0406212 0.0315844 0.0698687 0.805261 9.9991E-05 0.0525651
9.9973E-05 9.9973E-05 0.121273 0.774203 9.9973E-05 0.104224
0.0415524 0.027817 0.0981268 0.808401 9.9991E-05 0.0240025
0.00140388 0.119308 0.0538667 0.765983 9.9991E-05 0.0593381
0.0764768 9.9991E-05 0.136449 0.583179 0.110677 0.0931184
0.086196 9.9991E-05 0.088742 0.614509 0.0813459 0.129107
0.024567 0.0902234 0.0150919 0.817852 0.00638458 0.0458812
0.0115877 0.0745326 9.9991E-05 0.710302 0.165581 0.0378964
0.0426843 0.0260367 0.065728 0.823173 0.0422785 9.9991E-05
0.0795104 0.0569665 0.0089141 0.823051 0.0314576 9.9991E-05
0.13152 0.124066 0.0291416 0.568127 0.100331 0.0468151
9.9991E-05 0.020161 0.0536048 0.802805 0.0526337 0.0706953
0.0240852 0.00547191 0.000619773 0.832569 0.0519628 0.0852918
0.0478913 0.0104814 0.0419686 0.743282 0.0941 0.0622767
0.0135545 0.0682449 0.021782 0.759597 0.120554 0.0162679
9.9991E-05 0.00379807 0.0461302 0.823145 0.0185354 0.108292
0.0846338 0.0252971 0.0233623 0.821542 0.0180918 0.0270731
0.00137257 0.0358717 0.0361257 0.894467 0.0320631 9.9991E-05
0.0415383 0.0431934 0.00810014 0.791716 9.9991E-05 0.115353
9.9982E-05 0.0616955 0.168894 0.720025 0.0491856 9.9982E-05
0.0800193 9.9982E-05 0.0346713 0.814355 9.9982E-05 0.070754
0.0652838 0.0103991 0.115292 0.760837 0.0480886 9.9991E-05
9.9982E-05 9.9982E-05 0.144147 0.724201 0.102381 0.0290714
0.0255707 0.0516244 0.0801171 0.761774 0.0273446 0.0535693
0.039548 0.0589509 0.104771 0.736333 0.0602981 9.9991E-05
9.9982E-05 0.0337882 0.0194212 0.930258 9.9982E-05 0.0163325
0.0904821 0.0369412 0.00104813 0.79835 0.0512768 0.0219016
0.0880289 0.0660861 9.9991E-05 0.833221 0.00425576 0.00830831
0.0496337 0.00686708 0.22804 0.615951 0.0799852 0.0195236
9.9982E-05 0.0518954 0.114909 0.831199 0.0017963 9.9982E-05
9.9982E-05 0.0421236 9.9982E-05 0.804349 0.0194149 0.133913
9.9973E-05 0.0367981 9.9973E-05 0.934029 0.0288728 9.9973E-05
0.023512 0.0708048 0.0482216 0.792289 0.0650722 9.9991E-05
0.00660488 0.120644 0.0658816 0.777942 0.0288273 9.9991E-05
0.0466179 0.12312 0.0243462 0.792251 0.0135648 9.9991E-05
0.0418459 0.0564892 0.11557 0.759371 9.9991E-05 0.0266241
0.00869487 0.0242131 0.110117 0.822016 0.0348585 9.9991E-05
0.0322688 0.0199965 0.0603077 0.803294 9.9991E-05 0.0840331
0.0397964 0.0543903 0.187156 0.6359 0.0508238 0.0319335
0.00365731 0.0602281 9.9991E-05 0.791004 0.135135 0.00987497
0.75068 0.0305415 0.0568155 9.9991E-05 0.108305 0.0535584
0.555717 0.00959803 0.128815 0.0858378 0.146591 0.0734404
0.810954 0.0243305 9.9991E-05 0.0208914 0.0967491 0.0469748
0.821299 9.9973E-05 9.9973E-05 9.9973E-05 0.105087 0.0733136
0.778308 9.9982E-05 0.0453864 9.9982E-05 0.117328 0.0587775
0.798008 9.9982E-05 9.9982E-05 0.0385136 0.105591 0.0576872
0.753035 0.0327696 0.010906 0.0784872 0.124702 9.9991E-05
0.790495 0.0597428 0.022659 0.0165519 0.110451 9.9991E-05
0.778051 0.0456321 0.0330728 0.0118603 0.131284 9.9991E-05
0.65724 0.0574124 0.0932755 0.0637205 0.0945647 0.0337866
0.719159 9.9982E-05 0.0666069 9.9982E-05 0.150926 0.0631079
0.778876 9.9973E-05 0.0512788 9.9973E-05 0.169545 9.9973E-05
0.801326 0.021303 0.0696861 0.00849546 0.0990892 9.9991E-05
0.832001 0.0298724 9.9991E-05 0.0234883 0.0730531 0.0414849
0.650698 0.0160809 0.196365 9.9982E-05 0.136656 9.9982E-05
0.609602 0.00417044 0.0552606 0.0982021 0.13211 0.100655
0.526076 0.0486965 0.12076 0.0791875 0.129552 0.0957279
0.754786 9.9982E-05 0.0690648 9.9982E-05 0.105891 0.0700574
0.747758 9.9982E-05 0.0731904 0.0473594 0.131493 9.9982E-05
0.788197 0.0216975 0.0716219 9.9982E-05 0.118284 9.9982E-05
0.787904 0.0097503 0.0596927 9.9982E-05 0.142453 9.9982E-05
0.726158 9.9991E-05 0.052396 0.00167216 0.155468 0.0642059
0.769106 0.00294745 0.0810887 9.9982E-05 0.146658 9.9982E-05
0.819414 9.9982E-05 0.0279865 9.9982E-05 0.140071 0.0123286
0.789123 9.9982E-05 0.0352871 9.9982E-05 0.132171 0.0432187
0.788191 9.9973E-05 0.0402133 9.9973E-05 0.171296 9.9973E-05
0.755272 9.9973E-05 0.112885 9.9973E-05 0.131543 9.9973E-05
0.681969 0.0402121 0.118513 9.9991E-05 0.0976902 0.061515
0.819324 0.0452937 0.0375875 9.9991E-05 0.0856861 0.012009
0.776311 0.025488 0.035211 0.0211632 0.141727 9.9991E-05
0.785527 9.99765E-05 0.0381399 9.99765E-05 0.176033 9.99765E-05
0.809825 0.00438653 0.0305359 0.006309 0.148844 9.9991E-05
0.828524 0.0117068 0.0708755 9.9982E-05 0.0886941 9.9982E-05
0.722693 9.9982E-05 0.071207 9.9982E-05 0.163209 0.042691
0.792881 0.00612356 9.9982E-05 9.9982E-05 0.16915 0.0316459
0.715922 9.9991E-05 0.0842266 0.0111405 0.136214 0.0523972
0.836808 9.9973E-05 0.0436341 9.9973E-05 0.119258 9.9973E-05
0.862589 9.9973E-05 0.0261925 9.9973E-05 0.110918 9.9973E-05
0.852248 9.9982E-05 0.0325267 0.0170479 0.0979778 9.9982E-05
0.837464 9.9973E-05 0.0361298 9.9973E-05 0.126106 9.9973E-05
0.828549 9.9982E-05 0.0206865 9.9982E-05 0.148514 0.00205068
0.86264 0.00136271 9.9973E-05 9.9973E-05 0.135697 9.9973E-05
0.794585 9.9973E-05 0.0488948 9.9973E-05 0.15622 9.9973E-05
0.879139 9.9982E-05 0.0112052 9.9982E-05 0.0699208 0.0395353
0.747632 9.9973E-05 0.0924858 9.9973E-05 0.159582 9.9973E-05
0.0229546 0.816657 0.0254742 0.0283657 0.0717001 0.0348482
9.9982E-05 0.869445 0.00935745 9.9982E-05 0.0822688 0.0387288
0.0305834 0.755894 0.0418075 0.0614374 9.9991E-05 0.110178
9.9991E-05 0.785589 0.0208534 0.0208455 0.0927179 0.0798937
9.9991E-05 0.882968 0.0186844 0.059508 0.0217202 0.0170194
9.9973E-05 0.92202 0.0670893 9.9973E-05 0.0105908 9.9973E-05
9.9982E-05 0.84531 9.9982E-05 0.0696267 0.00364463 0.0812183
0.021258 0.539201 0.142572 0.0513392 0.0389553 0.206675
0.046576 0.815004 0.112428 9.9991E-05 0.0144075 0.0114847
0.010154 0.874606 9.9973E-05 9.9973E-05 9.9973E-05 0.11494
0.0607445 0.686447 0.0085811 0.0231814 0.0715867 0.149459
0.0814629 0.590619 0.0395721 0.0821208 0.00367646 0.202549
0.0329555 0.872627 0.051381 9.9982E-05 9.9982E-05 0.0428369
9.9973E-05 0.851811 9.9973E-05 0.0349352 9.9973E-05 0.112954
9.9973E-05 0.817859 0.108817 0.0730239 9.9973E-05 9.9973E-05
9.9982E-05 0.94787 0.00028892 9.9982E-05 0.0171661 0.0344747
0.0120239 0.699037 0.0757162 9.9991E-05 0.00435614 0.208767
9.9973E-05 0.834416 9.9973E-05 9.9973E-05 0.0321539 0.13313
0.0409809 0.733605 9.9982E-05 0.0292836 9.9982E-05 0.195931
9.9973E-05 0.967588 0.0153834 9.9973E-05 9.9973E-05 0.0167284
0.00156985 0.894085 0.0459535 9.9991E-05 0.0114287 0.0468627
9.9973E-05 0.746471 9.9973E-05 0.0403644 9.9973E-05 0.212864
9.9991E-05 0.720522 0.0895539 0.0333352 0.015943 0.140546
9.9973E-05 0.931388 9.9973E-05 0.00696404 9.9973E-05 0.0613482
0.0472889 0.740698 0.0755325 0.049339 0.0473943 0.0397476
9.9982E-05 0.818585 0.12778 0.0169196 9.9982E-05 0.0365151
9.9973E-05 0.768897 9.9973E-05 0.0360851 9.9973E-05 0.194718
0.0642918 0.657784 0.0419963 0.00830239 0.0216237 0.206002
0.0230698 0.897921 9.9991E-05 0.00794863 0.00759281 0.0633681
0.0101273 0.830133 0.0463856 0.00240735 9.9991E-05 0.110846
0.0361366 0.83991 9.9982E-05 0.0541681 9.9982E-05 0.0695857
0.0493318 0.885651 9.9973E-05 0.0647173 9.9973E-05 9.9973E-05
0.034928 0.937729 9.9973E-05 0.0270426 9.9973E-05 9.9973E-05
0.0104002 0.848921 9.9982E-05 0.03482 9.9982E-05 0.105659
9.9973E-05 0.9304 0.0352164 9.9973E-05 0.0340839 9.9973E-05
9.9964E-05 0.701147 9.9964E-05 9.9964E-05 9.9964E-05 0.298453
9.9982E-05 0.77926 0.02786 0.0620258 9.9982E-05 0.130654
0.0155766 0.926906 0.0529436 9.9982E-05 0.00437388 9.9982E-05
0.0439468 0.926923 9.9973E-05 9.9973E-05 9.9973E-05 0.02883
0.0448295 0.821155 0.0754211 9.9982E-05 9.9982E-05 0.0583941
9.9982E-05 0.800883 0.0463464 9.9982E-05 0.016625 0.135945
0.04291 0.561066 0.12417 0.0741906 0.0295983 0.168065
9.9991E-05 0.694393 0.102207 0.113835 0.0307964 0.0586692
9.9973E-05 0.872485 9.9973E-05 0.0312997 9.9973E-05 0.0959155
9.9973E-05 0.837135 9.9973E-05 9.9973E-05 0.00393103 0.158634
9.9991E-05 0.852544 0.0255497 0.0343352 0.0288664 0.0586051
0.00332119 0.996279 9.9964E-05 9.9964E-05 9.9964E-05 9.9964E-05
0.0693851 0.811368 9.9991E-05 0.0117423 0.0210919 0.0863129
0.0342014 9.9991E-05 0.0942673 0.0207242 0.00903826 0.841669
0.0346492 0.0527793 0.0435956 9.9991E-05 0.0197239 0.849152
0.024881 0.109805 0.156858 9.9982E-05 9.9982E-05 0.708256
9.9982E-05 0.0430451 0.164609 9.9982E-05 0.045132 0.747014
9.9982E-05 0.0250924 0.199792 0.0143084 9.9982E-05 0.760607
0.0709112 0.120038 0.177754 0.0381854 0.0288526 0.56426
0.0645649 0.0863442 0.0646367 0.0796832 9.9991E-05 0.704671
0.0746652 0.0744345 0.0166755 0.0424865 0.0358936 0.755845
0.0648011 0.0934317 0.142765 0.0460642 9.9991E-05 0.652838
0.0691739 9.9991E-05 0.0904102 0.0791552 0.032082 0.729079
0.0247014 0.0588739 9.9991E-05 0.0512115 0.0855318 0.779581
0.000512224 0.0150619 0.0319523 0.0664128 0.0244379 0.861623
0.0391996 9.9982E-05 0.0577918 9.9982E-05 0.0224433 0.880365
0.089194 0.0643463 0.122145 0.0105409 0.0665434 0.647231
0.0699199 0.0167777 0.0438038 9.9982E-05 9.9982E-05 0.869299
0.0719215 9.9982E-05 0.192412 0.0372221 9.9982E-05 0.698244
9.9982E-05 0.0084988 0.209566 9.9982E-05 0.0496474 0.732087
9.9982E-05 0.0295927 0.0801466 9.9982E-05 0.0501814 0.839879
0.0793927 0.0593087 0.0965999 0.0870531 0.061704 0.615942
0.0403398 0.0252367 9.9991E-05 0.033533 0.0569494 0.843841
0.0583585 0.0046718 0.00841194 0.0657523 9.9991E-05 0.862705
0.0676782 0.071931 0.0864272 0.000159209 9.9991E-05 0.773704
0.0658541 0.0665445 0.0569502 0.0570408 0.00726816 0.746342
0.045572 0.131576 0.201557 0.0281879 0.0279692 0.565139
0.0213904 0.0478825 0.226326 0.0199259 9.9991E-05 0.684375
9.9973E-05 0.0161508 9.9973E-05 0.0854159 9.9973E-05 0.898133
9.9982E-05 0.0812411 0.0662823 9.9982E-05 0.0199791 0.832298
9.9982E-05 0.105457 0.0206723 0.129878 9.9982E-05 0.743792
9.9991E-05 0.0453236 0.0321149 0.0340583 0.0353025 0.853101
0.0154048 0.0899488 9.9991E-05 0.0387956 0.00858746 0.847163
0.0696491 0.0229881 9.9982E-05 9.9982E-05 0.0329432 0.87422
9.9991E-05 0.0291167 0.0296178 0.116032 0.00294226 0.822192
0.00845371 0.0637175 0.151911 9.9991E-05 0.0423325 0.733486
0.0379281 0.0387188 0.139989 0.0254119 9.9991E-05 0.757852
9.9991E-05 0.10246 0.0320258 0.0436756 0.0438304 0.777908
9.9982E-05 0.0735218 0.101415 0.100755 9.9982E-05 0.724109
0.101083 0.0902736 0.0746055 0.0715591 0.0977987 0.56468
0.0647158 0.0558346 9.9982E-05 0.0599481 9.9982E-05 0.819302
0.0394153 0.0174904 0.065188 9.99953E-05 0.102526 0.77528
9.9982E-05 0.0909129 0.163051 0.0134078 9.9982E-05 0.732428
0.0298852 0.0943054 0.0366365 0.0409295 0.0395281 0.758715
0.0456089 0.0990926 0.101117 0.0274292 0.0413719 0.685381
0.121208 0.0510415 9.9973E-05 9.9973E-05 9.9973E-05 0.82745
0.085696 0.0363457 0.138569 9.9991E-05 0.0429245 0.696365
0.0739256 0.0307415 9.9982E-05 9.9982E-05 0.00867589 0.886457
0.0252991 0.029188 0.0713607 9.9982E-05 9.9982E-05 0.873952
0.0687058 0.0577608 0.0931795 0.0477088 9.9991E-05 0.732545
0.0171227 9.9991E-05 0.00244719 0.0541302 0.0265817 0.899618
0.0537303 0.11028 0.0137227 9.9991E-05 0.0279003 0.794266
0.146611 0.0666239 9.9982E-05 9.9982E-05 0.0537352 0.73283
0.108272 0.050253 0.547375 0.0752158 0.114186 0.104698
0.0649317 0.0926407 0.647921 0.138081 9.9991E-05 0.0563258
0.0440191 0.0725226 0.600533 0.134914 9.9991E-05 0.147911
9.9991E-05 0.0298311 0.659984 0.0135413 0.0228336 0.27371
0.099793 0.0361635 0.622279 0.094066 0.0307044 0.116994
9.9982E-05 0.0717455 0.650669 0.110021 9.9982E-05 0.167364
0.0554996 0.0685948 0.648984 0.117936 0.00333003 0.105656
0.0185915 0.015882 0.723014 0.0801524 0.0167161 0.145644
0.0522257 0.0371705 0.566749 0.150928 0.000487766 0.192439
0.0495913 0.0759215 0.611437 0.0904255 0.0151008 0.157524
9.9991E-05 0.0794416 0.710443 0.00655822 0.0307648 0.172693
0.0279345 0.0053485 0.691727 0.0718977 9.9991E-05 0.202993
0.107081 0.0855251 0.57965 0.124658 9.9991E-05 0.102985
0.0773761 0.0314033 0.617861 9.9991E-05 0.0021389 0.27112
0.0303788 9.9991E-05 0.64523 0.120061 0.0245752 0.179655
0.0642079 0.121121 0.553649 0.0710961 0.0498977 0.140029
9.9991E-05 0.0392684 0.677071 0.0608852 0.0389501 0.183726
0.0911418 0.0735465 0.587271 0.0973498 9.9991E-05 0.150591
9.9982E-05 0.0450878 0.740228 0.0238171 9.9982E-05 0.190667
9.9982E-05 0.0692514 0.639906 0.152126 9.9982E-05 0.138517
0.0799104 9.9991E-05 0.675892 0.0210785 0.0223798 0.200639
0.0705209 0.00151047 0.711486 0.0241775 0.0283664 0.163939
0.125593 0.0259887 0.83878 9.9982E-05 0.00943786 9.9982E-05
0.142947 0.0336377 0.702571 9.9991E-05 0.0539983 0.0667464
0.140896 0.00324413 0.704953 9.9991E-05 0.0815474 0.0692599
0.109819 0.0369078 0.797539 0.0220885 0.0335452 9.9991E-05
0.142824 0.0586797 0.753936 0.0151744 0.0292863 9.9991E-05
0.110442 0.0281136 0.692267 0.0558765 0.0960137 0.0172876
0.0311411 0.0466767 0.765398 0.0643614 0.0491286 0.0432938
0.12469 0.0487331 0.826277 9.9973E-05 9.9973E-05 9.9973E-05
0.0762636 0.0698843 0.797992 0.0122396 0.0435207 9.9991E-05
0.133634 9.9982E-05 0.76778 0.0400983 0.0582873 9.9982E-05
0.173272 0.0320829 0.729888 0.0156336 0.0490236 9.9991E-05
0.108711 0.00923266 0.872842 9.9982E-05 0.00901452 9.9982E-05
9.9973E-05 0.0531012 0.862674 9.9973E-05 0.0839245 9.9973E-05
0.101034 0.0520544 0.736683 9.9991E-05 0.0527476 0.0573817
0.0840847 0.050257 0.751363 0.079589 0.0154772 0.0192289
0.100684 0.0198846 0.768447 0.0266639 0.0842208 9.9991E-05
0.106365 0.0161987 0.842605 9.9991E-05 0.018587 0.0161442
0.0913644 0.0570958 0.757407 9.9991E-05 0.0875789 0.00645365
0.073967 0.0702652 0.79782 0.0295194 0.0283287 9.9991E-05
0.161695 0.0179501 0.808172 9.9991E-05 0.00681103 0.00527241
0.0517864 0.0238307 0.803377 0.0369825 9.9991E-05 0.0839233
0.0838722 9.9991E-05 0.48568 0.099766 0.051083 0.279499
0.0428132 9.9991E-05 0.707022 0.0634529 0.0119419 0.17467
0.0952394 0.0508662 0.544043 0.0650831 9.9991E-05 0.244668
9.9982E-05 9.9982E-05 0.780157 0.0442939 0.0084461 0.166903
0.074908 0.0791552 0.672574 0.0276576 0.00904246 0.136663
0.0236106 9.9991E-05 0.754842 0.0668582 0.0242843 0.130305
0.0505589 0.0375595 0.69646 0.0690057 0.0354044 0.111011
0.0406045 0.0931469 0.764095 0.0256685 9.9991E-05 0.0763854
9.9982E-05 0.071817 0.661156 0.0797809 9.9982E-05 0.187046
0.164691 0.0724443 0.503545 0.16144 9.9991E-05 0.0977797
0.0192135 0.0551434 0.659207 0.0659878 9.9991E-05 0.200348
0.147404 0.0613435 0.499208 0.137075 0.0303367 0.124633
9.9991E-05 0.0416677 0.65494 0.084979 0.00140789 0.216906
0.0876413 0.0316538 0.589908 0.0559082 9.9991E-05 0.234789
0.0555244 0.051327 0.687103 0.0340132 0.0407765 0.131256
0.184662 0.063701 0.558497 0.00770339 0.0316892 0.153747
0.0780427 0.0234422 0.629279 0.031693 0.0119779 0.225565
0.00542887 0.0475954 0.607863 0.0993193 0.055134 0.18466
0.0877951 9.9991E-05 0.631052 0.0494556 0.027839 0.203758
0.087854 0.0581189 0.630882 0.02693 0.0215065 0.174709
0.140467 9.9991E-05 0.509341 0.0991021 0.00823692 0.242753
0.00423274 0.0551054 0.71383 0.0272315 0.0540227 0.145577
0.0740019 0.071148 0.595004 0.0625531 9.9991E-05 0.197193
0.162786 0.0664515 0.664994 0.0427623 9.9991E-05 0.062907
0.132193 9.9991E-05 0.700991 0.0747474 0.0336663 0.0583018
0.0930916 0.0603088 0.724558 9.9991E-05 0.0348225 0.0871193
0.146167 9.9982E-05 0.563962 0.0786334 9.9982E-05 0.211037
0.0798076 0.0629521 0.676227 9.9991E-05 0.0698831 0.111031
0.0833801 0.0271037 0.736206 0.0062862 0.00650328 0.140521
0.12181 0.0809114 0.65112 9.9991E-05 0.00419305 0.141866
0.10186 0.0166447 0.709617 9.9991E-05 0.063367 0.108412
0.100863 0.0386932 0.658886 9.9991E-05 0.0735873 0.127871
0.0486479 0.0553035 0.67488 9.9991E-05 0.0777081 0.143361
0.0328109 0.000998007 0.719163 0.0617872 9.9991E-05 0.185141
0.0651314 0.0285163 0.685758 0.0185934 0.0241613 0.177839
0.0421221 0.0627897 0.721361 9.9991E-05 0.0832887 0.0903388
0.107095 0.0418686 0.783654 0.00203024 9.9991E-05 0.0652517
0.14937 0.0465276 0.738663 0.0117674 0.053572 9.9991E-05
0.0940025 0.000278023 0.664268 0.0654785 0.0200867 0.155886
0.118941 0.0175886 0.757285 0.0923452 9.9991E-05 0.0137401
0.108591 0.0425859 0.682791 0.0210484 0.0936835 0.0513008
