0.175018 0.0117211 0.179413 0.0825815 9.9982E-05 0.276106 9.9982E-05 0.219901 0.0550604
0.203941 0.164179 9.9982E-05 0.0778822 0.196882 0.0132221 9.9982E-05 0.14623 0.197465
9.9973E-05 0.126108 0.205017 0.170175 0.254364 0.17214 9.9973E-05 0.0718963 9.9973E-05
0.345135 0.206893 9.9973E-05 9.9973E-05 0.20521 0.0650344 9.9973E-05 0.0725861 0.104842
0.260925 0.0840729 9.99729E-05 9.99729E-05 0.214767 9.99729E-05 0.0461363 0.166479 0.227321
0.15724 0.0964577 0.114458 0.199074 0.0164567 0.336698 9.9982E-05 0.0794163 9.9982E-05
0.084702 0.0119576 0.0543333 0.134489 0.301414 0.236525 0.01201 0.127472 0.037098
0.143052 9.9973E-05 0.236902 9.9973E-05 0.186753 0.0907689 0.0252276 0.316998 9.9973E-05
0.0690035 0.0580141 0.0995672 0.199021 0.211031 0.116534 9.9991E-05 0.189998 0.0567317
0.572135 0.00992024 0.180266 0.0577455 9.9973E-05 0.0426817 9.9973E-05 0.136952 9.9973E-05
0.102009 0.156719 0.0655358 0.0623523 0.289768 0.0869871 9.9991E-05 0.1941 0.0424291
0.266346 0.0931645 0.280308 9.9964E-05 0.287551 9.9964E-05 9.9964E-05 0.0722308 9.9964E-05
0.201085 9.9982E-05 0.128462 0.160872 0.163143 0.215963 0.0480214 9.9982E-05 0.0822532
0.560443 9.9973E-05 0.0846876 0.197681 0.0846135 0.0314392 9.9973E-05 9.9973E-05 0.0408365
0.0199649 0.0625232 0.105365 0.0798313 0.0881495 0.374649 9.9991E-05 0.22866 0.0407565
0.516991 9.9955E-05 0.252565 9.9955E-05 0.221918 0.00802556 9.9955E-05 9.9955E-05 9.9955E-05
0.387726 0.111376 0.0233925 0.00916124 0.226234 0.222772 0.0191379 9.9982E-05 9.9982E-05
0.589373 9.9964E-05 0.0825886 9.9964E-05 0.171542 9.9964E-05 0.0244378 9.9964E-05 0.131659
0.626379 0.112956 9.9964E-05 0.0414121 0.0144428 0.20441 9.9964E-05 9.9964E-05 9.9964E-05
9.9973E-05 0.165386 0.468054 9.9973E-05 0.133727 0.0228515 9.9973E-05 0.0824125 0.12727
9.99731E-05 0.0710749 0.307063 0.0598746 0.294148 0.238373 9.99731E-05 9.99731E-05 0.0291658
0.279504 0.00631788 0.360156 9.9991E-05 0.0433475 0.0238971 0.0671857 0.178865 0.0406272
0.295699 9.9973E-05 0.0719847 0.296573 0.242294 0.057347 9.9973E-05 9.9973E-05 0.0358023
0.164379 9.9982E-05 0.268885 0.00284699 0.149937 0.185066 9.9982E-05 0.165272 0.0634142
0.324814 0.0243866 0.0564562 0.194007 0.210765 0.158702 9.9982E-05 9.9982E-05 0.0306689
0.403065 0.13448 0.0393315 9.9964E-05 0.331141 9.9964E-05 9.9964E-05 9.9964E-05 0.0915818
0.0925772 0.265591 9.9973E-05 0.244898 0.16256 0.164932 9.9973E-05 9.9973E-05 0.0691417
0.18137 0.257041 0.131902 0.164509 0.0564607 0.11558 9.9982E-05 9.9982E-05 0.0929373
0.00948947 0.207918 0.103356 0.20028 0.304032 0.107486 9.9982E-05 9.9982E-05 0.0672382
0.451787 9.9982E-05 0.038661 0.123352 0.128903 0.189128 9.9982E-05 0.00223762 0.0657313
0.364754 9.9973E-05 0.296347 9.9973E-05 0.0407571 0.188638 0.0142333 9.9973E-05 0.0949709
0.176354 9.9973E-05 0.305758 0.19554 0.234818 9.9973E-05 9.9973E-05 0.0375096 0.049721
9.9982E-05 0.0747897 0.0899603 0.238402 0.311532 0.167207 9.9982E-05 0.0659754 0.0519329
0.331459 9.9973E-05 0.170091 0.132969 0.0266259 9.9973E-05 9.9973E-05 0.281967 0.0565888
0.226696 0.0553167 0.133663 0.138612 0.185476 0.159754 9.9982E-05 9.9982E-05 0.100282
9.9973E-05 9.9973E-05 0.158154 0.351431 0.388119 0.0432322 0.0330823 9.9973E-05 0.025681
0.232242 9.9991E-05 0.0115704 0.236032 0.115915 0.0382839 0.00789966 0.343285 0.0146721
0.0932099 0.00625532 0.156921 9.9991E-05 0.0335838 0.282618 0.0994964 0.218621 0.109195
9.9973E-05 0.109063 0.492274 9.9973E-05 0.157543 9.9973E-05 0.14112 0.093369 0.00633106
0.256407 0.0545152 0.181018 9.9973E-05 0.0919645 0.392567 9.9973E-05 9.9973E-05 0.0232291
0.494821 0.00864029 0.15841 0.128304 9.9982E-05 0.0235554 0.141242 9.9982E-05 0.0448272
0.347007 9.99729E-05 9.99729E-05 0.245396 0.169258 0.0384481 0.0843432 9.99729E-05 0.115247
0.103732 0.0340262 0.145056 0.148507 0.151031 0.304303 9.9991E-05 0.0222998 0.0909445
9.9964E-05 0.093821 0.297205 0.215752 0.307464 9.9964E-05 9.9964E-05 9.9964E-05 0.0853588
0.0792244 0.0678369 0.106224 0.154843 9.9991E-05 0.27744 0.0935187 0.0872987 0.133514
9.99551E-05 9.99551E-05 0.359446 9.99551E-05 0.241285 9.99551E-05 0.368724 0.0300464 9.99551E-05
0.0870682 0.113927 9.9973E-05 9.9973E-05 0.167387 0.289906 0.0898426 0.25157 9.9973E-05
9.9982E-05 9.9982E-05 0.207192 0.0272471 0.201921 0.239196 0.220842 0.0508734 0.0525281
0.239906 9.9964E-05 9.9964E-05 9.9964E-05 0.0776472 0.140015 0.388569 0.153462 9.9964E-05
0.183434 9.9964E-05 9.9964E-05 0.0813355 0.341343 9.9964E-05 0.387359 9.9964E-05 0.00612756
0.249389 9.99641E-05 0.130596 0.0252665 9.99641E-05 0.235962 0.358387 9.99641E-05 9.99641E-05
0.329441 0.00119637 0.114644 9.9982E-05 0.182445 0.092798 0.224338 0.0549383 9.9982E-05
0.0552054 0.00074441 9.9973E-05 0.128181 9.9973E-05 0.327069 0.356289 0.132211 9.9973E-05
9.9973E-05 9.9973E-05 0.0761893 0.115292 0.275976 0.131336 0.287703 0.113203 9.9973E-05
9.999E-05 0.0747695 0.00664208 0.171718 0.20226 0.230892 0.174436 0.128305 0.0108774
9.9964E-05 9.9964E-05 9.9964E-05 9.9964E-05 0.24035 0.558127 0.0584679 0.0525959 0.0900596
9.9982E-05 0.0900409 0.127359 0.237116 0.10396 0.298231 0.121802 0.0212915 9.9982E-05
0.366618 0.085497 9.9982E-05 9.9982E-05 0.142149 0.0851867 0.149947 0.122884 0.0475185
0.118284 9.9973E-05 0.0311377 0.278702 9.9973E-05 0.361062 0.199258 0.0112568 9.9973E-05
0.230415 0.0261854 9.99641E-05 9.99641E-05 0.264262 0.227941 0.250797 9.99641E-05 9.99641E-05
0.0721521 9.9964E-05 9.9964E-05 9.9964E-05 0.30362 0.147973 0.417623 0.0582317 9.9964E-05
0.241204 9.9955E-05 0.130913 9.9955E-05 9.9955E-05 0.297274 0.330109 9.9955E-05 9.9955E-05
0.120173 9.99549E-05 0.225885 9.99549E-05 9.99549E-05 0.225887 0.427554 9.99549E-05 9.99549E-05
9.9964E-05 0.106607 9.9964E-05 9.9964E-05 0.0415746 0.474741 0.182298 0.19438 9.9964E-05
9.9973E-05 9.9973E-05 9.9973E-05 0.127729 0.105936 0.202865 0.308678 0.148687 0.105805
9.99731E-05 0.137208 9.99731E-05 9.99731E-05 0.0488219 0.217317 0.364032 0.138726 0.0935944
0.248395 0.128053 9.9964E-05 9.9964E-05 9.9964E-05 0.361223 0.179824 0.0821054 9.9964E-05
9.9955E-05 9.9955E-05 0.294198 9.9955E-05 0.578474 9.9955E-05 0.0612814 0.065547 9.9955E-05
9.9973E-05 9.9973E-05 0.0417462 0.149716 0.368097 0.308355 9.9973E-05 0.0153556 0.11643
9.9964E-05 9.9964E-05 9.9964E-05 9.9964E-05 0.0766843 0.374161 0.298862 0.180306 0.0695868
0.152156 9.9982E-05 0.177492 0.110402 0.205928 0.179933 0.0307096 0.14318 9.9982E-05
0.0174268 0.117064 9.9991E-05 0.151583 0.0828237 0.130969 0.310353 0.0924816 0.0971984
0.113178 9.9973E-05 0.075807 9.9973E-05 9.9973E-05 0.113518 0.586592 0.110067 0.00053792
9.99551E-05 0.0309948 0.0394391 9.99551E-05 0.578792 0.350274 9.99551E-05 9.99551E-05 9.99551E-05
0.0740836 0.110927 9.9973E-05 0.0379747 0.518128 9.9973E-05 0.224281 9.9973E-05 0.0343056
0.628728 9.99461E-05 9.99461E-05 9.99461E-05 9.99461E-05 0.26835 0.102322 9.99461E-05 9.99461E-05
9.99369E-05 9.99369E-05 9.99369E-05 0.180956 9.99369E-05 9.99369E-05 0.818344 9.99369E-05 9.99369E-05
0.0609992 0.164 9.9973E-05 0.0820097 9.9973E-05 0.413204 0.0331088 0.246378 9.9973E-05
0.0962032 0.146491 9.99641E-05 9.99641E-05 9.99641E-05 0.299444 0.164057 0.293405 9.99641E-05
0.142466 0.0821009 9.9973E-05 0.14656 0.267124 0.327615 9.9973E-05 0.0338343 9.9973E-05
0.049508 9.9982E-05 0.0885 0.138209 0.281224 0.160849 9.9982E-05 0.189864 0.0916472
0.133049 0.0601326 9.9973E-05 9.9973E-05 0.437981 9.9973E-05 0.215227 0.140217 0.0130931
9.9937E-05 9.9937E-05 9.9937E-05 0.181948 9.9937E-05 9.9937E-05 0.817353 9.9937E-05 9.9937E-05
0.160345 0.0342303 0.0309333 0.0684091 9.9973E-05 0.573166 9.9973E-05 0.132616 9.9973E-05
0.122798 9.9973E-05 9.9973E-05 9.9973E-05 0.124395 0.285543 0.0302739 0.389257 0.0474325
9.9946E-05 0.731267 9.9946E-05 0.0591747 9.9946E-05 9.9946E-05 0.208959 9.9946E-05 9.9946E-05
9.9955E-05 0.587304 0.1742 9.9955E-05 0.0839259 0.15407 9.9955E-05 9.9955E-05 9.9955E-05
0.356542 0.520029 0.00521193 0.0403304 9.9982E-05 0.0176076 9.9982E-05 0.0185772 0.0415022
0.08686 0.260846 0.1787 0.335008 9.9991E-05 0.0167671 0.0727138 0.044538 0.00446613
9.9973E-05 0.683653 0.0758501 0.10326 9.9973E-05 0.0910353 0.0273995 9.9973E-05 0.0185016
9.9955E-05 0.62774 0.218485 0.132264 9.9955E-05 9.9955E-05 9.9955E-05 0.0210111 9.9955E-05
0.0673024 0.614818 0.0780701 9.9982E-05 0.0909304 9.9982E-05 0.0396083 0.0940249 0.0150462
9.9964E-05 0.727387 0.0206445 9.9964E-05 0.0760289 0.112327 9.9964E-05 9.9964E-05 0.0632132
9.9973E-05 0.535992 9.9973E-05 0.243628 0.0816944 9.9973E-05 0.0886927 0.0313298 0.0183634
0.169002 0.479471 0.193149 0.00512958 0.152849 9.9964E-05 9.9964E-05 9.9964E-05 9.9964E-05
0.103804 0.700712 0.194884 9.9946E-05 9.9946E-05 9.9946E-05 9.9946E-05 9.9946E-05 9.9946E-05
0.132625 0.632014 9.99641E-05 0.106646 9.99641E-05 0.0719819 9.99641E-05 0.0563325 9.99641E-05
9.9964E-05 0.347562 0.0786969 0.128944 9.9964E-05 9.9964E-05 9.9964E-05 0.259936 0.18446
0.0190715 0.544012 0.122428 0.123369 0.125971 9.9973E-05 9.9973E-05 9.9973E-05 0.0648487
0.0346096 0.771865 9.99551E-05 0.0842342 9.99551E-05 9.99551E-05 9.99551E-05 0.108792 9.99551E-05
9.99524E-05 0.866074 9.99524E-05 9.99524E-05 0.121497 9.99524E-05 9.99524E-05 9.99524E-05 0.0118286
9.9946E-05 0.735247 9.9946E-05 9.9946E-05 0.203435 0.0607178 9.9946E-05 9.9946E-05 9.9946E-05
0.16809 0.40795 9.9964E-05 0.124363 0.153763 9.9964E-05 9.9964E-05 9.9964E-05 0.145435
9.99639E-05 0.556397 0.11254 0.0845057 0.168542 9.99639E-05 9.99639E-05 9.99639E-05 0.0776154
9.9964E-05 0.724452 0.0674753 0.0737802 9.9964E-05 9.9964E-05 0.0891522 9.9964E-05 0.0447406
0.0729511 0.65179 9.9973E-05 0.120688 9.9973E-05 0.0715682 0.0443194 0.0383831 9.9973E-05
0.188679 0.454512 9.9973E-05 0.0607879 0.0392485 0.156137 9.9973E-05 9.9973E-05 0.100335
9.99551E-05 0.610395 0.100937 9.99551E-05 9.99551E-05 9.99551E-05 0.266201 0.0219669 9.99551E-05
0.0832785 0.604482 0.151767 0.058185 0.00376298 9.9982E-05 0.00158217 9.9982E-05 0.0967421
0.0025061 0.731436 0.083778 0.0750972 9.9982E-05 9.9982E-05 0.0115925 0.0252362 0.0701536
9.99461E-05 0.504612 0.479882 0.0149063 9.99461E-05 9.99461E-05 9.99461E-05 9.99461E-05 9.99461E-05
0.110973 0.541091 0.00873059 9.9973E-05 0.198949 9.9973E-05 0.11943 9.9973E-05 0.0205264
0.0692729 0.598037 0.0246406 9.9973E-05 0.103286 9.9973E-05 0.199474 9.9973E-05 0.00498918
9.9955E-05 0.575354 9.9955E-05 0.122938 9.9955E-05 0.192276 9.9955E-05 0.108933 9.9955E-05
9.99462E-05 0.729391 0.0322917 9.99462E-05 0.237717 9.99462E-05 9.99462E-05 9.99462E-05 9.99462E-05
0.0696268 0.347231 0.128716 9.9982E-05 9.9982E-05 0.105077 0.0590696 0.0965974 0.193482
9.99551E-05 0.613753 9.99551E-05 0.209449 9.99551E-05 9.99551E-05 0.0890129 0.0872849 9.99551E-05
9.9964E-05 0.514993 0.0497792 9.9964E-05 0.305386 9.9964E-05 0.0453234 0.0841189 9.9964E-05
0.271891 0.572185 9.9955E-05 9.9955E-05 9.9955E-05 0.0871316 9.9955E-05 9.9955E-05 0.0682927
0.0101381 0.56296 9.9964E-05 9.9964E-05 9.9964E-05 0.269196 0.0257808 9.9964E-05 0.131525
9.99808E-05 0.657943 0.0562875 9.99808E-05 0.000682909 9.99808E-05 0.191332 0.0554599 0.0379941
9.9973E-05 0.503171 0.221799 0.0321308 9.9973E-05 0.00895862 0.113393 0.120247 9.9973E-05
9.9955E-05 0.587783 9.9955E-05 0.224081 9.9955E-05 9.9955E-05 0.140576 0.0470605 9.9955E-05
0.182519 0.469258 9.99461E-05 9.99461E-05 0.347623 9.99461E-05 9.99461E-05 9.99461E-05 9.99461E-05
0.120789 0.64015 0.0890795 0.145731 9.99641E-05 9.99641E-05 9.99641E-05 9.99641E-05 0.00385027
0.179555 0.308361 9.99641E-05 0.141797 9.99641E-05 9.99641E-05 0.265057 0.10483 9.99641E-05
0.312914 9.9973E-05 9.9973E-05 0.0324261 0.221026 0.173128 0.167789 0.0924165 9.9973E-05
0.245689 0.0988729 9.9973E-05 9.9973E-05 0.0573308 0.288787 0.211351 9.9973E-05 0.0976696
0.0814177 0.0986018 0.23619 9.9982E-05 0.164166 0.135644 0.206225 9.9982E-05 0.0775553
0.134283 0.195136 0.0382089 9.99731E-05 0.0363103 0.505037 9.99731E-05 9.99731E-05 0.0907245
0.125919 0.116724 0.16716 0.0385417 9.9982E-05 0.398777 9.9982E-05 0.0554441 0.0972346
9.9973E-05 9.9973E-05 0.0745835 9.9973E-05 0.298793 0.199277 0.300879 0.102317 0.0238505
0.189438 0.019202 9.9982E-05 0.112253 0.436551 9.9982E-05 0.0214466 0.154244 0.0666658
0.0113736 0.0822186 0.0237892 9.9973E-05 9.9973E-05 0.182272 0.305497 0.39455 9.9973E-05
9.9964E-05 9.9964E-05 9.9964E-05 0.142792 0.191403 9.9964E-05 0.319747 0.284244 0.0614147
9.9973E-05 9.9973E-05 0.112339 0.0983692 9.9973E-05 0.297734 0.357981 0.0567368 0.0765397
9.9964E-05 9.9964E-05 0.358092 0.126802 9.9964E-05 0.292545 0.172205 0.0499561 9.9964E-05
0.0746519 0.0401352 9.9973E-05 9.9973E-05 0.0411108 0.533912 0.258403 9.9973E-05 0.0514874
0.110013 0.10978 0.089919 9.9982E-05 0.0617421 0.151381 0.234569 0.242397 9.9982E-05
0.0407764 9.9973E-05 9.9973E-05 9.9973E-05 0.355617 0.248385 0.129174 0.190429 0.0353201
0.123879 9.9982E-05 9.9982E-05 0.0508526 0.0296916 0.276028 0.0987273 0.41984 0.000782309
9.99551E-05 9.99551E-05 9.99551E-05 9.99551E-05 0.00065019 0.573986 0.184972 0.239893 9.99551E-05
0.046938 9.99731E-05 0.33011 9.99731E-05 0.339297 0.204935 0.00283498 9.99731E-05 0.0755846
0.206002 0.029405 9.9991E-05 0.145057 0.264823 0.0748685 0.0999289 0.109051 0.0707648
0.261381 9.9964E-05 9.9964E-05 0.0629148 9.9964E-05 0.272683 0.282034 0.120587 9.9964E-05
0.12229 0.0091279 0.33178 0.137392 0.293025 9.9982E-05 9.9982E-05 0.0868505 0.0193345
0.0262121 0.229838 0.245085 9.9982E-05 0.115289 9.9982E-05 0.157572 0.216629 0.00917589
0.107883 0.276044 0.0687234 0.077899 0.0209619 9.9982E-05 9.9982E-05 0.308873 0.139416
9.99551E-05 0.0902528 0.688606 9.99551E-05 9.99551E-05 0.181799 9.99551E-05 9.99551E-05 0.0388425
0.134201 0.344925 0.124479 9.9964E-05 9.9964E-05 9.9964E-05 0.0919046 0.30409 9.9964E-05
0.313257 0.0764253 0.420092 9.9964E-05 9.9964E-05 9.9964E-05 9.9964E-05 0.166455 0.023371
0.0994597 0.0851969 0.35598 0.188897 9.9973E-05 9.9973E-05 0.247968 9.9973E-05 0.0221978
0.00427316 0.213647 0.574265 9.99641E-05 9.99641E-05 9.99641E-05 0.149008 0.0584074 9.99641E-05
0.00120514 0.207693 0.361505 0.064125 0.113897 0.143979 0.000408864 0.0527832 0.0544032
0.239367 0.121069 0.216881 0.196832 9.9973E-05 9.9973E-05 0.0108852 0.214665 9.9973E-05
9.9973E-05 0.076133 0.504596 0.112179 0.0049274 0.158754 9.9973E-05 0.14311 9.9973E-05
0.108717 9.9964E-05 0.649624 9.9964E-05 0.138709 9.9964E-05 0.0800888 0.0224616 9.9964E-05
9.9982E-05 0.0444986 0.521631 0.164941 9.9982E-05 0.0769121 0.0476629 0.140314 0.00384093
0.109243 0.123582 0.164492 0.0735186 0.0384508 0.130716 0.137745 0.0854552 0.136798
9.9964E-05 0.141924 0.545058 9.9964E-05 0.144745 9.9964E-05 9.9964E-05 0.0714217 0.096451
0.0247967 0.00679331 0.330938 0.171384 0.196871 0.0741622 0.0578297 0.0638038 0.0734213
0.127834 0.107941 0.086692 0.290495 0.00800876 9.9991E-05 0.022108 0.212927 0.143895
0.273343 0.291297 0.404214 9.99549E-05 9.99549E-05 0.0306464 9.99549E-05 9.99549E-05 9.99549E-05
0.105615 0.171931 0.134189 0.195075 0.0259382 9.9991E-05 0.0347487 0.205405 0.126999
0.0399413 0.286829 9.99641E-05 0.292996 0.126242 9.99641E-05 9.99641E-05 9.99641E-05 0.253592
0.0297547 0.156511 0.242388 0.17203 0.081128 9.99821E-05 9.99821E-05 0.309704 0.00828387
0.314655 0.18457 0.227702 0.106437 9.9982E-05 9.9982E-05 0.0499719 0.0483037 0.0681601
0.195539 0.107626 0.15845 9.9982E-05 0.38578 0.090267 0.0099305 9.9982E-05 0.0522075
0.147294 0.129066 0.257423 0.099493 0.236076 0.0215723 9.9982E-05 9.9982E-05 0.108876
9.9982E-05 0.161746 0.0989997 0.270197 0.180778 0.133999 9.9982E-05 0.10571 0.0483711
0.140562 0.318829 0.350621 9.99641E-05 0.0821671 9.99641E-05 9.99641E-05 9.99641E-05 0.107421
0.00669061 0.336304 0.318642 9.9973E-05 9.9973E-05 9.9973E-05 0.02344 0.193234 0.12139
9.9964E-05 0.236803 0.235715 0.0323127 0.2465 9.9964E-05 0.24827 9.9964E-05 9.9964E-05
0.0421025 0.169939 0.124436 0.0690497 9.9991E-05 0.0275012 0.0541628 0.400355 0.112354
0.285301 0.198123 0.400808 9.9973E-05 0.0998107 9.9973E-05 9.9973E-05 0.00578505 0.00987331
0.365717 0.102308 0.0325112 0.196289 0.0597198 9.9991E-05 0.0724338 0.0511015 0.119819
0.519743 9.99461E-05 0.460625 9.99461E-05 9.99461E-05 9.99461E-05 9.99461E-05 9.99461E-05 0.0190315
0.133592 0.151402 0.163929 0.329436 0.0828851 0.0573852 0.00594601 9.9991E-05 0.075326
9.9946E-05 9.9946E-05 0.614974 0.288389 0.0960379 9.9946E-05 9.9946E-05 9.9946E-05 9.9946E-05
0.221107 0.0542785 0.394289 9.9964E-05 0.0798624 9.9964E-05 0.250063 9.9964E-05 9.9964E-05
0.18702 0.0820985 0.337171 0.226756 9.9982E-05 0.0632586 0.0203122 0.0831833 9.9982E-05
0.305619 0.124671 0.0309058 0.236609 9.9982E-05 0.0229989 9.9982E-05 0.244163 0.0348326
0.241446 0.139457 0.359741 0.0145062 9.9973E-05 9.9973E-05 9.9973E-05 0.243247 0.00130251
9.9973E-05 0.345259 0.164173 0.135885 0.0948379 0.182681 9.9973E-05 9.9973E-05 0.0768639
0.574613 0.0910045 0.158585 9.99641E-05 9.99641E-05 9.99641E-05 0.0830858 0.0923116 9.99641E-05
0.00994583 0.143945 0.343055 0.144096 9.9982E-05 0.193844 0.0712084 0.0937067 9.9982E-05
9.9973E-05 0.153407 0.266542 0.130136 9.9973E-05 0.169121 9.9973E-05 0.23405 0.0464433
0.0700625 0.00285409 0.317304 0.166238 0.238378 0.0674024 9.9982E-05 0.137561 9.9982E-05
0.00409612 0.203617 0.270281 0.0530328 9.9982E-05 0.088055 0.218434 9.9982E-05 0.162284
0.00616669 0.109071 9.9973E-05 0.45171 0.119219 9.9973E-05 0.218244 0.0952904 9.9973E-05
0.257947 0.173031 9.99731E-05 0.28392 0.0433232 0.109197 9.99731E-05 0.13228 9.99731E-05
9.9955E-05 9.9955E-05 0.193133 0.620141 9.9955E-05 9.9955E-05 0.177538 9.9955E-05 0.00868794
0.17755 0.00405689 0.138451 0.262825 9.9991E-05 0.105761 0.232811 0.00560539 0.072839
0.278914 0.140224 9.99731E-05 0.301774 9.99731E-05 9.99731E-05 0.0713602 0.16874 0.0386879
9.9973E-05 0.0608771 0.0770105 0.48738 0.174058 9.9973E-05 0.0355991 0.164776 9.9973E-05
0.262865 0.055031 0.227962 0.20472 0.0428512 0.199122 0.00724921 9.9982E-05 9.9982E-05
0.107461 0.218846 9.9973E-05 0.477147 0.146143 9.9973E-05 9.9973E-05 0.034358 0.0157455
0.0879212 0.122646 0.0964545 0.271157 9.9991E-05 0.130146 0.24489 0.0396781 0.00700803
0.155411 0.100529 9.9973E-05 0.217441 9.9973E-05 0.115372 0.188031 0.222917 9.9973E-05
9.9982E-05 0.150727 0.0348279 0.282641 9.9982E-05 0.189682 0.112184 0.0670387 0.162699
9.99372E-05 9.99372E-05 9.99372E-05 0.780716 0.218584 9.99372E-05 9.99372E-05 9.99372E-05 9.99372E-05
9.9973E-05 0.208885 0.0595521 0.279516 0.212916 9.9973E-05 0.204312 9.9973E-05 0.0345198
0.398313 9.99641E-05 9.99641E-05 0.209233 0.022365 9.99641E-05 0.202089 0.1676 9.99641E-05
0.134362 0.231043 9.9964E-05 0.387275 9.9964E-05 0.0889403 9.9964E-05 0.157979 9.9964E-05
0.213192 0.000575994 9.9973E-05 0.447229 0.202698 0.0494856 0.0865204 9.9973E-05 9.9973E-05
0.0580588 0.119028 9.9973E-05 0.586112 0.0184805 0.110184 9.9973E-05 9.9973E-05 0.107837
0.0383695 0.0561647 0.0429953 0.54508 0.154435 9.9973E-05 0.162655 9.9973E-05 9.9973E-05
0.0950316 9.99641E-05 9.99641E-05 0.581323 0.00863912 9.99641E-05 9.99641E-05 0.197452 0.117155
0.104499 0.0786765 0.207639 0.118551 0.123714 0.30083 0.039326 9.9991E-05 0.0266646
0.184268 0.200744 9.9973E-05 0.168842 9.9973E-05 9.9973E-05 0.200104 0.134447 0.111295
0.180692 0.107325 0.193846 0.253296 9.9973E-05 0.127569 9.9973E-05 0.136971 9.9973E-05
0.150122 0.0571621 0.267825 0.13833 9.9982E-05 0.0712485 0.211448 0.103663 9.9982E-05
9.9982E-05 0.093335 0.0155725 0.308354 9.9982E-05 0.120081 0.287597 0.125579 0.0492818
0.0404685 0.0508591 9.9982E-05 0.460361 9.9982E-05 0.00271224 0.114293 0.233263 0.0978427
0.132533 0.113691 0.0393764 0.355801 0.0911673 9.9991E-05 0.0762563 0.124008 0.0670675
0.20252 0.129225 9.9973E-05 9.9973E-05 0.062076 9.9973E-05 0.233378 0.300656 0.0718446
0.280182 0.0159488 9.9973E-05 0.314062 0.0196854 9.9973E-05 9.9973E-05 0.278278 0.0915438
0.0850706 0.0012523 0.0995434 0.468919 9.9982E-05 0.0172225 0.203452 0.12434 9.9982E-05
0.0272771 0.127488 0.148525 0.235855 0.0199381 0.147216 9.9982E-05 0.293501 9.9982E-05
0.597954 0.0865997 0.116609 9.9964E-05 9.9964E-05 9.9964E-05 0.160342 9.9964E-05 0.0380954
0.375523 0.0855069 9.9964E-05 0.259972 9.9964E-05 0.163843 9.9964E-05 9.9964E-05 0.114755
0.398958 9.9973E-05 9.9973E-05 0.0409616 0.0310847 9.9973E-05 0.299607 0.148269 0.0808199
9.9982E-05 0.222205 0.00742133 0.344564 9.9982E-05 0.10911 0.182484 0.11433 0.0196861
0.122239 0.0957552 9.9982E-05 0.38876 0.0795696 9.9982E-05 0.183738 0.0170773 0.112661
9.9973E-05 9.9973E-05 0.0322348 0.672854 0.173259 0.0339541 0.0289098 9.9973E-05 0.0584884
0.228197 9.9973E-05 9.9973E-05 0.372748 9.9973E-05 0.0246717 0.0586229 0.170596 0.144865
0.05193 0.0800227 0.046174 0.410623 0.0249135 0.0194618 0.33923 0.0107774 0.0168681
9.9973E-05 0.000322098 0.159763 0.235237 9.9973E-05 9.9973E-05 0.332853 0.246615 0.0249102
0.00367468 0.0111321 0.339917 9.9982E-05 0.232159 0.0130189 0.0251238 0.374774 9.9982E-05
9.99731E-05 9.99731E-05 9.99731E-05 0.124172 0.230457 0.0995115 0.0115681 0.444865 0.0891261
9.9973E-05 9.9973E-05 0.00833034 9.9973E-05 0.192841 0.143498 0.113835 0.457203 0.083992
0.121831 0.0764308 9.9982E-05 0.0734596 0.31416 0.1892 0.0802245 0.144494 9.9982E-05
0.339745 9.9964E-05 0.226109 9.9964E-05 9.9964E-05 9.9964E-05 0.0763478 0.314138 0.0432592
9.99641E-05 0.0550602 9.99641E-05 9.99641E-05 0.284389 0.392878 9.99641E-05 0.264633 0.0026396
9.9982E-05 0.145298 0.0221988 9.9982E-05 0.342457 0.130811 0.154203 0.187153 0.0176802
9.99729E-05 9.99729E-05 0.0775346 0.176763 0.131964 0.114883 0.0581828 0.440372 9.99729E-05
0.00601697 0.0285654 0.151462 9.9982E-05 0.317048 0.237092 0.0681782 0.191438 9.9982E-05
0.037932 9.9973E-05 9.9973E-05 0.204622 0.0679444 9.9973E-05 0.0148313 0.596831 0.0775396
0.209181 9.9964E-05 0.0505792 9.9964E-05 0.223837 9.9964E-05 9.9964E-05 0.490126 0.0258775
9.9982E-05 9.9982E-05 0.0211047 0.0774759 0.181536 0.120401 0.24633 0.184113 0.168839
0.0310196 9.99641E-05 9.99641E-05 0.0244311 0.261407 9.99641E-05 0.206603 0.47614 9.99641E-05
0.119757 9.9982E-05 0.102392 9.9982E-05 0.17924 0.0024645 0.0469932 0.497388 0.051565
9.9973E-05 9.9973E-05 0.276997 9.9973E-05 0.0402542 0.11251 0.0182652 0.513189 0.0384849
9.9955E-05 9.9955E-05 0.0420276 9.9955E-05 0.127326 0.119305 9.9955E-05 0.710842 9.9955E-05
9.9955E-05 9.9955E-05 9.9955E-05 9.9955E-05 0.35126 9.9955E-05 0.0278356 0.592528 0.0278762
9.9973E-05 9.9973E-05 0.0964386 0.0184769 0.261954 0.126131 9.9973E-05 0.438225 0.0584742
0.0329586 9.9964E-05 9.9964E-05 9.9964E-05 0.145668 0.210893 9.9964E-05 0.607362 0.00271854
0.127774 0.0137708 9.9973E-05 9.9973E-05 0.185246 9.9973E-05 0.246293 0.392618 0.0339985
0.0899994 0.0534403 0.0309825 0.127136 0.309605 9.9982E-05 0.169296 9.9982E-05 0.21934
9.99461E-05 0.0802308 9.99461E-05 9.99461E-05 9.99461E-05 9.99461E-05 0.0522774 0.866892 9.99461E-05
0.0235695 0.0922901 9.9964E-05 9.9964E-05 0.19257 0.0350277 9.9964E-05 0.656143 9.9964E-05
9.99551E-05 9.99551E-05 9.99551E-05 0.0742546 0.165977 0.315035 9.99551E-05 0.444234 9.99551E-05
9.9973E-05 9.9973E-05 0.24707 0.0886811 0.411022 0.000175935 9.9973E-05 0.220246 0.0325042
9.9973E-05 9.9973E-05 0.116901 9.9973E-05 0.166117 0.246202 0.100708 0.244498 0.125274
0.000710994 0.0930399 0.09285 9.9973E-05 0.157277 9.9973E-05 0.309075 0.346748 9.9973E-05
0.100577 0.0979682 9.9973E-05 9.9973E-05 0.123482 0.148297 0.25579 0.273586 9.9973E-05
0.0298811 9.9973E-05 9.9973E-05 9.9973E-05 0.277243 0.224096 0.28649 0.156364 0.0256266
0.0449617 0.0606695 9.9982E-05 0.16429 0.233946 0.24885 9.9982E-05 0.195161 0.0519211
9.9955E-05 0.0432818 0.316255 9.9955E-05 9.9955E-05 0.193002 9.9955E-05 0.446961 9.9955E-05
9.99641E-05 0.0179893 9.99641E-05 0.0884201 9.99641E-05 0.00286495 0.073104 9.99641E-05 0.817222
0.0250411 0.0213463 0.0249381 9.9973E-05 9.9973E-05 9.9973E-05 0.0205235 0.263168 0.644684
9.99641E-05 0.0291521 0.243201 0.0845624 9.99641E-05 9.99641E-05 9.99641E-05 0.0711522 0.571533
9.99551E-05 9.99551E-05 0.0311483 0.177393 9.99551E-05 9.99551E-05 0.0640289 9.99551E-05 0.72693
9.9955E-05 9.9955E-05 9.9955E-05 0.0633745 0.0384589 9.9955E-05 0.0063119 9.9955E-05 0.891355
0.0884602 0.0905377 9.9973E-05 9.9973E-05 9.9973E-05 0.0847388 0.0335642 0.0432597 0.659139
0.0032341 9.9973E-05 0.00891435 0.141717 0.0105925 9.9973E-05 0.0802923 9.9973E-05 0.75495
9.9982E-05 0.0306763 0.0365895 0.0139383 0.138461 9.9982E-05 0.0254074 0.205902 0.548826
9.99641E-05 0.0323365 9.99641E-05 9.99641E-05 0.00476545 9.99641E-05 0.0184438 0.146267 0.797788
9.9955E-05 0.0969169 9.9955E-05 0.0425644 9.9955E-05 9.9955E-05 9.9955E-05 0.122127 0.737892
9.993E-05 9.993E-05 9.993E-05 9.993E-05 9.993E-05 9.993E-05 9.993E-05 9.993E-05 0.999201
9.99461E-05 9.99461E-05 0.0608875 9.99461E-05 9.99461E-05 9.99461E-05 9.99461E-05 0.0539947 0.884518
9.9973E-05 0.0349538 0.226639 9.9973E-05 0.105945 9.9973E-05 0.11447 0.0108539 0.506839
9.9964E-05 0.0650483 0.0205616 9.9964E-05 0.0723809 9.9964E-05 9.9964E-05 0.056705 0.784904
9.9973E-05 0.0611317 0.158769 0.0127231 9.9973E-05 9.9973E-05 0.137883 0.236727 0.392467
9.9946E-05 9.9946E-05 9.9946E-05 9.9946E-05 0.0563805 0.232522 9.9946E-05 9.9946E-05 0.710498
0.20928 0.0955597 0.126137 9.9964E-05 0.116969 9.9964E-05 9.9964E-05 9.9964E-05 0.451655
0.103976 0.0728789 0.0642865 9.9973E-05 0.0218569 0.109834 9.9973E-05 9.9973E-05 0.626867
9.9955E-05 0.103813 9.9955E-05 0.0401974 9.9955E-05 0.203167 9.9955E-05 9.9955E-05 0.652323
9.9973E-05 9.9973E-05 9.9973E-05 0.0597481 0.208024 0.00325841 0.0071328 0.0700007 0.651536
0.185011 0.0222745 9.99641E-05 0.0728069 9.99641E-05 9.99641E-05 9.99641E-05 0.124194 0.595313
0.180988 0.083622 9.9955E-05 9.9955E-05 9.9955E-05 9.9955E-05 9.9955E-05 0.0169071 0.717983
9.9937E-05 9.9937E-05 0.177708 9.9937E-05 9.9937E-05 9.9937E-05 9.9937E-05 9.9937E-05 0.821592
9.9973E-05 0.043521 9.9973E-05 0.0283672 0.0563852 9.9973E-05 0.0473428 0.0603218 0.763762
0.0270678 0.0693273 9.99731E-05 0.0366983 9.99731E-05 9.99731E-05 0.115661 0.00273428 0.748212
0.010057 9.9964E-05 0.0340108 0.00907193 9.9964E-05 0.0806879 9.9964E-05 9.9964E-05 0.865773
0.0105834 0.0267154 0.0850122 9.9982E-05 0.0409987 0.115839 9.9982E-05 0.111615 0.609036
9.99551E-05 9.99551E-05 0.021746 9.99551E-05 0.217867 0.0263136 9.99551E-05 9.99551E-05 0.733573
9.9973E-05 0.0401637 0.0231831 0.0164936 0.188012 9.9973E-05 9.9973E-05 0.11047 0.621377
0.0413046 0.0995408 0.0812686 0.0164653 9.9973E-05 9.9973E-05 0.0950259 9.9973E-05 0.666095
9.9964E-05 0.120652 0.0320649 0.0151703 9.9964E-05 0.113753 9.9964E-05 9.9964E-05 0.717959
0.280766 0.00147694 9.9955E-05 9.9955E-05 9.9955E-05 9.9955E-05 0.0151242 9.9955E-05 0.702133
9.9946E-05 9.9946E-05 9.9946E-05 0.12389 9.9946E-05 0.0790324 9.9946E-05 9.9946E-05 0.796478
0.0754562 0.0657252 9.99641E-05 9.99641E-05 9.99641E-05 0.0226381 0.000622204 9.99641E-05 0.835158
9.99371E-05 9.99371E-05 0.18855 9.99371E-05 9.99371E-05 9.99371E-05 9.99371E-05 9.99371E-05 0.810751
0.0337519 9.99731E-05 0.1867 0.00716852 0.0444388 9.99731E-05 9.99731E-05 0.0953795 0.632262
0.224854 0.0281798 9.9955E-05 9.9955E-05 9.9955E-05 9.9955E-05 9.9955E-05 0.0175542 0.728913
0.0304495 9.9982E-05 0.0099819 9.9982E-05 0.0222224 0.133636 0.101464 0.0105903 0.691456
0.0717404 0.0121073 0.241143 0.0468628 9.9991E-05 0.361444 0.132308 0.0256016 0.108693
9.99641E-05 0.0779475 9.99641E-05 0.00520612 9.99641E-05 0.466807 0.135049 0.31459 9.99641E-05
9.9982E-05 0.0094042 0.0135943 0.0550121 0.0248394 0.321976 0.107187 0.467787 9.9982E-05
0.285384 9.99641E-05 9.99641E-05 0.00716819 9.99641E-05 0.413666 0.0424674 0.250915 9.99641E-05
9.9973E-05 0.0234007 9.9973E-05 0.00145786 0.198567 0.150439 0.525865 0.0999706 9.9973E-05
0.142078 0.069051 9.9982E-05 0.00920345 0.0419432 0.227479 9.9982E-05 0.493546 0.0165004
0.218338 9.9982E-05 0.075352 0.0146097 0.166639 0.142708 0.184646 0.197507 9.9982E-05
0.307643 0.0460295 9.9964E-05 9.9964E-05 9.9964E-05 0.0649182 0.412308 0.168702 9.9964E-05
0.0988294 0.0534392 0.0167861 0.0467715 9.9982E-05 0.141732 0.620489 0.021753 9.9982E-05
9.9973E-05 0.169436 9.9973E-05 0.0889802 0.291677 0.247201 9.9973E-05 0.1292 0.0732057
0.097963 9.9982E-05 0.0228214 0.0567471 0.166316 0.0212808 0.273195 0.361477 9.9982E-05
9.9964E-05 9.9964E-05 9.9964E-05 9.9964E-05 0.418852 0.106252 0.0776083 0.31501 0.0818789
9.99551E-05 0.0867607 9.99551E-05 9.99551E-05 0.767898 0.0120222 0.132819 9.99551E-05 9.99551E-05
0.0997892 9.9982E-05 0.0212585 9.9982E-05 0.0200273 0.416853 0.0414354 0.309309 0.0911283
0.0674143 0.0438362 9.9973E-05 0.207029 9.9973E-05 0.359058 0.217496 9.9973E-05 0.104866
0.322883 9.99551E-05 9.99551E-05 9.99551E-05 0.0942163 0.501162 9.99551E-05 0.0812393 9.99551E-05
0.0104543 9.9964E-05 0.0533635 9.9964E-05 0.334972 0.334259 0.266551 9.9964E-05 9.9964E-05
9.9973E-05 0.0308465 0.0459623 0.36951 0.0607733 0.381466 9.9973E-05 9.9973E-05 0.111142
0.057307 0.0622856 9.99641E-05 9.99641E-05 0.0892815 0.143831 0.646895 9.99641E-05 9.99641E-05
9.9964E-05 9.9964E-05 9.9964E-05 0.259099 0.299637 0.316854 9.9964E-05 0.0919165 0.0320938
9.9973E-05 0.0830936 9.9973E-05 0.0432805 0.108549 0.354624 0.209711 9.9973E-05 0.200442
9.9973E-05 9.9973E-05 0.248449 0.0230035 9.9973E-05 0.190806 0.313649 0.128266 0.0955259
0.00786401 9.9982E-05 0.154121 0.080941 0.328755 0.242305 0.0473625 9.9982E-05 0.138452
0.0547921 0.0524548 0.0295677 0.116099 0.135914 0.416688 0.0704376 0.0654064 0.0586405
0.193014 9.99729E-05 9.99729E-05 0.145003 0.295258 0.12567 0.170022 0.0707327 9.99729E-05
0.0395618 9.9982E-05 0.00225246 0.174445 0.164833 0.38983 0.101091 0.127786 9.9982E-05
9.9982E-05 9.9982E-05 0.00825424 0.00791854 0.091014 0.403027 0.167832 0.0825189 0.239235
9.99552E-05 9.99552E-05 0.246002 0.0567199 9.99552E-05 0.476416 0.220362 9.99552E-05 9.99552E-05
0.141879 9.9964E-05 9.9964E-05 9.9964E-05 0.189572 0.267817 0.317959 0.0823735 9.9964E-05
9.9973E-05 0.087368 0.038566 9.9973E-05 0.132266 0.0166386 0.557363 0.167499 9.9973E-05
0.107799 9.9973E-05 0.0774981 9.9973E-05 0.149714 0.180266 0.367952 0.116471 9.9973E-05
0.0549974 9.9982E-05 0.0543281 0.200123 0.0258895 0.335947 9.9982E-05 0.236877 0.0916369
0.0407848 0.174072 0.116997 0.140522 9.9973E-05 0.508007 0.0193163 9.9973E-05 9.9973E-05
0.0518439 0.080579 9.9982E-05 0.277623 0.110699 0.319146 0.0630476 0.0968614 9.9982E-05
9.9973E-05 0.00923452 0.00535882 9.9973E-05 0.0914515 0.273551 0.579621 0.0404828 9.9973E-05
0.0514475 0.0237775 9.9991E-05 0.0528735 0.166379 0.192298 0.272983 0.040342 0.1998
0.0345891 9.9973E-05 9.9973E-05 9.9973E-05 0.0979168 0.607187 0.169983 0.0564797 0.0335443
9.9982E-05 0.0584909 0.158855 0.0644608 0.129909 0.391897 0.172344 9.9982E-05 0.0238425
0.0834873 9.99641E-05 9.99641E-05 0.248857 9.99641E-05 0.287513 0.326406 0.0533365 9.99641E-05
0.291896 9.99551E-05 0.0529714 9.99551E-05 9.99551E-05 0.474046 0.180587 9.99551E-05 9.99551E-05
9.99641E-05 9.99641E-05 9.99641E-05 9.99641E-05 0.237803 0.511035 0.0197453 0.162339 0.0686779
0.0975202 9.99641E-05 9.99641E-05 0.380917 0.093291 0.392816 9.99641E-05 0.0350561 9.99641E-05
0.382038 0.0310744 0.012209 0.00728913 9.9991E-05 0.0223136 0.346329 0.139753 0.0588929
9.99551E-05 9.99551E-05 9.99551E-05 9.99551E-05 9.99551E-05 0.625229 0.235 0.057285 0.0819864
0.0211795 9.9991E-05 0.149829 0.207641 0.299977 0.253659 0.0355121 0.0304392 0.0016633
9.9982E-05 0.116876 9.9982E-05 0.0601464 0.00867709 0.159024 0.387521 0.240303 0.0272531
0.177057 0.0958591 0.0620247 0.0670208 0.160445 0.221109 0.132394 0.0203363 0.0637546
0.00873785 9.99731E-05 0.00442124 9.99731E-05 0.481307 0.0995742 0.280137 9.99731E-05 0.125523
0.00230699 0.00297111 0.173949 0.155738 0.375039 9.9991E-05 0.0729501 0.170357 0.046589
0.0459758 9.99551E-05 0.229549 9.99551E-05 9.99551E-05 0.456941 0.267035 9.99551E-05 9.99551E-05
0.167602 9.9973E-05 9.9973E-05 0.126177 0.0606641 0.148998 0.176799 0.31946 9.9973E-05
9.99731E-05 9.99731E-05 0.000614186 9.99731E-05 0.409848 0.0178403 0.387693 0.0727124 0.110992
0.0563225 0.0991806 9.9973E-05 9.9973E-05 0.194382 0.0863662 0.454575 9.9973E-05 0.108874
0.0997978 9.9973E-05 0.195021 9.9973E-05 0.332107 0.316891 0.0158294 9.9973E-05 0.0400534
9.99641E-05 0.0113053 9.99641E-05 9.99641E-05 0.168446 0.116081 0.276859 0.426909 9.99641E-05
0.0703736 0.0984684 9.9982E-05 9.9982E-05 0.188887 0.138071 0.388727 0.062059 0.0532133
0.0734696 9.9982E-05 0.0439598 9.9982E-05 0.139271 0.39514 0.147271 0.113147 0.087541
0.00315925 9.9982E-05 0.230709 0.0065871 9.9982E-05 0.368573 0.311381 0.0535012 0.0258894
0.163661 0.0331986 9.9991E-05 0.165576 0.10538 0.323742 0.0613939 0.0894465 0.0575018
0.147211 9.99731E-05 0.0824765 0.148637 9.99731E-05 0.370828 0.145457 0.10509 9.99731E-05
9.9955E-05 9.9955E-05 0.19554 9.9955E-05 9.9955E-05 0.40027 0.302685 0.101006 9.9955E-05
0.153667 0.0703556 0.0719169 9.9973E-05 9.9973E-05 0.120213 0.426773 9.9973E-05 0.156774
9.9964E-05 9.9964E-05 0.0776409 0.31066 9.9964E-05 0.459075 9.9964E-05 0.105072 0.0471519
0.178744 9.99731E-05 0.147344 0.0093799 0.165666 0.496354 9.99731E-05 9.99731E-05 0.00221215
9.9982E-05 0.0388352 0.0258507 0.170078 0.202062 0.256422 0.243504 0.0630481 9.9982E-05
9.9973E-05 9.9973E-05 9.9973E-05 0.0268177 0.140192 0.49348 0.194729 0.143878 0.000602647
0.113855 0.0623381 9.9973E-05 0.136952 9.9973E-05 0.518945 0.0392551 0.128356 9.9973E-05
0.109536 0.123359 0.0520955 0.208095 0.132585 0.214068 9.9991E-05 0.0276235 0.132539
0.0844623 9.9973E-05 0.0240443 9.9973E-05 0.158079 0.408054 9.9973E-05 0.276432 0.0486286
0.0869265 0.118913 0.131622 9.9973E-05 0.253966 0.209595 9.9973E-05 0.198678 9.9973E-05
9.9982E-05 0.043475 0.0643552 0.035913 0.285977 0.361019 0.136433 9.9982E-05 0.0726273
0.178542 9.9982E-05 0.105023 9.9982E-05 0.189318 0.103243 0.12791 0.142479 0.153285
9.9982E-05 0.0762656 0.0590254 0.0960636 0.131985 0.49083 0.0921942 9.9982E-05 0.053436
0.0573446 0.0373151 0.215986 9.9982E-05 9.9982E-05 0.455067 0.0958099 0.0932882 0.0449899
0.107114 0.0893917 0.0276238 9.9991E-05 0.117424 0.310582 0.140948 0.0293233 0.177493
0.015226 9.9991E-05 0.00708108 0.164999 0.329862 0.0210861 0.171683 0.152929 0.137034
9.9973E-05 0.0846028 9.9973E-05 0.0866411 9.9973E-05 0.422011 0.0649953 0.189268 0.152182
0.142598 0.152262 9.9982E-05 9.9982E-05 0.0807623 0.130539 0.0553207 0.344542 0.0937759
0.212956 0.166369 9.9982E-05 9.9982E-05 0.122432 0.163778 0.158021 0.10981 0.0664336
9.9973E-05 9.9973E-05 0.101007 0.199038 0.332537 0.132391 0.0927937 0.141934 9.9973E-05
0.014357 0.0424352 9.9982E-05 0.0809066 0.305225 0.0899135 0.283342 0.183621 9.9982E-05
0.083787 9.99821E-05 0.0787283 0.0173559 0.0391642 0.522925 9.99821E-05 0.0850069 0.172833
0.108169 9.9973E-05 9.9973E-05 0.0641209 0.458317 0.299699 0.0310154 0.0383783 9.9973E-05
0.0139288 0.0133138 0.105178 9.9973E-05 0.19421 0.377525 9.9973E-05 0.295544 9.9973E-05
0.322093 0.01291 9.9982E-05 9.9982E-05 0.0150204 0.0707978 0.23456 0.13175 0.212669
9.9991E-05 0.0532362 0.0283832 0.093063 0.0367784 0.408049 0.100041 0.209483 0.0708661
9.9982E-05 0.00536377 9.9982E-05 0.152144 0.144602 0.466472 0.105528 0.0294835 0.0962061
9.9982E-05 0.13831 9.9982E-05 0.279507 0.043868 0.405837 0.0426357 0.0154092 0.0742339
9.9982E-05 0.00898382 9.9982E-05 0.0517879 0.16939 0.206174 0.233932 0.299716 0.0298171
