0.126345 0.225824 9.9991E-05 0.180636 0.467094
0.328758 0.136891 0.0780356 0.263695 0.192621
0.224995 0.124655 0.528932 0.0441388 0.0772797
0.209823 0.0687508 0.47396 0.146724 0.100743
0.117178 9.9991E-05 0.358042 0.269791 0.254889
0.293613 0.116238 0.589949 9.99821E-05 9.99821E-05
0.098928 0.110437 0.43965 0.0308609 0.320124
0.0857477 0.132546 0.658725 0.0151341 0.107847
0.100147 0.438625 0.0972866 0.0739672 0.289974
0.146767 0.323714 0.247951 0.0600922 0.221474
0.00919433 0.289981 0.606423 0.0943022 9.9991E-05
0.190526 0.0278534 0.593193 0.0389436 0.149484
0.109639 0.320164 9.9991E-05 0.2168 0.353297
0.027884 0.568862 0.206201 0.1583 0.038753
0.0561903 0.417175 0.319769 0.123992 0.0828736
0.212478 0.0908542 0.470699 0.0508769 0.175092
0.225994 9.9982E-05 0.537077 9.9982E-05 0.236729
0.163711 9.9991E-05 0.298062 0.198924 0.339203
0.236025 0.0216039 0.528026 0.0413085 0.173037
0.379805 0.16709 0.150771 0.118259 0.184076
0.178402 0.0182468 0.482136 0.167465 0.153749
0.0978699 0.324034 0.270803 0.209736 0.097557
0.0549445 0.304374 0.401725 0.134445 0.104512
9.9982E-05 0.231039 0.597584 0.171178 9.9982E-05
0.0602866 0.1307 0.246914 0.14061 0.421489
0.297719 0.0323892 0.342611 0.194219 0.133062
0.145843 0.225915 0.612446 0.0156955 9.9991E-05
0.161231 0.291301 0.267865 0.111541 0.168063
0.285421 0.0674433 0.455993 0.0879022 0.10324
9.9991E-05 0.188891 0.295594 0.190455 0.32496
0.198254 0.0583939 0.184911 0.166395 0.392046
0.135414 0.156135 0.553353 0.143529 0.0115688
0.106332 0.451132 0.351727 0.0907094 9.9991E-05
0.0299137 0.260999 0.53841 0.170577 9.99987E-05
0.188063 0.119676 0.40524 0.198576 0.0884448
0.0957668 0.11363 0.438644 0.0849057 0.267054
0.116482 0.417617 0.266242 0.0361272 0.163532
0.163576 9.9991E-05 0.348256 0.179695 0.308373
0.184436 0.254839 0.325875 0.22116 0.0136895
0.243251 0.0626351 0.353362 0.0173092 0.323442
0.206849 0.174335 0.247257 0.0732682 0.298291
9.9991E-05 0.316462 0.222389 0.172521 0.288527
0.127024 0.0681334 0.515948 0.147926 0.140968
0.148144 0.120409 0.437207 0.162784 0.131456
0.176572 0.245912 9.9991E-05 0.128513 0.448903
9.9991E-05 0.425688 0.278858 0.0462708 0.249083
0.053489 0.115341 0.438323 0.0261821 0.366664
9.9991E-05 0.114673 0.150796 0.198743 0.535688
9.9991E-05 0.225037 0.220321 0.0439495 0.510593
0.110111 9.9991E-05 0.373609 0.0451649 0.471016
0.109867 0.182668 0.114419 0.0074768 0.58557
0.129877 0.016525 0.40221 0.0323756 0.419012
9.9982E-05 0.351519 0.105218 9.9982E-05 0.543063
9.9982E-05 0.138761 0.505838 9.9982E-05 0.355202
0.100514 0.220196 0.375039 9.9991E-05 0.304151
9.9982E-05 9.9982E-05 0.434682 0.0837905 0.481328
0.192772 0.105269 0.424159 9.9991E-05 0.277699
0.104311 0.113789 0.39653 0.128797 0.256572
9.9982E-05 0.519218 0.166095 9.9982E-05 0.314487
0.0149968 9.99821E-05 0.36142 9.99821E-05 0.623384
9.9991E-05 0.0248774 0.296318 0.00618451 0.67252
0.123672 0.0172666 9.9982E-05 9.9982E-05 0.858862
0.115023 0.0716858 9.9991E-05 0.00712189 0.80607
0.00447669 0.126502 0.393369 0.0734622 0.40219
9.9991E-05 0.292875 0.190573 0.106525 0.409928
0.0359472 0.357852 0.04766 0.165937 0.392603
0.215771 0.116018 0.242094 9.9991E-05 0.426017
0.0516466 0.0743899 0.347816 0.164851 0.361296
9.9982E-05 9.9982E-05 0.378907 0.158563 0.46233
9.9991E-05 0.179722 0.210698 0.0733401 0.536141
9.9991E-05 0.528187 0.38398 0.00166363 0.0860698
0.156072 0.204043 0.340829 0.0701342 0.228921
0.0532242 0.14399 9.9991E-05 0.059276 0.74341
9.99731E-05 9.99731E-05 0.337591 9.99731E-05 0.662109
0.16545 0.0262409 0.42632 0.0928233 0.289165
9.9982E-05 0.145329 0.280392 9.9982E-05 0.574079
9.9982E-05 0.449305 9.9982E-05 0.0359321 0.514563
0.179299 0.174786 0.125652 9.9991E-05 0.520164
0.0953048 0.111354 0.322733 9.9991E-05 0.470509
0.04741 0.055504 0.551078 9.9991E-05 0.345908
9.9991E-05 0.299915 0.527892 0.115117 0.0569767
0.0288185 9.9991E-05 0.569298 0.0963329 0.305451
9.9973E-05 0.514218 9.9973E-05 9.9973E-05 0.485482
0.0126913 0.249194 0.237426 0.00935361 0.491335
9.9991E-05 0.229462 0.513093 0.00279935 0.254546
0.72618 0.27352 9.9973E-05 9.9973E-05 9.9973E-05
0.714349 0.105639 9.9982E-05 9.9982E-05 0.179811
0.757571 0.0299924 0.0243857 0.0606407 0.12741
0.662762 9.9982E-05 0.0320539 9.9982E-05 0.304984
0.728312 0.07594 0.0258385 0.045865 0.124044
0.745292 0.0825942 0.0871131 0.0849003 9.9991E-05
0.654079 9.9991E-05 0.187111 0.0114072 0.147302
0.766399 9.9982E-05 0.163088 0.070313 9.9982E-05
0.675791 0.296222 0.0277868 9.9982E-05 9.9982E-05
0.646204 0.00498055 0.137991 0.108874 0.10195
0.826748 9.9982E-05 0.141713 9.9982E-05 0.0313394
0.630719 0.29698 0.0721011 9.9982E-05 9.9982E-05
0.612698 0.182855 9.9982E-05 0.204247 9.9982E-05
0.745937 0.0719937 9.9991E-05 0.0714595 0.11051
0.811073 0.110546 0.0781807 9.9982E-05 9.9982E-05
0.943948 0.0240104 9.9991E-05 0.0259997 0.00594238
0.83924 9.9973E-05 9.9973E-05 9.9973E-05 0.16046
0.411236 0.159033 0.402522 0.0271085 9.9991E-05
0.655477 0.0351885 0.128381 0.116905 0.0640488
0.807273 0.124604 9.9982E-05 0.0679233 9.9982E-05
0.723985 0.165248 9.9991E-05 0.0139944 0.0966733
0.482509 0.16387 0.0770877 0.0631646 0.213369
0.754313 9.99731E-05 0.245387 9.99731E-05 9.99731E-05
0.764251 0.0814725 0.0659977 0.0881789 9.9991E-05
0.898911 9.9982E-05 0.029886 0.0710028 9.9982E-05
0.822926 0.0234732 0.0780595 0.0406628 0.0348788
0.604377 0.24378 9.9991E-05 0.0307308 0.121012
0.75282 0.0159985 0.122979 0.0572634 0.0509394
0.695788 0.0878714 0.210782 0.00545892 9.9991E-05
0.840178 9.99731E-05 0.159522 9.99731E-05 9.99731E-05
0.593546 9.9991E-05 0.089959 0.229682 0.0867129
0.705308 0.231748 0.0374962 0.0253472 9.9991E-05
0.64894 9.9991E-05 0.235841 0.0595796 0.055539
0.746366 9.9991E-05 0.0317052 0.101476 0.120353
0.682248 0.051298 9.9991E-05 0.0459387 0.220416
0.577861 0.00197411 0.212099 0.104412 0.103654
0.645245 0.116342 0.212157 0.0261563 9.9991E-05
0.706671 0.206167 0.0250092 9.9991E-05 0.0620524
0.482155 0.084067 0.33657 0.0971079 9.9991E-05
0.787493 0.190056 9.9982E-05 0.0222515 9.9982E-05
0.409532 0.426907 9.9991E-05 0.0501204 0.113341
0.0388947 0.20554 0.196308 0.0205673 0.538691
0.14046 0.169869 0.0486973 0.0977844 0.543189
0.133603 0.148596 0.340642 0.0236956 0.353463
0.212649 9.9991E-05 0.322785 0.0436083 0.420858
9.9991E-05 0.0403946 0.438063 0.107636 0.413806
9.9991E-05 0.0737524 0.395392 0.0888017 0.441954
0.105694 0.0754213 0.397539 0.0912487 0.330097
0.0504516 0.337853 0.332211 0.0228275 0.256656
0.121894 0.296412 0.243751 0.0606607 0.277282
9.9991E-05 0.0930831 0.185106 0.12853 0.593181
9.9991E-05 0.379986 0.0912387 0.095803 0.432873
9.9982E-05 0.139819 9.9982E-05 0.0672563 0.792725
0.168239 9.9982E-05 0.424266 9.9982E-05 0.407295
0.0298066 9.9982E-05 0.428212 9.9982E-05 0.541781
9.9991E-05 0.175869 0.480933 0.00899925 0.334099
9.9982E-05 0.0910461 0.0853341 9.9982E-05 0.82342
0.0101585 0.159315 0.374401 0.191077 0.265049
0.105058 0.258967 0.476718 9.9991E-05 0.159157
9.9991E-05 0.125898 0.203384 0.029748 0.64087
0.211291 0.128855 0.477154 0.182599 9.9991E-05
0.43688 0.053532 0.395942 9.9991E-05 0.113546
0.208825 0.255838 0.314016 0.221222 9.9991E-05
0.322396 0.326873 9.9991E-05 0.18434 0.166292
0.450932 0.0790373 0.0442614 0.0509411 0.374829
0.360487 0.13606 0.288224 0.133521 0.0817085
0.359925 0.46364 9.9991E-05 0.0933733 0.0829619
0.427211 0.107983 0.178979 0.137594 0.148233
0.408973 9.9991E-05 0.134316 0.179902 0.276709
0.291645 0.301644 0.201756 0.0909384 0.114015
0.263449 0.36234 0.272356 0.101756 9.9991E-05
0.270466 0.131102 0.308487 0.0415996 0.248345
0.20896 0.650869 9.9991E-05 0.103875 0.0361958
0.246724 0.0503881 0.278483 0.14483 0.279574
0.33581 0.195917 0.140762 0.205606 0.121905
0.0963688 0.150771 0.331659 0.173014 0.248186
0.0879965 0.768718 0.00533938 0.119848 0.0180976
0.549803 0.0235161 0.163141 0.173513 0.0900262
0.312067 0.206256 0.361054 0.078289 0.0423339
0.438984 0.214861 0.00871348 0.337342 9.9991E-05
0.270316 0.458657 0.176972 0.0939557 9.9991E-05
0.299571 0.420755 0.0428582 0.198133 0.0386832
0.232515 9.9991E-05 0.396326 0.131046 0.240012
0.352438 9.9991E-05 0.356913 0.199143 0.0914063
0.270954 0.306798 0.264697 0.0570244 0.100526
0.590777 0.130003 0.0675362 0.209347 0.00233582
0.468672 0.132232 0.0570583 0.341938 9.9991E-05
0.372647 0.116194 0.109592 0.0851268 0.31644
0.293595 0.252623 0.232129 0.136684 0.084969
0.428774 0.263737 0.232307 0.0750829 9.9991E-05
0.207584 0.356422 0.0424061 0.102913 0.290675
0.246082 0.179734 0.194899 0.258663 0.120622
0.381939 0.169683 0.0416435 0.0952116 0.311523
0.230978 0.568008 0.083807 0.117106 9.9991E-05
0.35835 0.252458 9.9991E-05 0.0195637 0.369529
0.156877 0.398299 0.214261 0.0546376 0.175926
0.269209 0.382412 0.248426 0.0824709 0.0174828
0.290487 0.354031 0.294006 0.061376 9.9991E-05
0.425933 9.9982E-05 0.47319 0.100677 9.9982E-05
0.342263 0.0429236 0.424479 0.0101929 0.180141
0.273931 0.277708 0.206593 0.0402552 0.201513
0.206484 0.364373 0.168068 0.0943202 0.166755
0.248939 0.160765 0.494776 0.0451498 0.0503702
0.435599 9.9982E-05 9.9982E-05 0.210443 0.353757
0.323076 0.295448 0.107746 0.061423 0.212307
0.25692 0.333786 0.352191 9.9991E-05 0.0570029
0.160954 0.770016 9.9982E-05 0.0688303 9.9982E-05
0.127213 0.318804 0.0566033 0.116414 0.380966
0.241959 0.183327 0.291069 0.169423 0.114222
0.223575 0.51675 0.19782 0.0617546 9.9991E-05
0.0757936 0.382505 0.349269 0.0256974 0.166735
0.273999 0.544411 0.116431 0.0421532 0.0230057
0.0543679 0.513369 0.308439 0.0757143 0.0481097
0.104516 0.384618 0.38416 0.0338622 0.092844
0.297979 0.215243 9.9991E-05 0.169311 0.317367
0.0526758 0.58848 0.358644 9.99821E-05 9.99821E-05
0.278873 0.231507 9.9991E-05 0.124331 0.36519
0.233765 0.146018 0.370826 0.0106686 0.238723
0.330909 0.459165 0.209726 9.9982E-05 9.9982E-05
0.110189 0.363261 0.263168 9.9991E-05 0.263281
0.22054 0.415191 0.236725 0.103842 0.0237021
0.135581 0.541709 0.287883 9.9991E-05 0.0347279
0.143446 0.59387 0.207412 0.0551719 9.9991E-05
0.12375 0.398747 0.131973 0.0353082 0.310221
0.225276 0.544793 0.073751 0.156081 9.9991E-05
0.224932 0.45044 0.31599 0.00853796 9.9991E-05
0.0312568 0.710243 9.9991E-05 0.100372 0.158029
0.0121458 0.415755 0.308312 0.0706118 0.193175
0.164028 0.367044 0.288505 0.0896541 0.0907682
0.307335 0.278625 0.277187 0.0423687 0.0944842
0.173006 0.22001 0.464116 0.142768 9.9991E-05
9.9991E-05 0.157457 0.595093 0.128349 0.119002
0.112082 0.832911 9.99821E-05 9.99821E-05 0.054807
0.0723287 0.481208 0.413162 0.0332011 9.9991E-05
0.0922384 0.481321 0.312653 0.113688 9.9991E-05
0.289099 0.202415 0.308045 0.153893 0.0465476
0.152343 0.17017 0.211632 0.13972 0.326135
0.251693 0.631008 9.9982E-05 9.9982E-05 0.117099
0.218723 0.220766 0.110576 0.139045 0.31089
0.211189 0.211334 0.161251 0.0683558 0.34787
0.101993 0.329711 0.360125 0.20807 9.9991E-05
0.217842 0.459782 0.193895 0.030767 0.0977141
0.0740332 0.497808 0.0585789 0.0994121 0.270168
9.9991E-05 0.326815 0.435223 0.0756575 0.162204
9.99821E-05 0.467453 0.451263 0.0810841 9.99821E-05
9.9991E-05 0.178923 0.53611 0.0855867 0.19928
0.171398 9.9991E-05 0.226704 0.0910709 0.510727
0.0720073 0.265887 0.426807 0.0835675 0.151731
0.0846171 0.0682999 0.45502 9.9991E-05 0.391963
0.0558091 0.161 0.648978 0.05076 0.0834529
9.9991E-05 0.399611 0.438234 0.0741092 0.0879461
0.146241 9.9982E-05 0.495156 9.9982E-05 0.358403
9.9991E-05 0.416725 0.41752 0.130661 0.0349947
9.9982E-05 0.155606 0.797845 0.0463492 9.9982E-05
9.9991E-05 0.139229 0.174645 0.188505 0.497521
9.9991E-05 0.16518 0.534443 0.0698795 0.230398
9.9991E-05 0.193303 0.531389 0.149929 0.125279
9.9991E-05 0.397505 0.480738 0.104052 0.0176056
9.9973E-05 0.173447 0.826254 9.9973E-05 9.9973E-05
9.9991E-05 0.219474 0.617382 0.00409052 0.158953
0.0109178 0.261252 0.55897 0.16876 9.9991E-05
9.9991E-05 0.0553279 0.896759 0.00606352 0.0417501
0.0837496 0.150394 0.404545 0.126446 0.234866
0.0991658 0.0333923 0.32356 0.299961 0.243921
0.180701 0.386566 0.400434 0.0044143 0.0278848
0.111305 0.175664 0.557389 0.0103081 0.145333
9.99821E-05 0.222088 0.696025 9.99821E-05 0.0816872
0.0110725 0.334376 0.478784 0.175667 9.9991E-05
9.9991E-05 0.140522 0.305734 0.104268 0.449376
0.0979917 0.302903 0.598905 9.9982E-05 9.9982E-05
0.10463 0.204174 0.518716 9.9991E-05 0.17238
9.9991E-05 0.113586 0.42198 0.0203922 0.443942
0.0901176 0.293513 0.224706 0.091544 0.30012
0.0715693 0.49604 0.43219 9.9982E-05 9.9982E-05
0.0319333 9.9982E-05 9.9982E-05 0.898492 0.0693748
9.9982E-05 0.0855925 0.173182 0.741026 9.9982E-05
0.0994387 0.00870349 0.271965 0.452481 0.167412
0.0781078 0.107779 0.0241767 0.710479 0.0794575
0.020175 9.9982E-05 9.9982E-05 0.961822 0.0178031
0.114889 0.0897773 0.00567458 0.789559 9.9991E-05
9.9982E-05 0.0714901 9.9982E-05 0.88475 0.0435596
0.0828308 0.151403 0.00678126 0.758885 9.9991E-05
9.99731E-05 9.99731E-05 9.99731E-05 0.907105 0.0925948
0.0570793 0.061419 9.9982E-05 0.881302 9.9982E-05
9.997E-05 9.997E-05 9.997E-05 0.9996 9.997E-05
9.99731E-05 0.014575 9.99731E-05 0.985125 9.99731E-05
0.139624 0.112817 0.0520309 0.553263 0.142265
0.0754148 9.9982E-05 0.0433349 0.88105 9.9982E-05
0.103249 0.301611 0.226914 0.368125 9.9991E-05
9.9973E-05 9.9973E-05 9.9973E-05 0.717053 0.282647
0.0196753 9.9982E-05 0.45715 0.522975 9.9982E-05
0.0775995 0.0346573 0.080324 0.720109 0.0873108
0.0760699 0.0723895 9.9991E-05 0.677308 0.174133
9.9982E-05 0.0628898 0.270693 0.666217 9.9982E-05
0.069596 0.129186 9.9991E-05 0.753764 0.0473544
0.0951632 0.0694418 0.00924025 0.826055 9.9991E-05
0.0166586 9.9982E-05 9.9982E-05 0.962625 0.0205163
9.99821E-05 0.0199389 0.0939085 0.885953 9.99821E-05
9.9991E-05 0.133921 0.0174233 0.84079 0.00776557
9.9973E-05 9.9973E-05 0.0239801 0.97572 9.9973E-05
0.0372898 0.0419207 0.0863288 0.647814 0.186647
9.9973E-05 9.9973E-05 0.0790639 0.920636 9.9973E-05
0.0112092 9.9982E-05 0.276791 0.7118 9.9982E-05
0.116632 0.0674052 9.9991E-05 0.808753 0.00711034
0.103452 0.0257501 0.0237229 0.797728 0.0493476
9.9982E-05 9.9982E-05 0.0355195 0.871627 0.0926533
9.9982E-05 0.0819509 9.9982E-05 0.892825 0.025024
0.0763914 9.9973E-05 9.9973E-05 0.923309 9.9973E-05
9.9982E-05 0.0299149 9.9982E-05 0.937203 0.0326824
0.0589761 0.0338407 0.18528 0.721803 9.9991E-05
9.9982E-05 9.9982E-05 0.0745362 0.771955 0.153308
0.00477863 9.9982E-05 9.9982E-05 0.546049 0.448972
0.0985672 0.33998 0.0108209 0.0908576 0.459774
9.9982E-05 0.103843 0.440557 9.9982E-05 0.455399
9.9982E-05 0.321646 0.436569 9.9982E-05 0.241585
0.0257226 0.110453 0.367056 0.0155699 0.481198
0.116938 0.270125 0.21599 9.9991E-05 0.396847
0.0189291 0.221069 0.390848 0.0331552 0.335999
9.99821E-05 0.139857 0.25731 9.99821E-05 0.602634
0.152525 0.124565 0.1993 0.0602065 0.463403
0.0490407 0.335241 0.118462 0.0450906 0.452166
0.0898463 0.0547593 0.441209 0.0894828 0.324703
9.9991E-05 0.182668 0.372354 0.0151328 0.429745
0.0229772 9.9982E-05 0.714479 9.9982E-05 0.262344
0.0259647 9.9982E-05 0.476952 9.9982E-05 0.496883
9.9991E-05 0.00127089 0.513559 0.100661 0.384409
0.00956963 0.22168 0.130333 0.191491 0.446926
9.99731E-05 9.99731E-05 0.363639 9.99731E-05 0.636061
9.9991E-05 0.00784991 0.344387 0.00503618 0.642627
0.0851902 0.173692 0.373483 9.9991E-05 0.367535
0.0424064 0.297815 0.051034 0.0379202 0.570825
0.048122 0.15372 0.302828 0.0682218 0.427109
0.194482 9.9982E-05 9.9982E-05 0.164439 0.640879
0.0693991 0.245847 0.0543058 0.179546 0.450902
9.9991E-05 0.0948334 0.272569 0.208195 0.424303
0.0909542 0.0116362 0.210042 0.0980413 0.589326
9.9982E-05 0.316858 0.280779 9.9982E-05 0.402164
9.9982E-05 0.195477 0.277105 9.9982E-05 0.527218
9.9991E-05 0.219686 0.0999928 0.135463 0.544758
9.99821E-05 0.2872 0.187873 9.99821E-05 0.524726
9.9982E-05 0.172531 0.267402 9.9982E-05 0.559867
0.0676573 0.429114 0.178177 9.9991E-05 0.324952
9.9991E-05 0.182343 0.178977 0.0505387 0.588041
0.0151298 0.15112 0.317727 0.101377 0.414647
0.276192 0.0335018 0.0633191 0.0092096 0.617778
0.106211 0.289415 0.273926 0.00553442 0.324914
9.99821E-05 0.294289 0.126306 9.99821E-05 0.579205
9.9991E-05 0.101545 0.246755 0.0889383 0.562662
9.9991E-05 0.124913 0.144356 0.0541225 0.676508
0.0070899 0.158139 0.0945199 0.0790912 0.66116
0.0308128 0.512414 9.9982E-05 9.9982E-05 0.456574
9.99821E-05 9.99821E-05 0.117728 0.004838 0.877234
0.0432962 0.24528 0.182856 0.0142234 0.514345
0.086635 0.481035 0.0190598 9.9991E-05 0.41317
0.191233 9.9991E-05 0.193492 0.104781 0.510394
9.9991E-05 0.0706885 0.218561 0.0212082 0.689442
9.9991E-05 0.230699 0.491012 0.086167 0.192022
0.119759 0.138676 0.165829 0.0825941 0.493142
0.188789 0.322903 0.113783 0.0185582 0.355966
9.9982E-05 9.9982E-05 0.531314 0.113664 0.354822
9.9991E-05 0.657022 0.254207 0.0178737 0.070797
0.0777572 0.137645 0.275309 9.9991E-05 0.509188
0.0235962 0.498024 0.15233 0.0343319 0.291718
9.9991E-05 0.327281 0.231259 0.127067 0.314294
0.0587438 0.218004 0.0884366 0.138996 0.49582
9.9982E-05 9.9982E-05 0.369537 0.188994 0.441269
0.0261939 0.245467 0.0390289 9.9991E-05 0.68921
0.0706649 9.9991E-05 0.238727 0.0439182 0.64659
0.023033 0.0458631 0.238137 0.0626416 0.630325
0.0193961 0.314673 9.9991E-05 0.0208111 0.64502
0.131983 9.9982E-05 0.392378 9.9982E-05 0.475439
9.99731E-05 0.509281 9.99731E-05 9.99731E-05 0.490419
9.9982E-05 0.381978 9.9982E-05 0.0294838 0.588339
0.0936029 0.312879 0.0738044 0.200933 0.31878
9.9991E-05 0.440089 0.215533 0.0699546 0.274323
0.0145022 9.99821E-05 0.361051 9.99821E-05 0.624247
0.120736 0.343406 9.9982E-05 9.9982E-05 0.535659
9.9982E-05 0.0877669 0.370717 9.9982E-05 0.541317
0.0263459 0.326488 0.300132 9.9991E-05 0.346934
0.0294183 0.000308448 0.212454 0.146185 0.611634
9.9982E-05 9.9982E-05 0.470635 0.0128691 0.516296
0.00571912 0.287182 0.468449 9.9991E-05 0.23855
0.0446612 9.9991E-05 0.174087 0.122411 0.65874
9.9991E-05 0.110932 0.323252 0.168873 0.396843
0.174567 0.147628 0.0357419 0.102824 0.539239
0.0384796 0.285567 0.205026 0.0179587 0.452968
0.032058 0.259998 0.341883 0.0867852 0.279276
0.14025 0.112176 0.472643 0.0152648 0.259667
0.123867 0.0888505 0.12147 0.0210661 0.644746
0.172748 0.169212 0.214763 0.166714 0.276563
0.13238 0.0564198 0.362058 0.0962733 0.352869
9.9991E-05 0.250846 0.459024 0.0400976 0.249933
0.0310594 9.9982E-05 0.356608 9.9982E-05 0.612132
9.9991E-05 0.00441784 0.186542 0.247971 0.560969
0.0837791 9.9982E-05 0.639781 9.9982E-05 0.27624
0.101114 0.0671273 0.539064 0.0880475 0.204647
0.111616 0.0985373 0.219931 0.256315 0.313601
9.9991E-05 0.114559 0.256572 0.0321663 0.596602
0.0604965 0.0377219 0.574021 0.00872342 0.319037
0.0752985 0.185279 0.221602 0.0372152 0.480606
9.9991E-05 0.108224 0.413832 0.0130735 0.464771
