0.238308 0.191275 0.392863 0.177554
0.240277 0.236368 0.16999 0.353365
0.459647 9.9991E-05 0.20004 0.340213
0.207699 0.180743 0.390355 0.221203
0.400348 0.269309 0.288263 0.0420799
0.391648 0.0591803 0.285518 0.263654
0.456836 0.089259 0.289767 0.164138
0.295158 0.160933 0.407327 0.136581
0.498794 0.038054 0.281833 0.18132
0.443483 0.0218477 0.3149 0.219769
0.46686 0.158959 0.269021 0.10516
0.597968 0.0119168 0.226901 0.163214
0.420618 0.14878 0.315705 0.114897
0.603917 9.9991E-05 0.247043 0.14894
0.308457 0.0655667 0.419698 0.206279
0.73349 0.0294377 0.084925 0.152147
0.462477 9.9991E-05 0.417491 0.119931
0.56427 0.206883 0.228747 9.9991E-05
0.416569 0.0924389 0.295064 0.195928
0.372529 0.124046 0.205574 0.297852
0.35506 0.152876 0.213974 0.27809
0.457774 0.158393 0.208085 0.175748
0.848702 0.0345475 0.116651 9.9991E-05
0.803338 0.12481 0.0439185 0.0279334
0.655078 0.116377 0.10544 0.123105
0.312687 0.212118 0.258454 0.216741
0.580858 0.125247 0.0450267 0.248869
0.522991 0.130414 0.128588 0.218008
0.50525 0.144315 0.0978963 0.252538
0.55642 0.172118 0.271362 9.9991E-05
0.572113 0.146328 0.189518 0.0920414
0.663296 0.120956 0.116542 0.0992058
0.598141 0.153204 0.102247 0.146408
0.892094 0.00235909 0.0756431 0.0299041
0.444388 0.264502 0.226424 0.0646862
0.410908 0.0726815 0.396266 0.120145
0.321801 0.00875208 0.432327 0.23712
0.431032 0.0761668 0.31949 0.173312
0.414673 0.2 0.141778 0.243548
0.297408 0.0454844 0.45184 0.205268
0.322637 0.159386 0.162609 0.355368
0.416935 0.15974 0.423226 9.9991E-05
0.477551 0.246859 0.191345 0.0842453
0.719375 0.172469 9.9991E-05 0.108056
0.331535 0.112539 0.274056 0.281871
0.431053 0.0231132 0.539212 0.00662171
9.9991E-05 0.0589157 0.727456 0.213529
0.446215 0.15423 0.399455 9.9991E-05
0.243221 0.0435992 0.692396 0.0207841
0.29581 0.0592529 0.61151 0.0334263
0.477964 0.097497 0.424439 9.9991E-05
0.405541 0.00977772 0.584581 9.9991E-05
0.139954 9.9991E-05 0.842371 0.0175755
0.462837 9.9982E-05 0.536963 9.9982E-05
0.397701 0.0277263 0.441423 0.13315
0.11188 0.227707 0.660313 9.9991E-05
9.9982E-05 9.9982E-05 0.707701 0.292099
0.228649 0.0333229 0.600851 0.137177
0.448562 0.0280958 0.523242 9.9991E-05
0.199524 9.9991E-05 0.746936 0.0534404
0.0376567 0.0412989 0.920944 9.9991E-05
0.421438 9.9991E-05 0.536512 0.0419501
0.344615 0.0022486 0.646499 0.00663718
9.9991E-05 0.115462 0.719401 0.165037
0.150708 0.0938693 0.676312 0.0791111
9.9991E-05 0.0661565 0.776196 0.157547
0.100186 0.0373069 0.648803 0.213705
0.128441 0.189804 0.681655 9.9991E-05
9.9991E-05 0.251555 0.712163 0.0361822
0.121934 0.131253 0.746713 9.9991E-05
0.291316 9.9991E-05 0.545374 0.16321
0.175386 0.109624 0.513596 0.201395
9.9991E-05 0.0544075 0.923655 0.0218378
0.278511 0.0576747 0.610197 0.0536175
0.444692 9.9991E-05 0.338355 0.216854
0.422562 0.000655657 0.576682 9.9991E-05
0.370958 0.0511451 0.577797 9.9991E-05
0.25838 0.0348872 0.596782 0.109951
9.99821E-05 9.99821E-05 0.721805 0.277995
0.175945 9.9991E-05 0.708669 0.115286
0.485947 0.127631 0.34961 0.0368115
0.295392 0.0877967 0.544768 0.0720434
0.437986 0.0405913 0.521322 9.9991E-05
0.0431738 0.0555752 0.767071 0.13418
0.181244 0.0519389 0.766717 9.9991E-05
0.075562 9.9982E-05 9.9982E-05 0.924238
0.121302 9.9991E-05 0.165744 0.712853
0.0905101 0.103408 0.11719 0.688892
0.184693 0.0924171 0.189856 0.533033
0.203852 9.99821E-05 9.99821E-05 0.795948
0.0977384 0.0197201 9.9991E-05 0.882441
0.146282 0.0548154 0.0523341 0.746568
9.9991E-05 0.131845 0.0375136 0.830541
0.242004 0.07165 9.9991E-05 0.686246
0.230396 0.101633 0.0543557 0.613615
0.0982692 0.048598 9.9991E-05 0.853033
0.0444728 0.080807 0.0479498 0.82677
0.26604 0.148314 9.9991E-05 0.585546
0.256438 0.0156695 9.9991E-05 0.727792
0.0304732 9.9991E-05 0.091008 0.878419
9.998E-05 9.998E-05 9.998E-05 0.9997
9.9982E-05 9.9982E-05 0.131639 0.868161
0.397555 0.0641724 0.0963784 0.441894
0.126259 0.149452 0.0207387 0.703551
9.9991E-05 0.0474115 0.00655848 0.94593
0.162111 9.9991E-05 0.0923568 0.745432
9.9991E-05 0.120159 0.180737 0.699005
0.112677 0.0369813 0.0715977 0.778744
0.22139 0.0474769 9.9991E-05 0.731033
9.99821E-05 0.0953703 9.99821E-05 0.90443
0.277424 9.9982E-05 9.9982E-05 0.722376
0.118078 0.0490497 0.142894 0.689979
0.0599457 0.0693464 0.100959 0.769749
0.170431 0.0233206 0.040568 0.765681
0.0731651 9.99821E-05 9.99821E-05 0.926635
0.0214237 0.252297 0.0695891 0.65669
0.28715 9.9982E-05 9.9982E-05 0.71265
0.184435 0.147071 0.092468 0.576026
9.9991E-05 0.0147424 0.114101 0.871057
9.9991E-05 0.0815382 0.205157 0.713205
9.9991E-05 0.0809714 0.199885 0.719043
0.148254 9.9991E-05 0.0220927 0.829553
9.9982E-05 9.9982E-05 0.241752 0.758048
9.9991E-05 0.0239102 0.327199 0.648791
0.152945 9.9982E-05 9.9982E-05 0.846855
9.9991E-05 0.111573 0.328063 0.560264
0.135613 0.081777 0.740569 0.04204
9.9991E-05 0.0289455 0.746135 0.22482
0.191496 0.119286 0.561186 0.128032
9.9991E-05 0.117323 0.582168 0.30041
0.279632 0.10259 0.481341 0.136436
0.314953 0.056502 0.628445 9.9991E-05
0.25733 0.165965 0.540708 0.0359973
0.306778 9.9991E-05 0.561669 0.131454
0.399803 0.0856459 0.43542 0.0791305
0.0840877 0.239027 0.676785 9.9991E-05
0.226336 0.0390892 0.678258 0.0563166
9.9991E-05 0.235306 0.723153 0.0414414
0.160119 9.9991E-05 0.74425 0.0955313
0.111329 0.0849989 0.701883 0.10179
9.9991E-05 0.107702 0.845575 0.046623
0.118364 9.99821E-05 0.881436 9.99821E-05
0.12108 0.068794 0.689325 0.120801
0.244755 9.9991E-05 0.59699 0.158155
0.167448 0.047394 0.759208 0.0259501
0.7636 0.0413169 0.124276 0.070807
0.451835 0.0564312 0.212881 0.278853
0.312371 0.198219 0.088896 0.400514
0.504193 0.16058 0.0353864 0.29984
0.279248 9.9991E-05 0.242146 0.478505
0.571795 0.138961 9.9991E-05 0.289144
0.538704 0.0658471 0.0455684 0.34988
0.191699 0.193346 0.158402 0.456554
0.22378 0.212338 0.138003 0.425879
0.536537 0.124815 0.0651909 0.273457
0.645974 9.9991E-05 0.0683482 0.285578
0.781629 0.00025093 0.113249 0.104871
0.60066 0.0485046 0.134903 0.215932
0.567455 0.171957 9.9991E-05 0.260489
0.454511 0.176831 0.058462 0.310195
0.262353 0.251916 0.295243 0.190488
0.332702 0.0974521 0.277727 0.292119
0.418211 0.026863 0.00905674 0.54587
0.384464 0.120436 0.143238 0.351862
0.214366 0.322396 9.9991E-05 0.463137
0.579779 0.0359934 9.9991E-05 0.384127
0.518631 0.134729 0.0225605 0.324079
0.347903 0.149138 0.331269 0.171691
0.667137 0.12354 9.9991E-05 0.209223
0.44502 0.137615 0.085037 0.332327
0.491168 0.0841817 9.9991E-05 0.424551
0.381431 0.146126 9.9991E-05 0.472343
0.115641 0.0387465 0.351731 0.493881
0.36925 0.176858 0.132484 0.321408
0.667841 0.0456283 9.9991E-05 0.286431
0.453842 0.181149 0.212665 0.152344
0.717211 0.119568 9.9991E-05 0.16312
0.710907 0.0687746 9.9991E-05 0.220218
0.788063 0.0362346 9.9991E-05 0.175602
0.563151 0.0294521 0.204693 0.202704
0.348059 0.0386133 0.285039 0.328289
0.709955 0.0312199 0.0124643 0.246361
0.547735 0.0417007 0.0690728 0.341492
0.527996 0.0400969 9.9991E-05 0.431807
0.658136 9.9982E-05 9.9982E-05 0.341664
0.407168 0.0160069 0.204023 0.372802
0.242879 0.127152 0.311013 0.318956
0.819861 0.00118526 9.9991E-05 0.178854
0.0928942 0.215265 0.319695 0.372146
0.357801 0.124018 0.328018 0.190163
0.707793 9.9991E-05 0.105989 0.186119
0.537086 0.0501926 0.162755 0.249966
0.387629 0.0666503 0.435948 0.109773
0.476596 0.0566392 0.204354 0.262411
0.686967 0.0543415 9.9991E-05 0.258591
0.629035 0.00473349 0.173458 0.192774
0.457677 0.0766639 0.194942 0.270717
0.443209 0.0406045 0.226504 0.289682
0.242779 0.113226 0.29909 0.344905
0.00274169 0.199568 0.542791 0.2549
0.691279 9.9991E-05 0.0938784 0.214743
0.535067 0.0353812 0.224701 0.20485
0.415514 9.9991E-05 0.437792 0.146594
0.474682 9.9991E-05 0.215355 0.309864
0.517651 9.9991E-05 0.370059 0.11219
0.5924 0.0360945 0.0963471 0.275159
0.449584 9.9991E-05 0.323116 0.2272
0.476848 0.111174 0.168474 0.243504
0.431147 0.0780658 0.351349 0.139439
0.144475 0.179963 0.310589 0.364972
0.669588 9.9991E-05 0.102899 0.227412
0.35553 0.0894908 0.372531 0.182448
0.416434 0.133303 0.413189 0.0370733
0.376548 0.158 0.221831 0.243622
0.579616 0.0597178 0.0911844 0.269482
0.323431 0.10688 0.384514 0.185175
0.3666 0.150298 0.455454 0.0276475
0.690046 9.9991E-05 0.222061 0.087793
0.432554 0.029282 0.246021 0.292143
0.586258 0.047083 0.263148 0.103511
0.225401 0.118731 0.415611 0.240257
0.360737 0.105551 0.309138 0.224574
0.16679 9.9991E-05 0.460961 0.372149
0.250145 0.169013 0.371661 0.20918
0.397692 0.111124 0.346612 0.144572
0.332127 0.16404 0.320799 0.183034
0.363758 0.0703381 0.309545 0.256359
0.179573 0.16553 0.485437 0.169459
0.35179 9.9991E-05 0.433769 0.214341
0.322242 0.211302 0.466356 9.9991E-05
0.259757 0.144867 0.595276 9.9991E-05
0.315989 0.034199 0.486204 0.163609
0.509161 0.0236501 0.431099 0.0360902
0.355731 9.9991E-05 0.61039 0.0337797
0.383203 0.0651954 0.497979 0.0536219
0.455195 0.0764964 0.460854 0.00745479
0.303231 0.0884205 0.573128 0.0352199
0.485648 0.176688 0.337564 9.9991E-05
0.300231 0.142614 0.438964 0.118191
0.418674 0.0978351 0.483391 9.9991E-05
0.210122 0.103146 0.686633 9.9991E-05
0.473293 0.0816677 0.443128 0.00191155
0.368787 0.093065 0.538048 9.9991E-05
0.447464 0.0860839 0.377429 0.0890233
0.182894 0.0574352 0.748492 0.0111788
0.445333 0.177396 0.37717 9.9991E-05
0.187389 0.20801 0.604501 9.9991E-05
0.0255063 0.110749 0.830946 0.0327985
0.34339 0.211596 0.410646 0.0343685
9.9991E-05 0.0763395 0.743635 0.179926
0.0464784 0.119865 0.652634 0.181023
0.456904 9.99821E-05 0.542896 9.99821E-05
0.391768 0.149319 0.402753 0.0561604
0.547206 0.00622972 0.446464 9.9991E-05
0.391793 9.9991E-05 0.45338 0.154728
0.511311 9.9991E-05 0.452346 0.0362433
0.195687 0.0304033 0.718399 0.0555112
0.231946 0.0692088 0.59144 0.107404
0.670927 0.00323404 0.229336 0.0965037
0.0225231 0.934764 9.9991E-05 0.042613
0.000846454 0.684286 0.100851 0.214017
0.285883 0.503518 0.112776 0.097823
0.227462 0.772338 9.9982E-05 9.9982E-05
9.9982E-05 0.976903 9.9982E-05 0.0228971
0.0641485 0.716525 0.207089 0.0122375
0.177819 0.821981 9.9982E-05 9.9982E-05
0.273054 0.726747 9.9982E-05 9.9982E-05
9.9991E-05 0.874222 0.120609 0.00506911
0.0499254 0.932794 9.9991E-05 0.017181
9.998E-05 0.9997 9.998E-05 9.998E-05
9.998E-05 0.9997 9.998E-05 9.998E-05
0.0178706 0.676579 0.254572 0.0509779
9.9982E-05 0.946413 9.9982E-05 0.0533875
0.313715 0.49626 0.142248 0.0477767
9.9982E-05 0.838341 0.161459 9.9982E-05
0.141622 0.547222 0.276544 0.0346121
9.9991E-05 0.647261 0.239135 0.113504
9.9991E-05 0.672395 0.229142 0.0983638
9.9991E-05 0.804613 0.189239 0.00604873
0.221924 0.752707 0.0216462 0.0037231
0.0626942 0.882479 9.9991E-05 0.0547265
0.0892254 0.910575 9.9982E-05 9.9982E-05
9.9982E-05 0.888856 0.110944 9.9982E-05
0.106995 0.720209 0.107773 0.0650237
0.0536085 0.946191 9.9982E-05 9.9982E-05
9.9991E-05 0.622017 0.293087 0.0847964
0.00673933 0.949866 0.0432942 9.9991E-05
9.9991E-05 0.790523 0.08242 0.126957
0.120333 0.805966 9.9991E-05 0.0736007
0.0500581 0.800441 0.0102692 0.139231
0.0986825 0.753523 0.123452 0.0243424
0.0763135 0.923487 9.9982E-05 9.9982E-05
9.9991E-05 0.91108 0.0493202 0.0394997
9.998E-05 0.9997 9.998E-05 9.998E-05
0.184052 0.815748 9.99821E-05 9.99821E-05
0.114569 0.803796 0.0815348 9.9991E-05
9.9991E-05 0.603385 0.318576 0.0779392
0.215985 0.146181 0.56446 0.0733749
9.99821E-05 9.99821E-05 0.895049 0.104751
0.317853 9.9982E-05 0.681947 9.9982E-05
0.468305 0.0534981 0.478097 9.9991E-05
0.167422 0.00776092 0.824717 9.9991E-05
0.238395 0.0401319 0.592302 0.12917
0.412625 9.99821E-05 0.587175 9.99821E-05
0.192605 0.113354 0.569545 0.124496
0.275147 0.0404296 0.613339 0.0710838
9.9991E-05 0.139009 0.753849 0.107041
0.256839 0.0904852 0.652575 9.9991E-05
0.165949 0.139894 0.694057 9.9991E-05
0.233034 0.0513611 0.640428 0.0751769
0.125054 0.0985941 0.762182 0.0141702
0.169286 0.186106 0.618852 0.0257559
0.185127 9.9991E-05 0.735893 0.07888
0.307476 9.9991E-05 0.690927 0.00149723
0.0652628 0.0709646 0.604245 0.259528
0.0203849 9.9991E-05 0.898432 0.0810834
0.186281 0.0772417 0.572052 0.164426
9.9991E-05 0.207612 0.617282 0.175006
0.412581 0.186171 0.362994 0.0382541
0.200072 0.172216 0.588105 0.039607
0.148025 0.140424 0.628185 0.0833651
0.296885 9.9982E-05 0.702915 9.9982E-05
0.170132 9.9991E-05 0.828962 0.000806059
0.136451 0.216794 0.646655 9.9991E-05
0.251956 0.0756588 0.672285 9.9991E-05
9.9982E-05 0.018161 0.981639 9.9982E-05
9.9982E-05 9.9982E-05 0.82635 0.17345
0.229309 0.0587541 0.711837 9.9991E-05
0.232281 0.174156 0.49646 0.0971025
0.157611 9.9991E-05 0.61456 0.22773
0.00707377 0.0390036 0.86706 0.0868626
0.00333072 9.9991E-05 0.845948 0.150621
9.9991E-05 0.145295 0.848859 0.00574606
0.194282 0.0878894 0.717729 9.9991E-05
0.149002 0.0299404 0.689001 0.132056
0.136583 0.0720331 0.69307 0.0983138
0.240754 0.140107 0.619039 9.9991E-05
0.36209 0.109011 0.528799 9.9991E-05
0.567671 9.9991E-05 0.419785 0.0124443
0.0475975 0.0999808 0.693447 0.158975
0.150595 0.0492868 0.800018 9.9991E-05
0.465819 0.0631461 0.429668 0.0413666
0.00584465 0.138071 0.677062 0.179023
0.247613 0.0450719 0.601642 0.105673
0.146526 0.184049 0.669325 9.9991E-05
0.401438 0.0479336 0.52005 0.0305789
0.250039 0.00787774 0.636447 0.105637
0.19442 0.0681306 0.627097 0.110353
0.146448 0.048693 0.804759 9.9991E-05
9.9991E-05 0.217554 0.61529 0.167056
0.364969 0.138021 0.49691 9.9991E-05
9.99821E-05 9.99821E-05 0.942529 0.0572706
9.9991E-05 0.0729975 0.768723 0.15818
9.9991E-05 0.128995 0.747674 0.123231
0.26359 0.0679267 0.653793 0.01469
0.153 0.180164 0.626818 0.0400183
9.99821E-05 9.99821E-05 0.942086 0.0577136
0.324232 9.99821E-05 0.675568 9.99821E-05
0.339311 0.169646 0.39307 0.0979734
0.564908 0.0297307 0.405261 9.9991E-05
0.287914 0.0539333 0.658052 9.9991E-05
0.205812 0.0726973 0.605297 0.116194
0.227656 9.9991E-05 0.768749 0.00349553
0.42054 9.9991E-05 0.556146 0.0232144
0.100352 0.146824 0.575353 0.177471
0.20165 0.0735302 0.6888 0.0360195
0.27599 0.00621988 0.561298 0.156492
0.192707 0.185782 0.621411 9.9991E-05
0.275999 0.127424 0.596477 9.9991E-05
0.17523 0.106842 0.511015 0.206913
0.0912049 0.232551 0.494752 0.181493
0.176985 0.116677 0.497488 0.20885
0.376554 0.17689 0.41805 0.0285057
0.148895 0.216973 0.592021 0.0421111
0.225795 0.154549 0.576867 0.0427887
0.132686 0.162856 0.580269 0.124189
0.0632543 0.00654638 0.775994 0.154205
9.9991E-05 0.0781482 0.747245 0.174507
9.99821E-05 0.264332 0.735468 9.99821E-05
0.448437 0.0408421 0.46727 0.0434506
0.16393 0.175979 0.59137 0.0687208
0.055553 0.0531443 0.649718 0.241585
0.20285 0.0235558 0.688136 0.0854575
0.294413 0.143583 0.441417 0.120587
0.0592993 0.0719505 0.559065 0.309685
9.9991E-05 0.118596 0.78491 0.096394
