0.272963 0.55641 0.170627
0.188634 0.331233 0.480133
0.0418168 0.636546 0.321638
0.160591 0.531423 0.307987
0.324475 0.464761 0.210764
0.126595 0.507735 0.36567
0.198939 0.778088 0.0229727
0.13547 0.651448 0.213082
0.00943295 0.596517 0.39405
0.0209865 0.599376 0.379637
0.177395 0.599713 0.222892
0.0858457 0.547252 0.366902
0.142353 0.717215 0.140432
0.0486031 0.647889 0.303508
0.104547 0.703734 0.191719
0.157412 0.603677 0.238912
9.9991E-05 0.732753 0.267147
0.206847 0.607831 0.185322
0.0830892 0.525726 0.391185
0.197758 0.408444 0.393798
0.242746 0.412811 0.344443
0.160304 0.501964 0.337732
0.116654 0.681249 0.202097
0.21962 0.562099 0.218281
0.227409 0.510833 0.261758
0.271976 0.312991 0.415033
0.112538 0.537406 0.350057
0.252353 0.4629 0.284747
0.0868017 0.496758 0.41644
0.17971 0.628043 0.192247
0.200522 0.652032 0.147446
0.16508 0.660963 0.173957
0.104153 0.691145 0.204702
0.0520774 0.698388 0.249535
0.155605 0.538957 0.305439
0.107427 0.642729 0.249844
0.0423189 0.684585 0.273097
0.197905 0.624544 0.177551
0.271745 0.389412 0.338843
0.251711 0.485676 0.262613
0.208599 0.560242 0.231159
0.135821 0.753544 0.110635
0.163815 0.5424 0.293785
0.268731 0.539747 0.191521
0.166749 0.546857 0.286394
0.0685378 0.845939 0.0855235
9.9991E-05 0.785371 0.214529
0.227509 0.772391 9.9991E-05
0.00271939 0.967375 0.0299056
0.0656563 0.744546 0.189798
0.0902046 0.828642 0.081153
9.9991E-05 0.86565 0.13425
9.9991E-05 0.917168 0.0827323
9.9991E-05 0.958449 0.041451
0.023857 0.791231 0.184912
0.1575 0.8424 9.9991E-05
9.9991E-05 0.802416 0.197484
0.0447464 0.832018 0.123236
0.0767747 0.904249 0.0189767
9.9991E-05 0.96423 0.0356702
9.999E-05 0.9998 9.999E-05
0.0120792 0.81027 0.17765
0.0199712 0.921209 0.0588203
0.0610672 0.769014 0.169919
0.0717733 0.857324 0.0709026
0.0936447 0.786519 0.119836
9.9991E-05 0.700008 0.299892
0.19206 0.793214 0.014726
0.263879 0.736021 9.9991E-05
0.0984602 0.90144 9.9991E-05
9.9991E-05 0.841727 0.158173
0.121556 0.616779 0.261664
0.0949613 0.904939 9.9991E-05
0.0339903 0.948754 0.0172559
0.103985 0.742943 0.153072
9.9991E-05 0.883547 0.116353
0.0304341 0.969466 9.9991E-05
9.9991E-05 0.751361 0.248539
9.9991E-05 0.787869 0.212031
9.9991E-05 0.858048 0.141852
0.242165 0.753431 0.00440426
0.0548716 0.76583 0.179299
9.9991E-05 0.939988 0.0599122
0.0565379 0.810678 0.132784
0.0675899 0.93231 9.9991E-05
9.9991E-05 0.0409337 0.958966
9.9991E-05 0.0544841 0.945416
0.13026 0.00867316 0.861067
0.0307668 0.356739 0.612494
9.9991E-05 0.0153871 0.984513
0.0525517 9.9991E-05 0.947348
0.124958 0.130187 0.744855
0.182252 9.9991E-05 0.817648
0.0738115 9.99931E-05 0.926089
0.155839 0.0246306 0.81953
9.999E-05 9.999E-05 0.9998
0.00583131 0.117926 0.876243
0.270967 0.0715242 0.657509
0.11449 9.9991E-05 0.88541
9.999E-05 9.999E-05 0.9998
9.999E-05 9.999E-05 0.9998
0.0166949 0.0647415 0.918564
0.151988 0.296297 0.551715
0.0658896 0.0296242 0.904486
0.0154984 9.9991E-05 0.984402
9.9991E-05 0.0186601 0.98124
0.0896856 0.271612 0.638703
9.9991E-05 0.0776593 0.922241
0.0829339 9.9991E-05 0.916966
0.0834441 9.9991E-05 0.916456
0.041114 9.9991E-05 0.958786
0.00908409 0.128678 0.862238
0.0950103 0.00650025 0.898489
0.0349712 0.0513935 0.913635
9.999E-05 9.999E-05 0.9998
0.196423 0.170521 0.633056
9.9991E-05 0.091956 0.907944
0.0980063 0.371026 0.530968
0.0705877 0.112662 0.81675
0.147864 0.158287 0.693848
0.092638 0.110528 0.796834
9.9991E-05 0.108426 0.891474
9.9991E-05 0.155655 0.844245
0.0533577 0.39996 0.546683
0.0406543 9.9991E-05 0.959246
0.157002 0.201196 0.641802
0.0260832 0.865631 0.108286
0.0190422 0.781809 0.199149
0.13487 0.654767 0.210363
0.0496642 0.699201 0.251135
0.215805 0.666017 0.118177
0.139447 0.769772 0.0907804
0.126843 0.800891 0.0722655
0.165022 0.665442 0.169536
0.0122193 0.783834 0.203947
0.190576 0.809324 9.9991E-05
0.0865438 0.793666 0.11979
0.144939 0.845953 0.00910814
0.0200402 0.882868 0.0970922
0.054574 0.90306 0.0423657
0.0278898 0.95169 0.0204207
9.999E-05 0.9998 9.999E-05
0.131999 0.65355 0.214451
0.146118 0.789807 0.0640751
0.0357394 0.964161 9.9991E-05
0.180952 0.471148 0.347901
0.031416 0.535792 0.432792
0.142905 0.376205 0.48089
0.169606 0.315694 0.5147
0.0184168 0.358261 0.623322
0.161016 0.323144 0.51584
0.0920817 0.321785 0.586133
0.132615 0.335143 0.532242
0.221645 0.315708 0.462647
0.187951 0.311094 0.500955
0.035859 0.507234 0.456907
0.0487848 0.658271 0.292944
0.20626 0.374961 0.418779
0.161391 0.536709 0.3019
0.290244 0.291651 0.418105
0.221303 0.433103 0.345594
0.0521807 0.490714 0.457105
0.126384 0.217855 0.655761
0.157629 0.375311 0.46706
0.384897 0.0310466 0.584057
0.0393504 0.385518 0.575131
0.162125 0.304407 0.533468
0.168172 0.507795 0.324033
0.181498 0.42929 0.389212
0.129585 0.509942 0.360473
0.160937 0.160695 0.678368
0.25145 0.123493 0.625058
0.077568 0.416472 0.50596
0.191059 0.365373 0.443569
0.0574702 0.305463 0.637067
0.156836 0.548625 0.294538
0.156646 0.382267 0.461087
0.17056 0.343592 0.485848
0.186473 0.282766 0.530761
0.0928752 0.520959 0.386166
0.0421995 0.463969 0.493831
0.125008 0.450396 0.424596
0.168146 0.294063 0.537791
0.157136 0.205044 0.63782
9.9991E-05 0.482044 0.517856
0.0503201 0.442916 0.506764
0.155989 0.467887 0.376123
0.0396324 0.572387 0.387981
0.201132 0.376983 0.421885
0.0812768 0.579511 0.339212
9.9991E-05 0.461558 0.538342
0.070535 0.447342 0.482123
0.083551 0.61198 0.304469
0.0759999 0.53211 0.39189
0.0871385 0.536098 0.376764
9.9991E-05 0.634871 0.365029
0.143221 0.350558 0.506221
0.0987376 0.480272 0.420991
0.0529272 0.470164 0.476908
0.15767 0.401991 0.440339
0.00899656 0.596154 0.39485
0.153173 0.552962 0.293865
0.18425 0.486936 0.328814
0.0402159 0.385729 0.574055
0.00920005 0.695834 0.294966
0.0998069 0.39912 0.501073
9.9991E-05 0.612182 0.387718
0.0877554 0.51759 0.394655
0.14807 0.587716 0.264214
0.162356 0.306815 0.530829
0.0220801 0.535159 0.442761
0.0301828 0.634395 0.335422
0.109725 0.652402 0.237872
0.122052 0.492448 0.3855
0.0663364 0.516593 0.41707
0.186735 0.466479 0.346786
0.209897 0.447231 0.342872
9.99911E-05 0.621972 0.377928
0.00997771 0.446921 0.543101
0.0972963 0.55751 0.345194
0.149128 0.544509 0.306363
0.175116 0.566725 0.258159
0.0306703 0.472853 0.496476
0.177203 0.465448 0.357349
0.0917571 0.599316 0.308927
0.0486852 0.69777 0.253545
0.131596 0.496857 0.371547
0.109457 0.648276 0.242267
9.9991E-05 0.678241 0.321659
0.28476 0.71514 9.99911E-05
0.143356 0.856544 9.9991E-05
0.0430915 0.776974 0.179934
0.112212 0.773112 0.114676
0.0765514 0.853444 0.0700043
0.130831 0.711822 0.157347
0.129272 0.780517 0.090211
0.0616954 0.823932 0.114372
0.282452 0.679245 0.0383034
0.0676791 0.747124 0.185197
0.147986 0.775162 0.0768522
0.119746 0.880154 9.9991E-05
0.190198 0.707796 0.102006
0.1149 0.885 9.9991E-05
0.100255 0.788011 0.111734
0.0548844 0.945016 9.9991E-05
0.243733 0.754798 0.00146975
0.113805 0.886095 9.9991E-05
0.145473 0.817833 0.0366939
0.341437 0.498996 0.159567
0.022211 0.701732 0.276057
0.124405 0.755604 0.119991
9.999E-05 0.9998 9.999E-05
0.208452 0.659056 0.132493
0.259708 0.716952 0.0233407
9.9991E-05 0.77099 0.22891
9.9991E-05 0.792931 0.206969
0.0934213 0.906479 9.9991E-05
0.0530505 0.732984 0.213966
0.141405 0.654854 0.203741
0.925947 9.9991E-05 0.073953
0.683937 0.223543 0.0925193
0.494112 0.303945 0.201942
0.86818 0.0485025 0.0833177
0.928375 9.9991E-05 0.0715246
0.797787 0.0532401 0.148972
0.900532 0.0993682 9.9991E-05
0.723262 0.097464 0.179274
0.91308 0.0868198 9.9991E-05
0.9998 9.999E-05 9.999E-05
0.9998 9.999E-05 9.999E-05
0.9998 9.999E-05 9.999E-05
0.677203 0.224087 0.09871
0.9998 9.999E-05 9.999E-05
0.537694 0.233685 0.228621
0.769943 0.229957 9.9991E-05
0.589293 0.410607 9.9991E-05
0.738744 0.0923631 0.168893
0.708303 0.205255 0.0864427
0.788998 0.210902 9.9991E-05
0.829673 0.0105129 0.159814
0.890099 9.9991E-05 0.109801
0.983557 0.0163432 9.9991E-05
0.9998 9.999E-05 9.999E-05
0.810382 0.141749 0.0478694
0.9998 9.999E-05 9.999E-05
0.707861 0.236273 0.0558662
0.98198 0.00757539 0.0104443
0.802019 0.0745225 0.123459
0.808465 9.9991E-05 0.191435
0.806678 0.0453408 0.147982
0.781318 0.193269 0.0254126
0.973062 0.0268383 9.9991E-05
0.951757 0.000759263 0.0474833
0.9998 9.999E-05 9.999E-05
0.873872 0.126028 9.9991E-05
0.860649 0.139251 9.9991E-05
0.727916 0.189905 0.0821784
0.206085 0.678458 0.115457
9.9991E-05 0.965013 0.0348871
9.9991E-05 0.926402 0.0734984
0.131363 0.789843 0.0787948
9.9991E-05 0.847796 0.152104
0.0304975 0.783128 0.186374
9.999E-05 0.9998 9.999E-05
0.0392306 0.713248 0.247521
0.0318636 0.80891 0.159226
0.062796 0.74601 0.191194
0.0303825 0.878267 0.0913507
0.207914 0.778876 0.0132101
0.0407207 0.935906 0.0233737
0.0498638 0.950036 9.9991E-05
0.131921 0.744356 0.123723
9.9991E-05 0.965667 0.0342335
0.0516982 0.932068 0.0162342
0.0297464 0.645826 0.324428
9.9991E-05 0.883307 0.116593
0.0440023 0.804272 0.151726
0.240525 0.66063 0.0988452
0.197486 0.699113 0.103401
0.195076 0.804824 9.9991E-05
0.0832364 0.916664 9.9991E-05
9.999E-05 0.9998 9.999E-05
9.9991E-05 0.941658 0.0582417
0.242039 0.697478 0.0604824
0.0331555 0.966745 9.9991E-05
0.0640469 0.935853 9.9991E-05
9.9991E-05 0.807179 0.192721
0.106618 0.891262 0.00211997
0.13032 0.72264 0.14704
9.9991E-05 0.645226 0.354674
0.0710645 0.77758 0.151355
9.9991E-05 0.906335 0.0935654
0.123397 0.831542 0.0450603
0.0591115 0.940788 9.9991E-05
0.0554859 0.82666 0.117854
0.0219588 0.801786 0.176255
0.0302419 0.969658 9.9991E-05
0.111798 0.873284 0.0149178
9.99911E-05 0.81372 0.18618
0.152646 0.658517 0.188837
0.00207485 0.997825 9.9991E-05
0.123919 0.758655 0.117426
0.0824848 0.733065 0.184451
0.0336308 0.761609 0.20476
0.14434 0.848242 0.00741761
0.0721517 0.822743 0.105105
0.0350645 0.782036 0.182899
0.0733906 0.827631 0.0989786
0.110507 0.889393 9.9991E-05
0.155715 0.667342 0.176943
0.128406 0.79822 0.0733734
9.9991E-05 0.938404 0.0614964
0.104463 0.83082 0.0647164
0.132475 0.749725 0.1178
0.0754467 0.825644 0.0989092
0.00829982 0.807336 0.184364
0.0196403 0.76344 0.216919
9.999E-05 0.9998 9.999E-05
0.211218 0.559711 0.229071
0.126845 0.820356 0.0527997
0.0656308 0.934269 9.9991E-05
9.9991E-05 0.801328 0.198572
0.0461934 0.953707 9.9991E-05
9.9991E-05 0.832198 0.167702
0.181363 0.671534 0.147103
0.0924871 0.898434 0.009079
9.9991E-05 0.904824 0.0950761
0.220671 0.741348 0.0379814
0.197691 0.802209 9.9991E-05
0.036992 0.689548 0.27346
0.134382 0.721432 0.144186
0.113559 0.707245 0.179196
0.157646 0.763665 0.0786889
0.105185 0.811544 0.0832702
0.251112 0.576973 0.171915
0.0545206 0.743659 0.201821
0.0483328 0.852297 0.0993702
0.0371769 0.858443 0.10438
0.254855 0.745046 9.9991E-05
0.0583373 0.865414 0.0762488
9.9991E-05 0.883838 0.116062
0.315794 0.599179 0.0850274
0.0806389 0.776539 0.142822
0.117652 0.726748 0.155601
0.109532 0.744901 0.145567
0.081186 0.846911 0.0719031
