0.159409 0.179906 9.9991E-05 0.0863553 0.574229
0.299066 0.154036 0.0178987 0.368863 0.160136
0.126283 0.0220642 0.313954 0.277433 0.260266
0.334608 0.161399 0.141245 0.283025 0.0797233
0.16766 0.172453 0.397509 0.144906 0.117471
0.172374 0.0388498 0.0850969 0.36866 0.335019
0.136576 0.106094 0.428978 0.0645692 0.263783
0.200954 0.134327 0.410848 0.00462867 0.249243
0.103736 0.015345 0.459893 0.19493 0.226096
0.261375 0.0854937 0.372927 0.145796 0.134408
0.105208 0.0813115 0.346429 0.123531 0.34352
0.195518 0.0855419 0.385709 0.333132 9.9991E-05
0.547978 0.112716 0.0252716 0.181555 0.132479
9.999E-05 0.000234743 0.246404 0.120082 0.633179
0.28115 0.0638828 0.0763601 0.170034 0.408573
0.259584 0.110105 0.0341601 0.21405 0.382101
0.330907 0.00185684 0.196414 0.23211 0.238712
0.13541 0.155438 0.21115 0.154405 0.343597
0.27879 0.0303599 0.0422904 0.212987 0.435573
0.0381104 0.201443 0.347819 0.244417 0.168211
0.320363 0.206319 0.17375 0.266168 0.0333987
0.204506 0.217653 0.147702 0.170988 0.259151
0.171542 0.0894958 0.0684094 0.00156505 0.668988
0.0823126 0.205319 0.348823 0.117186 0.246361
0.181424 0.230202 0.370066 0.0347682 0.18354
0.184768 0.220866 0.204374 0.344098 0.0458938
0.218713 0.154129 9.9991E-05 0.247201 0.379857
0.192462 0.158912 0.0444563 0.198389 0.405781
0.360218 0.102991 9.9991E-05 0.279038 0.257653
0.333639 0.193685 0.132508 0.120787 0.21938
0.310846 0.253359 0.0476469 0.192625 0.195524
0.0967048 0.077105 0.23826 0.0827203 0.505209
0.274234 0.0240547 0.284577 0.145643 0.27149
0.028101 0.0401476 0.532697 0.0635811 0.335474
0.317056 0.292356 0.000439265 0.14139 0.248758
0.176293 0.0859541 0.33541 0.0749551 0.327388
0.306467 9.9991E-05 0.0741551 0.143955 0.475323
0.322338 0.13359 0.247828 0.0840632 0.212181
0.225823 0.266576 0.237774 0.269727 9.9991E-05
0.424841 0.103493 0.295296 0.17627 9.9991E-05
0.260846 0.0889876 0.0378764 0.116323 0.495966
0.481937 0.055542 9.9982E-05 9.9982E-05 0.462321
0.289167 0.319615 0.00677395 0.148016 0.236428
0.0888103 0.189292 0.140211 0.243282 0.338405
0.286447 0.159366 9.9991E-05 0.194908 0.35918
0.256223 0.0422327 0.261717 9.9991E-05 0.439727
0.478139 9.9991E-05 0.238936 0.172868 0.109957
0.302768 0.184043 0.512989 9.9982E-05 9.9982E-05
0.494114 0.00388854 0.299403 0.0817443 0.12085
0.523746 0.0685545 0.0602824 0.0727072 0.274709
0.455958 0.053899 0.101596 0.041076 0.34747
0.400806 0.00229302 0.369839 0.0990928 0.12797
0.427681 9.9982E-05 0.139514 9.9982E-05 0.432605
0.40357 9.9982E-05 0.423359 9.9982E-05 0.172871
0.400692 0.126844 0.225608 0.0673476 0.179508
0.646499 0.171254 0.182047 9.9982E-05 9.9982E-05
0.417161 9.9991E-05 0.131321 0.179374 0.272044
0.307802 0.0489404 0.449586 0.142093 0.0515789
0.320541 0.0105258 0.15464 9.9991E-05 0.514193
0.751531 9.9982E-05 0.151462 0.0968072 9.9982E-05
0.635846 0.0111416 0.24436 9.9991E-05 0.108552
0.727782 9.9982E-05 0.0648645 0.207154 9.9982E-05
0.67922 0.0765096 9.9991E-05 0.0206801 0.22349
0.549173 0.0331967 0.233277 0.145859 0.0384935
0.62194 0.0803678 0.0760257 0.0143384 0.207328
0.396404 0.0843887 0.401305 0.101527 0.016375
0.505241 9.9991E-05 0.271674 0.210521 0.0124643
0.37252 0.0498629 0.266936 0.0148518 0.295829
0.435734 0.200264 0.210997 9.9991E-05 0.152905
0.398061 0.0580531 0.218578 9.9991E-05 0.325208
0.287858 9.9991E-05 0.0869912 0.0648468 0.560204
0.272013 0.163593 0.0219067 0.16209 0.380398
0.871911 0.00542606 0.0680875 9.9991E-05 0.0544756
0.632132 9.9982E-05 0.31667 0.0509981 9.9982E-05
0.402404 0.123186 0.245677 0.168725 0.0600067
0.450685 9.9991E-05 0.0621865 0.0991153 0.387913
0.738963 0.0699141 0.00355549 9.9991E-05 0.187468
0.512539 0.0761062 9.9991E-05 0.259935 0.15132
0.460812 0.0467479 0.264595 0.227745 9.9991E-05
0.389002 0.00669738 0.321926 0.282274 9.9991E-05
0.0104508 0.0984139 0.518991 9.9991E-05 0.372044
0.493233 0.0822482 0.242939 0.117229 0.0643509
0.827343 0.0731281 0.0767158 0.0227127 9.9991E-05
0.496679 0.017606 0.134115 9.9991E-05 0.3515
0.28847 0.0296628 0.370545 9.9991E-05 0.311222
0.119176 9.9991E-05 0.0394312 0.817199 0.0240939
0.129379 9.9991E-05 0.121709 0.710295 0.0385169
0.166935 0.0247884 9.9991E-05 0.717133 0.091044
9.9973E-05 9.9973E-05 9.9973E-05 0.513444 0.486256
0.124149 0.0482793 9.9982E-05 0.827372 9.9982E-05
9.9982E-05 0.0316518 9.9982E-05 0.695641 0.272507
0.0297075 0.0938464 0.102876 0.77347 9.9991E-05
0.0524692 0.088732 9.9982E-05 0.858599 9.9982E-05
9.9991E-05 0.0144872 0.145878 0.70024 0.139295
9.9991E-05 0.140657 0.0834758 0.574072 0.201695
9.9982E-05 9.9982E-05 0.0258132 0.875951 0.0980357
9.9991E-05 0.000568644 0.124581 0.609036 0.265714
9.9991E-05 0.193979 0.250399 0.553784 0.00173769
0.0662622 0.0236408 9.9991E-05 0.745653 0.164344
9.9982E-05 9.9982E-05 0.0921088 0.881201 0.0264904
9.9982E-05 0.0358545 9.9982E-05 0.962368 0.00157751
0.0591611 9.9982E-05 0.0842878 0.856351 9.9982E-05
0.00182417 0.112147 0.138211 0.463371 0.284447
0.102717 0.107607 0.0262098 0.763366 9.9991E-05
9.9982E-05 0.00131831 9.9982E-05 0.901246 0.0972358
9.99731E-05 9.99731E-05 9.99731E-05 0.787132 0.212568
0.187765 0.0844282 9.9991E-05 0.544121 0.183586
0.115469 9.9991E-05 0.0333266 0.819159 0.0319453
9.9982E-05 0.0596532 0.137439 0.802708 9.9982E-05
9.99821E-05 0.120738 9.99821E-05 0.812952 0.0661094
0.135082 9.9982E-05 9.9982E-05 0.797367 0.0673508
0.178859 0.0268395 0.115651 0.67855 9.9991E-05
0.104368 0.0922737 0.0747693 0.728489 9.9991E-05
0.0868371 0.0679765 0.0910507 0.71363 0.0405058
9.99731E-05 9.99731E-05 0.0715078 0.928192 9.99731E-05
0.107603 0.207463 9.9991E-05 0.607732 0.0771029
9.99821E-05 9.99821E-05 0.223659 0.73951 0.0366311
0.0381263 0.106944 0.313796 0.541033 9.9991E-05
0.168509 0.103815 9.99821E-05 0.727476 9.99821E-05
0.305183 0.0670626 9.9982E-05 0.627555 9.9982E-05
0.0125206 0.0893888 0.176518 0.637887 0.0836851
9.9991E-05 0.0360645 0.0119089 0.695716 0.256211
0.00891261 9.9991E-05 0.0685963 0.687118 0.235273
0.272188 0.0115399 9.9991E-05 0.446862 0.26931
9.9991E-05 0.0424584 0.0112845 0.848909 0.0972475
0.130619 0.220703 9.9991E-05 0.519329 0.129249
0.494307 0.0502443 0.191654 0.0495604 0.214234
0.51696 0.0974067 0.157485 0.139289 0.0888594
0.582359 0.174186 0.0544817 0.0396372 0.149337
0.62756 0.130738 0.0017353 0.239866 9.9991E-05
0.656384 0.0559882 0.223154 0.0643737 9.9991E-05
0.429345 0.135173 0.267103 9.9991E-05 0.168279
0.178132 0.165328 0.418706 0.023518 0.214316
0.306735 9.9991E-05 0.386621 0.0580124 0.248531
0.139955 0.172861 0.331196 0.0779722 0.278016
0.401717 0.125151 0.1282 9.9991E-05 0.344832
0.59393 0.189303 9.9991E-05 0.0100387 0.206629
0.697813 0.0759514 9.9991E-05 0.0107502 0.215386
0.610622 9.9982E-05 0.249364 0.139814 9.9982E-05
0.703054 9.9991E-05 0.0515268 0.146606 0.0987129
0.479734 0.0431039 0.211817 9.9991E-05 0.265245
0.495463 9.9982E-05 0.407502 9.9982E-05 0.0968345
0.504808 0.0289702 0.187491 0.0230884 0.255642
0.177163 9.9991E-05 0.100585 0.131667 0.590485
0.483004 0.0617311 0.221052 9.9991E-05 0.234113
0.0510959 0.152186 0.396883 0.0934396 0.306395
9.9991E-05 0.0221516 0.418114 0.278047 0.281587
9.9991E-05 0.135684 0.0586114 0.328758 0.476847
0.103672 0.198381 0.108781 0.451537 0.137628
0.0718936 0.0848685 0.0252206 0.462078 0.355939
0.032516 0.144336 0.167429 0.429405 0.226314
0.229836 0.0888446 9.9991E-05 0.447126 0.234094
0.293164 0.164456 0.0578702 0.48441 9.9991E-05
0.290903 0.208503 9.9991E-05 0.447795 0.0526996
9.9991E-05 0.114949 0.157377 0.42299 0.304584
0.0260256 0.0314148 0.400055 0.397646 0.144858
0.406527 0.126384 0.0597971 0.236857 0.170435
0.00366797 0.128927 0.234734 0.275372 0.357299
0.197747 0.204992 0.14271 0.269176 0.185374
0.088692 0.317097 9.9991E-05 0.303988 0.290123
0.191669 0.210075 0.339646 0.0736314 0.184978
0.179127 0.0913026 9.9991E-05 0.216559 0.512911
0.125511 0.102669 0.0581939 0.54398 0.169646
0.0253209 0.0352864 0.472878 0.35064 0.115875
9.9982E-05 0.222555 9.9982E-05 0.37113 0.406115
9.9991E-05 0.0142911 0.482221 0.338449 0.164939
0.0160975 0.110994 0.0866195 0.373731 0.412559
0.238978 0.163306 0.389646 0.20797 9.9991E-05
0.0873121 0.141667 0.303832 0.381581 0.0856081
0.0916503 0.0905249 0.088114 0.370728 0.358983
0.0135937 0.192108 0.0476877 0.659232 0.0873786
9.9982E-05 0.219858 0.243771 0.536171 9.9982E-05
0.152051 0.0749408 0.393212 0.365276 0.0145205
0.181888 0.20286 0.128597 0.298341 0.188314
0.0259869 0.119417 0.274484 0.476946 0.103165
0.114816 0.162676 0.267567 0.147362 0.30758
0.31232 0.177472 9.9991E-05 0.358677 0.15143
0.107416 0.119992 9.9991E-05 0.241875 0.530617
9.9991E-05 0.153692 0.190322 0.238832 0.417054
0.128605 0.00698921 0.00711217 0.203011 0.654283
0.19404 0.0522115 0.19988 0.248233 0.305636
0.0914326 0.156245 0.254558 0.389299 0.108465
9.9991E-05 0.0884945 0.248956 0.391208 0.271241
9.9991E-05 0.0785155 0.267069 0.439365 0.214951
0.134766 0.044888 0.11573 0.435031 0.269584
0.298534 0.065279 0.127642 0.368518 0.140026
0.165119 0.0691784 0.247355 0.356107 0.162241
9.9991E-05 0.0470318 0.361975 0.340854 0.250039
0.306021 0.21578 9.9991E-05 0.398346 0.0797525
0.0846194 0.0993845 0.218019 0.315737 0.28224
0.00559962 9.9991E-05 0.41527 0.216043 0.362987
9.9982E-05 0.0717746 9.9982E-05 0.226951 0.701074
0.257339 9.9991E-05 0.150814 0.118916 0.472832
9.9991E-05 0.0848013 0.125504 0.402577 0.387017
9.9991E-05 0.00451548 0.511367 0.145336 0.338682
0.450306 9.9991E-05 0.113609 0.2464 0.189585
9.9982E-05 9.9982E-05 0.280188 0.38547 0.334142
0.110463 0.0568407 0.231288 0.300067 0.301342
0.21089 9.9991E-05 0.330162 0.160042 0.298805
0.211891 0.0959819 0.267027 0.217775 0.207325
0.0476467 9.99911E-05 0.292904 0.13368 0.525669
0.152181 9.9991E-05 0.357419 0.127874 0.362426
0.101854 0.0122857 0.37127 0.168094 0.346496
9.9982E-05 9.9982E-05 0.270332 0.289562 0.439906
0.112088 9.9991E-05 0.271686 0.109636 0.50649
0.0367643 9.9991E-05 0.201944 0.238503 0.522688
9.9982E-05 9.9982E-05 0.118343 0.122566 0.758891
9.9991E-05 0.00898776 0.343634 0.133355 0.513923
0.181525 0.0523408 9.9991E-05 0.0493672 0.716667
0.0743291 0.150943 0.0455471 0.283547 0.445634
9.9982E-05 9.9982E-05 0.3903 0.34514 0.26436
0.243615 0.0413756 0.0428269 0.264988 0.407195
0.0797763 0.167262 0.244057 0.0733256 0.43558
0.052836 0.136666 0.320618 0.175834 0.314045
0.135057 0.00504374 0.164401 0.271285 0.424214
9.9991E-05 0.070041 0.435233 0.159501 0.335126
0.174502 0.113662 0.211335 0.0685645 0.431938
9.99821E-05 9.99821E-05 0.175685 0.177602 0.646513
0.0870225 0.00789458 0.0934741 0.26666 0.544949
0.0848001 0.0121023 0.414951 0.157338 0.330808
0.171137 0.242238 9.9991E-05 0.19584 0.390685
0.294162 0.156338 0.0144359 0.101845 0.43322
0.204736 9.9991E-05 0.253049 0.319782 0.222334
0.245695 0.0863414 9.9991E-05 0.193274 0.47459
0.113859 0.116799 0.204591 0.192131 0.37262
9.9991E-05 0.0413146 0.248543 0.105512 0.60453
0.131436 0.0380914 0.0570666 0.317136 0.45627
0.248948 0.111459 0.0495578 0.0140129 0.576022
0.0185687 9.9991E-05 0.555525 0.102749 0.323058
0.0977647 0.122537 0.64037 9.9991E-05 0.139228
0.236647 0.131725 0.472536 9.9991E-05 0.158991
0.322382 9.9991E-05 0.393603 0.152334 0.131582
0.381544 0.0632365 0.326467 0.110233 0.118519
0.134342 9.99821E-05 0.848119 0.017339 9.99821E-05
0.217369 0.0433323 0.427804 0.0116678 0.299827
0.187482 0.109417 0.52284 0.0444549 0.135806
0.31852 0.0226286 0.528872 0.114414 0.015565
0.0813687 0.0919162 0.441917 0.030505 0.354293
9.9991E-05 0.0986545 0.683963 0.11978 0.0975035
0.156434 0.128813 0.524543 0.0182483 0.171962
0.201765 0.130463 0.667572 9.9982E-05 9.9982E-05
0.00422902 0.0820677 0.910652 0.00295159 9.9991E-05
9.9991E-05 0.0668328 0.871069 0.0372663 0.0247322
0.126562 0.0528379 0.805519 0.0042102 0.0108703
0.153999 9.9973E-05 0.845701 9.9973E-05 9.9973E-05
9.9973E-05 0.244053 0.755647 9.9973E-05 9.9973E-05
0.257101 0.0492371 0.559755 9.9991E-05 0.133807
0.338434 0.0851947 0.426033 9.9991E-05 0.150238
0.164248 0.228968 0.343786 0.108493 0.154504
0.128738 9.9991E-05 0.514805 0.14555 0.210807
0.127528 0.0410149 0.710205 0.121152 9.9991E-05
0.102149 9.99821E-05 0.602553 9.99821E-05 0.295097
0.0243267 0.154638 0.50179 0.0284857 0.290759
0.296242 0.16335 0.370029 0.0106392 0.15974
0.0986584 9.9991E-05 0.578882 0.17266 0.1497
0.38606 9.9991E-05 0.347398 0.134007 0.132435
0.455622 9.9982E-05 0.522445 9.9982E-05 0.0217336
0.432705 0.111723 0.0225667 0.065443 0.367562
9.9982E-05 9.9982E-05 0.813318 0.127488 0.0589943
0.0438025 0.858887 9.99821E-05 0.0971106 9.99821E-05
9.9982E-05 0.664839 0.105693 9.9982E-05 0.229269
0.112022 0.43163 0.18114 0.110354 0.164854
9.9982E-05 0.755573 0.164217 9.9982E-05 0.0800101
9.9982E-05 0.960276 0.00318278 0.0363408 9.9982E-05
0.144517 0.735108 9.9982E-05 0.120175 9.9982E-05
0.0250868 0.842776 9.9982E-05 9.9982E-05 0.131937
9.99821E-05 0.681389 0.106134 9.99821E-05 0.212277
0.0429811 0.827965 0.00827793 0.120676 9.9991E-05
9.99731E-05 0.789091 9.99731E-05 9.99731E-05 0.210609
9.997E-05 0.9996 9.997E-05 9.997E-05 9.997E-05
9.997E-05 0.9996 9.997E-05 9.997E-05 9.997E-05
0.125444 0.544433 0.199763 0.130259 9.9991E-05
9.9973E-05 0.893448 0.106252 9.9973E-05 9.9973E-05
0.139797 0.322349 0.214698 0.15018 0.172975
0.221166 0.778534 9.9973E-05 9.9973E-05 9.9973E-05
0.268408 0.530114 0.0437937 0.157584 9.9991E-05
0.173812 0.744388 9.9991E-05 0.0340661 0.0476335
0.207931 0.580994 0.0319922 0.140903 0.0381799
0.189866 0.708579 0.101354 9.9982E-05 9.9982E-05
0.010525 0.780385 0.0925426 0.00718345 0.109364
0.00929932 0.821721 9.9991E-05 0.118248 0.0506311
0.0945361 0.905164 9.9973E-05 9.9973E-05 9.9973E-05
9.9973E-05 0.836863 0.162837 9.9973E-05 9.9973E-05
0.115364 0.81912 9.9982E-05 9.9982E-05 0.0653166
9.9973E-05 0.985467 9.9973E-05 9.9973E-05 0.014233
0.187678 0.676519 9.9991E-05 0.0185389 0.117164
9.9982E-05 0.866879 9.9982E-05 0.0546492 0.0782719
9.9982E-05 0.683857 0.235289 0.0806546 9.9982E-05
0.0498987 0.80974 0.000180073 0.139819 0.000362116
0.0311807 0.715075 0.104317 0.149327 9.9991E-05
0.0706241 0.781186 0.0709953 0.0770949 9.9991E-05
9.9973E-05 0.860902 9.9973E-05 9.9973E-05 0.138798
9.9982E-05 0.912648 0.0386089 0.0485435 9.9982E-05
9.99731E-05 0.976605 0.023095 9.99731E-05 9.99731E-05
9.99821E-05 0.734638 0.0586742 9.99821E-05 0.206487
9.9991E-05 0.69917 0.198781 0.0794525 0.0224967
0.258576 0.586381 0.0415012 0.113442 9.9991E-05
0.484614 0.116396 9.9991E-05 0.0666961 0.332193
0.812468 9.9991E-05 0.14142 0.042502 0.00350932
0.413115 9.9991E-05 0.484234 0.0424264 0.0601248
0.378628 9.9982E-05 0.199246 9.9982E-05 0.421926
0.257195 9.9991E-05 0.463703 0.111441 0.167562
0.191964 0.0417892 0.43724 0.0923994 0.236608
0.549894 9.99821E-05 0.35806 9.99821E-05 0.0918456
0.388561 0.0424567 0.4585 0.092883 0.0176
0.562035 0.0337451 0.165074 0.129721 0.109425
0.143388 0.0535033 0.41661 0.111764 0.274734
0.247617 9.9982E-05 0.432631 9.9982E-05 0.319552
0.4935 0.050683 0.379078 0.0088183 0.0679211
0.52434 9.99821E-05 0.396953 0.0785062 9.99821E-05
0.576697 0.084037 0.339066 9.9982E-05 9.9982E-05
0.492592 0.0861458 0.0967899 9.9991E-05 0.324373
0.583867 9.9991E-05 0.174276 0.00455907 0.237198
0.702734 0.0608572 0.170074 9.9991E-05 0.0662349
0.511866 9.9991E-05 0.139375 0.121433 0.227227
0.83804 9.9982E-05 9.9982E-05 0.0800966 0.0816637
0.369224 0.119744 9.9991E-05 0.0249304 0.486002
0.397627 0.0645653 0.2599 0.165208 0.112699
0.209331 0.1082 0.342109 0.0204472 0.319912
0.567957 0.24896 0.028058 0.0813151 0.0737104
0.480546 0.0399051 0.186887 0.106882 0.18578
0.371042 9.9982E-05 0.218892 9.9982E-05 0.409866
0.46019 9.9991E-05 0.142879 0.00314243 0.393689
0.514319 0.197305 0.0206887 0.0481438 0.219544
0.62451 0.0631216 0.152152 0.111382 0.0488341
0.602015 9.9982E-05 0.188085 9.9982E-05 0.2097
0.543645 9.9991E-05 0.29274 0.101069 0.0624455
0.659026 0.133457 0.207317 9.9982E-05 9.9982E-05
0.368682 0.0924572 0.274452 0.062352 0.202057
0.427586 0.0804775 9.9991E-05 0.125855 0.365982
0.497968 0.00144567 0.164132 0.027793 0.308661
0.705368 9.9991E-05 0.0455987 0.117137 0.131796
0.534265 0.140554 0.165429 0.0246559 0.135097
0.809679 0.0457742 0.0463604 9.9991E-05 0.098086
0.472516 0.0216072 0.0475989 0.183781 0.274497
0.515138 9.99821E-05 9.99821E-05 0.042591 0.442071
0.923693 0.0627317 0.0133754 9.99821E-05 9.99821E-05
0.660315 0.0808144 0.107561 9.9991E-05 0.151209
0.202045 9.99821E-05 0.0139909 9.99821E-05 0.783764
0.482037 0.0940268 9.9991E-05 0.172312 0.251524
0.667205 0.0858551 0.183537 9.9991E-05 0.0633024
0.212824 0.119718 0.329266 0.0544531 0.283738
0.408304 0.148926 0.17931 0.158973 0.104486
0.41089 9.9991E-05 0.240113 0.180873 0.168024
0.410334 0.140559 0.448906 9.99821E-05 9.99821E-05
0.177917 0.0575896 0.536619 0.0859049 0.141969
0.530761 0.0771476 0.152619 0.00505347 0.234419
0.172337 9.9982E-05 0.418993 9.9982E-05 0.40847
0.522012 0.0960323 0.312718 0.00995267 0.0592852
0.584425 0.184588 0.133867 0.0970208 9.9991E-05
0.542033 0.118679 0.222175 0.0218966 0.0952164
0.721026 9.99821E-05 0.211513 0.067261 9.99821E-05
0.673495 0.0885336 0.199006 0.0388663 9.9991E-05
0.653008 0.0821772 0.150486 0.0814244 0.0329041
0.568074 0.111362 9.9991E-05 0.0159084 0.304556
0.496217 0.0639834 0.162766 0.0494391 0.227595
0.371104 9.99821E-05 9.99821E-05 0.00490172 0.623794
0.521467 9.9982E-05 0.441564 9.9982E-05 0.0367692
0.275733 0.232686 9.9991E-05 0.165228 0.326253
0.270987 0.0663358 0.0545676 9.9991E-05 0.608009
0.402099 0.0394615 0.344242 0.0403203 0.173877
0.390861 9.9991E-05 0.144274 0.11109 0.353675
0.651009 9.9982E-05 0.157587 9.9982E-05 0.191204
0.378262 9.9991E-05 0.289171 0.0702875 0.262179
0.33197 0.188384 9.9991E-05 0.0976983 0.381848
0.475737 0.0929687 0.335283 9.9991E-05 0.095911
0.423578 0.0423133 9.9982E-05 9.9982E-05 0.533909
0.543392 0.143958 0.0664877 9.9991E-05 0.246063
0.548134 0.146469 0.0811309 9.9991E-05 0.224166
0.24644 0.106249 0.208826 0.157165 0.28132
0.302701 0.137297 0.262428 0.0625988 0.234975
0.555723 0.132289 0.0834023 0.029972 0.198613
0.163091 0.0911499 0.442905 9.9991E-05 0.302754
0.448932 0.0845945 0.0963786 0.110775 0.25932
0.190019 0.31035 0.21084 0.127405 0.161386
0.244824 0.0656442 0.292697 0.0598341 0.337001
0.309091 0.0215399 0.274054 0.0364681 0.358847
0.572824 0.00563129 0.234903 0.0897457 0.0968959
0.659888 0.248178 0.0581713 9.9991E-05 0.0336624
0.436374 0.00462289 0.32728 0.0150281 0.216695
0.31885 9.9991E-05 0.359844 0.110645 0.210562
0.471787 0.0344827 0.402186 0.0914441 9.9991E-05
0.541397 0.0972453 0.0774969 0.13921 0.144651
0.499811 0.12453 0.242606 0.000797906 0.132256
0.405768 0.15024 0.29679 0.0223129 0.124888
0.382928 0.0547833 0.216387 0.043734 0.302167
