0.11066 0.743861 0.00305563 9.9991E-05 0.0269597 0.115365
0.0438006 0.687585 9.9991E-05 0.055505 0.0601359 0.152873
0.0979102 0.699504 9.9991E-05 0.0632829 0.0307859 0.108417
9.9982E-05 0.724456 0.00943775 0.0564874 9.9982E-05 0.209419
0.0344271 0.85628 9.9982E-05 0.0272171 9.9982E-05 0.081876
0.104174 0.690124 9.9982E-05 9.9982E-05 0.115208 0.0902939
0.0311176 0.788758 0.0430036 0.0116087 0.0182677 0.107245
9.9991E-05 0.764431 0.00383906 0.013438 0.0900561 0.128136
0.0631638 0.710758 9.9982E-05 9.9982E-05 0.0474078 0.17847
0.0175331 0.904227 9.9982E-05 9.9982E-05 0.00262246 0.0754179
0.040587 0.799973 9.99821E-05 0.00807723 9.99821E-05 0.151163
0.0910742 0.82623 9.9982E-05 0.0519827 9.9982E-05 0.0305128
9.999E-05 0.683375 0.0359405 0.0565785 0.0634572 0.160549
9.9982E-05 0.776209 9.9982E-05 0.0924029 0.0251533 0.106035
9.9982E-05 0.77033 9.9982E-05 0.0848886 0.0590827 0.0854987
0.0286065 0.768898 9.9991E-05 0.0290453 0.0624287 0.110922
0.10856 0.721447 9.9991E-05 0.0471111 0.0270342 0.0957478
0.0810514 0.741017 0.0841886 0.0200558 0.00854808 0.065139
0.0622223 0.765728 9.9982E-05 9.9982E-05 0.0508103 0.12104
0.00587086 0.786328 9.9991E-05 0.0197279 0.0371867 0.150786
9.999E-05 0.620284 0.0656442 0.0736072 0.0983056 0.142059
9.9982E-05 0.936013 9.9982E-05 0.0127173 0.00241414 0.048656
0.0296025 0.774492 9.9991E-05 0.0712756 0.0759677 0.0485626
0.0698857 0.741101 9.9991E-05 0.0315001 0.00682128 0.150592
0.0173317 0.788824 9.9991E-05 0.0353418 0.0225549 0.135848
0.225795 0.586096 0.0811761 0.0174787 0.033154 0.0562995
0.266517 0.608842 0.0963314 0.00849115 0.00237286 0.0174458
0.199526 0.555318 0.0663084 0.043786 0.0138343 0.121227
0.229231 0.552807 0.0126476 0.0371896 0.0701732 0.097951
0.128574 0.691456 0.118983 0.0370687 9.9991E-05 0.0238191
0.219924 0.496715 0.091785 0.0792628 9.9991E-05 0.112213
0.202015 0.575892 0.128922 0.0759368 9.9991E-05 0.0171342
0.154276 0.502382 0.128486 0.0593631 0.0917156 0.063777
0.136978 0.590231 0.13624 0.0572809 0.0310275 0.0482432
0.198889 0.64642 0.006699 0.018676 0.0442429 0.0850724
0.197034 0.653927 0.0768156 0.0390194 9.9991E-05 0.0331035
0.133767 0.734102 0.0597613 0.0721702 9.9982E-05 9.9982E-05
0.194955 0.539341 0.122152 0.0105689 0.0336138 0.0993693
0.223343 0.654904 0.0425725 0.043857 9.9991E-05 0.0352232
0.263041 0.574079 0.081038 0.0267617 0.0100066 0.0450731
0.210106 0.567173 0.11379 0.0310248 0.0279217 0.0499854
0.256365 0.613728 0.0834941 9.9982E-05 9.9982E-05 0.046213
0.178068 0.665112 0.0422358 0.0370993 9.9991E-05 0.0773844
0.249287 0.607053 0.0673714 0.0210561 9.9991E-05 0.0551326
0.17055 0.740303 0.0410011 0.01455 0.0334953 9.9991E-05
0.0932081 0.216871 0.393357 9.9982E-05 0.296364 9.9982E-05
0.0938083 0.196705 0.495676 0.0223126 0.191398 9.9991E-05
0.145435 0.149539 0.446447 0.0796361 0.176835 0.00210739
0.0826281 0.219659 0.367351 9.9991E-05 0.28943 0.0408322
9.9982E-05 0.265645 0.47668 0.0889258 0.168549 9.9982E-05
0.0926558 0.175646 0.422646 9.9991E-05 0.231697 0.077255
0.149023 0.0852392 0.514928 0.0239273 0.207314 0.0195685
0.0883743 0.260568 0.369198 0.0390842 0.181388 0.061388
0.0435733 0.242038 0.376467 0.0903877 0.247434 9.9991E-05
0.0745841 0.263845 0.448056 0.0333266 0.180087 9.9991E-05
0.178093 0.219838 0.398786 9.9991E-05 0.196799 0.00638315
0.0839474 0.254898 0.310833 0.0334445 0.316776 9.9991E-05
0.081623 0.151731 0.383812 0.0691876 0.219709 0.0939374
0.20814 0.0422957 0.441196 0.0304108 0.255557 0.0224012
0.141357 0.104522 0.530058 9.9982E-05 0.223863 9.9982E-05
0.0767687 0.169422 0.457022 9.9982E-05 0.296588 9.9982E-05
0.12292 0.187627 0.43314 0.0128134 0.243399 9.9991E-05
0.156002 0.243204 0.368576 0.000810852 0.225589 0.00581752
0.131953 0.255915 0.340774 0.0642497 0.191373 0.0157354
0.164554 0.191763 0.453241 9.9991E-05 0.184872 0.00546943
0.088702 0.225201 0.469109 0.0295828 0.187305 9.9991E-05
0.0567072 0.221053 0.364394 0.0513133 0.268393 0.0381398
0.136944 0.158262 0.351863 0.069649 0.223937 0.0593447
0.100938 0.266169 0.331109 9.9991E-05 0.253898 0.0477862
0.130698 0.295167 0.250598 9.9991E-05 0.213063 0.110374
0.0189899 0.169738 0.397897 0.0158275 0.349373 0.0481756
0.112149 0.241159 0.337017 0.0445085 0.217582 0.0475844
0.111055 0.230587 0.377308 0.00692535 0.254317 0.0198084
0.187593 0.148641 0.286405 0.00268644 0.294524 0.0801504
0.121095 0.185449 0.436201 9.9982E-05 0.257055 9.9982E-05
0.221332 0.15867 0.278322 9.9982E-05 0.341475 9.9982E-05
0.104063 0.158479 0.470826 0.0238634 0.166779 0.0759899
9.9982E-05 0.330487 0.410303 9.9982E-05 0.151925 0.107085
0.107911 0.228927 0.327952 9.9991E-05 0.299956 0.0351545
0.0616482 0.209591 0.383803 0.0718851 0.194631 0.0784411
0.115893 0.249591 0.326086 0.0609533 0.247376 9.9991E-05
0.111916 0.246893 0.354522 9.9982E-05 0.286469 9.9982E-05
0.154222 0.355727 0.314243 0.0839372 0.0743923 0.0174787
9.9991E-05 0.176951 0.428504 0.0123602 0.343757 0.038327
0.213669 0.265092 0.287597 0.0466992 0.129862 0.0570811
0.202133 0.180737 0.364792 0.0237237 0.228514 9.9991E-05
0.118661 0.271552 0.243179 0.0767928 0.276398 0.0134173
0.160493 0.177211 0.409325 0.0452238 0.207648 9.9991E-05
9.9991E-05 0.194815 0.414563 0.0479951 0.274023 0.0685028
0.0751907 0.24081 0.371381 0.0267327 0.285786 9.9991E-05
0.143167 0.619169 0.11454 0.0646292 0.0466861 0.0118087
0.0412386 0.591007 0.22481 0.0699237 9.9991E-05 0.0729209
0.188485 0.626752 0.0910893 0.0380031 0.0388856 0.0167856
0.0737108 0.587272 0.17008 0.0423555 0.0388398 0.0877427
0.16464 0.678472 0.0750128 0.0816749 9.9982E-05 9.9982E-05
0.00621722 0.643394 0.221267 0.0466168 0.0352177 0.0472874
0.213426 0.552926 0.129789 0.0545676 0.00116475 0.0481273
0.141024 0.589145 0.162773 0.106858 9.9982E-05 9.9982E-05
0.201817 0.670056 0.0427365 0.0653036 0.0199867 9.9991E-05
0.126963 0.677669 0.131 0.0556041 0.0019419 0.00682269
0.0837396 0.613003 0.188924 0.0796903 0.00445414 0.0301889
0.0857802 0.664696 0.116755 0.0508137 0.00272545 0.0792298
0.11628 0.533071 0.159534 0.0671466 0.0314303 0.0925379
0.0832464 0.731833 0.101246 0.0301116 0.0123203 0.0412423
0.280233 0.463511 0.239302 0.0167537 9.9982E-05 9.9982E-05
0.117344 0.749983 0.0729609 0.0134559 0.0461563 9.9991E-05
0.0210191 0.635927 0.195573 0.0728853 0.065542 0.00905305
0.127924 0.576382 0.208833 0.0436301 0.0155222 0.0277081
0.23255 0.61078 0.119749 0.0323107 0.00451015 9.9991E-05
0.158327 0.64226 0.0837182 0.0641687 0.0514258 9.9991E-05
0.208824 0.573018 0.154482 0.00453801 9.9991E-05 0.0590376
0.162557 0.583451 0.129622 0.0381242 0.0308787 0.0553666
0.0904436 0.71667 9.9991E-05 0.0288522 0.0770021 0.0869318
0.0826392 0.677143 0.0953824 0.039336 9.9991E-05 0.1054
0.0695403 0.64524 0.125191 0.0417483 0.0163168 0.101964
0.0791333 0.761505 0.0810227 0.00635321 0.0310342 0.0409515
0.0606994 0.850527 0.0348259 9.9991E-05 0.0171787 0.0366687
0.072313 0.761943 0.12175 9.9991E-05 0.0233162 0.0205786
9.9991E-05 0.792354 0.0617211 0.00336208 0.0457291 0.0967338
0.00196167 0.792589 0.0186153 0.0541254 0.129122 0.00358658
0.0758604 0.694727 0.082626 0.0200165 0.0476254 0.0791451
0.0260255 0.603973 0.140549 0.09212 0.0386476 0.0986848
0.142529 0.793937 0.0632344 9.9973E-05 9.9973E-05 9.9973E-05
0.0375923 0.809523 0.109634 0.0150787 0.0123645 0.0158069
0.106885 0.682529 0.132431 0.0303495 9.9991E-05 0.0477054
9.9991E-05 0.728306 0.0962782 0.0956487 0.0483968 0.0312702
0.0702424 0.660317 0.122586 0.00527619 0.0440181 0.0975604
0.0426009 0.642999 0.154932 9.9991E-05 0.0315618 0.127806
0.0850724 0.735217 0.136024 0.0434864 9.9982E-05 9.9982E-05
9.9973E-05 0.794397 0.180713 0.02459 9.9973E-05 9.9973E-05
0.0224411 0.604076 0.157215 0.0940949 9.9991E-05 0.122072
0.0876246 0.581612 0.125012 0.0841644 0.00242066 0.119166
0.0663004 0.674875 0.0341599 0.0848411 0.0344633 0.10536
0.145518 0.497462 0.0626143 0.0580316 0.0872455 0.149129
0.00362795 0.585025 0.121332 0.0831168 0.0365704 0.170328
0.224229 0.391522 0.289139 0.0160087 0.0477399 0.0313621
0.256209 0.398245 0.230714 0.0436652 0.0710661 9.9991E-05
0.267567 0.336029 0.305138 9.9982E-05 0.0910667 9.9982E-05
0.216766 0.294288 0.343689 0.0711408 0.019178 0.0549375
0.32448 0.270974 0.273075 0.0236249 9.9991E-05 0.107747
0.280763 0.320421 0.256951 9.9991E-05 0.000521939 0.141243
0.275611 0.340242 0.23309 0.0779764 0.00579687 0.0672831
0.283128 0.404472 0.215922 0.00284991 0.0481954 0.0454324
0.357909 0.37743 0.258239 0.0062221 9.9982E-05 9.9982E-05
0.240463 0.37329 0.170024 0.0498503 0.103007 0.0633652
0.194755 0.343953 0.297297 0.0359861 0.076441 0.0515682
0.254825 0.324057 0.357605 0.0250712 9.9991E-05 0.0383416
0.204501 0.367073 0.279751 0.0451914 0.0688488 0.0346345
0.21081 0.334651 0.184517 0.0222898 0.134782 0.112949
0.285981 0.390607 0.218406 0.022381 0.0727857 0.00983999
0.240551 0.321353 0.383439 0.0229295 9.9991E-05 0.0316279
0.275201 0.421424 0.179039 9.9991E-05 0.0907751 0.0334604
0.206447 0.418571 0.192551 0.0353269 0.0836951 0.0634093
0.252619 0.215176 0.323319 0.127077 9.9991E-05 0.08171
0.227271 0.282133 0.308177 0.0486941 0.0421475 0.091578
0.272174 0.342424 0.195837 0.0833098 0.106155 9.9991E-05
0.185742 0.368239 0.351832 0.0425323 0.0515545 9.9991E-05
0.159024 0.345496 0.311701 0.0606198 0.123059 9.9991E-05
0.241033 0.40091 0.296893 0.00467136 0.0563927 9.9991E-05
0.296838 0.302543 0.328332 0.0196945 9.9991E-05 0.0524932
0.323481 0.291197 0.324287 9.9991E-05 0.0494309 0.0115039
0.155373 0.42982 0.276129 0.0410289 0.0975494 9.9991E-05
0.266095 0.335134 0.273668 0.0180378 9.9991E-05 0.106965
0.0769628 0.326107 0.387879 0.117388 0.0208446 0.0708183
0.215079 0.29252 0.320683 0.126662 0.0125587 0.032498
0.162463 0.462456 0.269119 0.0494935 0.0543031 0.00216477
0.265365 0.273677 0.266451 0.0715726 0.0717905 0.0511444
0.140675 0.402031 0.284988 0.122216 0.0108398 0.0392504
0.297332 0.372695 0.234786 0.0263054 0.00914631 0.0597352
0.300613 0.299733 0.249148 0.0360038 0.0965618 0.01794
0.342238 0.37574 0.230108 0.000213461 0.0516019 9.9991E-05
0.231647 0.313053 0.282497 0.0815151 0.047223 0.0440642
0.197227 0.300577 0.343402 0.0998646 9.9991E-05 0.0588297
0.34115 0.33989 0.211742 0.027285 0.0673923 0.0125407
0.150666 0.419132 0.280511 0.0416546 0.0626086 0.0454279
0.10605 0.33745 0.288331 0.0965879 0.0768022 0.0947791
0.248762 0.324437 0.259439 0.045366 0.118315 0.00368131
0.201069 0.279352 0.359902 0.0756932 0.0302813 0.0537017
0.135474 0.314231 0.342453 0.111255 0.0189802 0.0776072
0.353916 0.363456 0.215072 9.9982E-05 0.0673558 9.9982E-05
0.236323 0.387021 0.190279 0.0802047 0.079097 0.0270751
0.230739 0.345507 0.27954 0.0156571 0.0974755 0.0310816
9.9973E-05 0.067385 0.111893 9.9973E-05 0.820422 9.9973E-05
0.05197 9.9991E-05 0.0329776 0.0649645 0.810246 0.0397422
9.9973E-05 9.9973E-05 9.9973E-05 0.0255864 0.957015 0.0170991
0.0122332 9.9973E-05 9.9973E-05 0.0106229 0.976844 9.9973E-05
0.0208686 9.9982E-05 9.9982E-05 0.046709 0.906382 0.0258408
9.9973E-05 9.9973E-05 0.060841 0.0611374 0.877722 9.9973E-05
0.0667349 0.0167018 0.161616 0.0175513 0.709436 0.0279598
9.9973E-05 9.9973E-05 0.0761377 0.0453198 0.878243 9.9973E-05
0.0410486 9.9973E-05 9.9973E-05 0.0230186 0.935633 9.9973E-05
9.9982E-05 0.0478688 0.0118974 9.9982E-05 0.917564 0.0224701
0.00617401 0.0213932 0.0762536 0.0226496 0.822677 0.0508527
0.0232452 0.0501938 0.00202999 0.0478258 0.831379 0.045326
9.9982E-05 0.0297025 0.00970534 9.9982E-05 0.920702 0.0396902
0.0339387 9.9973E-05 9.9973E-05 0.00121188 0.964549 9.9973E-05
0.0333897 9.9991E-05 0.103715 0.0429118 0.790053 0.0298307
9.996E-05 9.996E-05 9.996E-05 9.996E-05 0.9995 9.996E-05
0.0665291 9.9973E-05 9.9973E-05 9.9973E-05 0.914746 0.0184245
0.029721 9.9982E-05 9.9982E-05 0.0497783 0.910678 0.00962301
0.0555881 9.9964E-05 9.9964E-05 9.9964E-05 0.944012 9.9964E-05
0.166668 9.9982E-05 0.0324594 0.00531915 0.795353 9.9982E-05
0.0300834 0.0537975 0.0551426 0.00535502 0.855521 9.9991E-05
0.040327 0.0197905 0.00272559 0.0331587 0.903898 9.9991E-05
0.0991469 9.9964E-05 9.9964E-05 9.9964E-05 0.900453 9.9964E-05
0.116103 9.9973E-05 0.0466228 9.9973E-05 0.836974 9.9973E-05
9.9991E-05 0.0239502 0.0693765 0.043443 0.829016 0.0341141
0.0194431 0.129876 9.9982E-05 9.9982E-05 0.839146 0.0113345
9.9982E-05 0.0489354 9.9982E-05 0.0113669 0.92418 0.015318
0.0314454 9.9982E-05 9.9982E-05 0.025301 0.930112 0.0129417
9.9964E-05 9.9964E-05 9.9964E-05 9.9964E-05 0.971994 0.0276062
0.0595651 9.9982E-05 9.9982E-05 0.060887 0.827772 0.0515759
9.9991E-05 0.000891305 0.0381301 0.0624136 0.807156 0.0913093
0.0462818 0.0262299 9.9991E-05 0.0149817 0.852231 0.0601753
0.0459689 0.0203485 9.9982E-05 9.9982E-05 0.902608 0.0308748
9.9991E-05 0.0459922 0.00094869 0.0355699 0.869619 0.0477701
9.9973E-05 0.0280557 9.9973E-05 0.0295898 0.942055 9.9973E-05
0.0745512 0.0968001 9.9991E-05 0.0324534 0.774293 0.021802
9.9991E-05 0.0164202 0.0276169 0.0017944 0.935156 0.0189123
0.0182228 9.9964E-05 9.9964E-05 9.9964E-05 0.981377 9.9964E-05
0.10385 0.0787371 0.0200932 0.037122 0.681952 0.0782457
0.0274436 0.0865305 9.9982E-05 0.00517362 0.880652 9.9982E-05
9.9973E-05 0.00805899 9.9973E-05 0.0242184 0.967423 9.9973E-05
0.0503946 0.0460681 0.098725 0.012517 0.700554 0.0917417
9.9964E-05 0.0329693 9.9964E-05 9.9964E-05 0.966631 9.9964E-05
9.9982E-05 0.0186692 9.9982E-05 0.0860202 0.803841 0.0912699
0.00580108 0.12343 9.9973E-05 9.9973E-05 0.870469 9.9973E-05
9.9973E-05 9.9973E-05 0.0609287 0.0454177 0.893354 9.9973E-05
9.9964E-05 9.9964E-05 9.9964E-05 0.0252173 0.974383 9.9964E-05
9.9973E-05 9.9973E-05 0.403477 9.9973E-05 0.464123 0.1321
0.0137032 9.9991E-05 0.39415 0.00863988 0.49337 0.090037
9.9982E-05 9.9982E-05 0.4306 0.0462009 0.405847 0.117152
0.092144 9.9991E-05 0.372996 0.0291096 0.362998 0.142653
0.0305509 0.0189926 0.322854 0.0228447 0.519556 0.085202
0.0543762 0.0210798 0.416386 9.9991E-05 0.363206 0.144852
0.00688277 9.9991E-05 0.407538 0.0236162 0.45975 0.102113
0.0484329 0.0286028 0.257847 9.9991E-05 0.523949 0.141068
0.0588541 0.0193623 0.291455 9.9991E-05 0.50221 0.128019
9.9991E-05 0.0600264 0.286206 0.0419242 0.44642 0.165323
0.151723 9.9982E-05 0.354771 9.9982E-05 0.442515 0.0507908
0.0232634 9.9982E-05 0.290269 9.9982E-05 0.469646 0.216622
0.011122 9.9982E-05 0.450868 9.9982E-05 0.430113 0.107697
0.0965337 9.9982E-05 0.349204 9.9982E-05 0.41779 0.136272
0.0197327 0.0419174 0.201926 0.0621509 0.461976 0.212297
0.0397158 0.0429978 0.377986 0.064068 0.34427 0.130963
0.0357228 0.00200802 0.403651 0.00855984 0.390191 0.159867
0.079306 0.0360146 0.285695 0.0252234 0.382942 0.190819
0.092327 0.0161065 0.386113 9.9991E-05 0.399304 0.10605
0.0374356 9.9982E-05 0.430871 9.9982E-05 0.416366 0.115127
0.0704204 0.0192338 0.377628 9.9991E-05 0.407818 0.1248
0.00765892 0.0486391 0.396192 9.9991E-05 0.408721 0.138689
0.0169217 9.9982E-05 0.33285 9.9982E-05 0.503043 0.146986
0.0369128 0.138835 0.298265 0.0056327 0.393768 0.126586
9.9982E-05 9.9982E-05 0.38867 0.0139556 0.468857 0.128317
0.0116651 0.0226026 0.339258 0.0487397 0.48042 0.0973147
0.0305752 9.9991E-05 0.297995 0.0534855 0.511454 0.10639
0.0603872 0.0166888 0.207222 0.0161349 0.496731 0.202836
0.00569981 9.9991E-05 0.197502 0.0393373 0.578328 0.179033
0.0329107 0.0352624 0.279972 0.0284396 0.50654 0.116875
0.048116 0.0272923 0.440174 0.0748044 0.280958 0.128656
0.0453899 0.0187792 0.241985 9.9991E-05 0.544142 0.149604
0.0364367 0.105816 0.24908 9.9991E-05 0.426149 0.182419
0.0811406 0.0432725 0.159066 9.9991E-05 0.572643 0.143779
9.9991E-05 0.0214434 0.232089 0.0645603 0.514138 0.16767
0.0743131 9.9982E-05 0.302203 9.9982E-05 0.528164 0.0951203
0.10542 0.110658 0.228956 0.0219989 0.396349 0.136619
0.0396148 0.0381197 0.263437 0.0442263 0.412834 0.201768
9.9982E-05 9.9982E-05 0.281339 0.0506939 0.53721 0.130558
0.0959834 0.141219 0.230175 0.0516108 0.35202 0.128992
0.117273 9.9982E-05 0.159339 9.9982E-05 0.612359 0.110829
9.9991E-05 0.0127197 0.314691 0.0136812 0.51465 0.144159
0.0704191 0.0464607 0.186223 0.0515644 0.462048 0.183285
0.0557066 0.0319347 0.318808 0.00814012 0.424414 0.160997
9.9982E-05 0.0290689 0.393915 9.9982E-05 0.47368 0.103135
0.0563418 0.148975 0.20957 0.0494702 0.379188 0.156455
0.054684 0.063525 0.16411 0.0225365 0.611961 0.0831834
0.00758255 9.9982E-05 0.332758 9.9982E-05 0.45411 0.205349
0.00399533 9.9991E-05 0.318142 0.0382985 0.47369 0.165774
9.9991E-05 0.1431 0.156791 0.0113081 0.546648 0.142054
0.0497713 9.9991E-05 0.0748483 0.0409801 0.00196433 0.832336
0.0619777 9.9991E-05 0.0378147 0.0106645 0.0410186 0.848424
0.0732987 0.130495 0.0755185 0.0257136 0.0155587 0.679416
0.0298182 9.9982E-05 0.136224 0.0106476 9.9982E-05 0.82311
0.00294143 0.0650618 0.104665 0.0105624 0.0186489 0.798121
9.9982E-05 9.9982E-05 0.116903 0.0266177 0.0158029 0.840477
0.0531221 0.0180948 0.085183 9.9982E-05 9.9982E-05 0.8434
0.0044651 0.0370216 0.0601245 0.0424323 9.9991E-05 0.855857
9.9982E-05 0.0971805 0.108835 9.9982E-05 0.009836 0.783948
9.9973E-05 9.9973E-05 0.100357 0.0138549 9.9973E-05 0.885489
9.9982E-05 0.0568569 0.104406 0.0421445 9.9982E-05 0.796392
0.0526809 0.00203981 0.0216788 0.0217564 0.0373641 0.86448
0.0170685 9.9973E-05 0.0295347 9.9973E-05 9.9973E-05 0.953097
9.9982E-05 9.9982E-05 0.0403689 0.0351829 0.03066 0.893588
0.0567549 9.9991E-05 0.0964665 0.0198648 0.00335302 0.823461
0.0840744 9.9982E-05 9.9982E-05 0.0232603 0.0123111 0.880154
0.00314831 9.9991E-05 0.0580577 0.0124479 0.00515936 0.921087
0.0483315 0.0726986 0.00258595 0.0493847 0.00328076 0.823719
0.0216975 0.0261125 0.0519141 9.9982E-05 9.9982E-05 0.900076
9.9991E-05 0.193433 0.0224111 0.0198703 0.0198601 0.744325
0.0426116 9.9982E-05 0.105293 0.032689 9.9982E-05 0.819207
0.0090067 0.0692664 0.017634 9.9991E-05 0.0500206 0.853972
9.9973E-05 0.0496726 0.107026 9.9973E-05 9.9973E-05 0.843001
9.9973E-05 0.0132084 0.0533045 9.9973E-05 9.9973E-05 0.933187
0.0577461 0.0428001 0.110791 0.00522374 0.0319198 0.751519
0.0131556 0.0429826 0.111741 0.0122995 9.9991E-05 0.819721
0.152681 0.0389973 0.0128405 0.00926654 0.00168722 0.784528
9.9982E-05 0.0195788 0.186401 0.0239316 9.9982E-05 0.769888
0.0630124 0.106832 9.9991E-05 0.0966565 0.0196935 0.713705
0.0445896 9.9982E-05 0.0381448 0.0403663 9.9982E-05 0.876699
0.0290319 0.123295 0.0593886 9.9982E-05 9.9982E-05 0.788085
0.0476881 9.9973E-05 0.0917929 9.9973E-05 9.9973E-05 0.860219
0.0220039 0.00653598 0.0459378 0.0277471 9.9991E-05 0.897675
9.9982E-05 0.016479 0.0693588 0.0400728 9.9982E-05 0.87389
0.0792919 0.0662163 0.120317 0.0183532 0.0090984 0.706723
0.0321829 0.00429284 0.0347416 0.0429241 0.0495609 0.836298
0.0436168 0.0448564 0.0556632 9.9982E-05 9.9982E-05 0.855664
0.00887737 0.0477217 9.9982E-05 0.0178517 9.9982E-05 0.925349
9.9982E-05 0.0280489 0.100199 0.0190796 9.9982E-05 0.852473
9.9982E-05 0.0349316 0.0685096 0.0703736 9.9982E-05 0.825985
9.9982E-05 0.0153897 0.0502094 0.0182163 9.9982E-05 0.915985
9.9973E-05 0.00933617 0.0903587 9.9973E-05 9.9973E-05 0.900005
9.9973E-05 9.9973E-05 0.046544 0.0527899 9.9973E-05 0.900366
0.115362 0.00036544 0.0702904 0.00697422 0.00851236 0.798495
0.0825137 9.9982E-05 0.031899 0.00868502 9.9982E-05 0.876702
0.0380273 0.0517429 0.0220434 9.9982E-05 9.9982E-05 0.887986
0.0478989 9.9991E-05 0.00883035 0.0379543 0.00924993 0.895967
0.0481234 9.9991E-05 0.00453075 0.0164882 0.0188388 0.911919
0.0240893 9.9982E-05 9.9982E-05 0.0391856 0.00903741 0.927488
0.0374274 9.9991E-05 0.0617532 0.047178 0.00459186 0.84895
9.9982E-05 9.9982E-05 0.939437 0.0289212 0.0254724 0.00596913
0.0393559 0.101136 0.773583 0.028773 0.0415 0.015653
9.9991E-05 0.0240638 0.877606 0.0326906 0.0422223 0.0233172
0.0304251 0.228555 0.586747 0.0820437 0.0704899 0.00173942
9.9991E-05 0.137464 0.729976 0.0502359 0.0620573 0.0201669
0.11514 0.134403 0.746727 0.00353034 9.9982E-05 9.9982E-05
0.101124 0.0633663 0.800556 9.9982E-05 9.9982E-05 0.0347545
0.0746806 0.0777897 0.822314 0.00562688 9.9991E-05 0.0194892
0.00718654 0.0660764 0.821177 0.0421171 9.9991E-05 0.0633429
0.0834247 0.0424825 0.772762 0.101131 9.9982E-05 9.9982E-05
0.144696 0.078207 0.579004 0.0232857 0.10339 0.0714179
0.0931067 0.0388914 0.650457 0.034615 0.0616239 0.121306
0.0634312 0.0165334 0.824256 0.0724989 9.9991E-05 0.0231805
0.0282238 9.9991E-05 0.708968 0.0876916 0.148913 0.0261035
9.9991E-05 0.0437354 0.854126 0.0344453 0.0160957 0.0514974
9.9991E-05 0.0254858 0.800603 0.030937 0.0497911 0.0930836
0.0679129 0.00873806 0.571054 0.122549 0.0931083 0.136638
0.0445957 0.0488873 0.823878 0.0353704 0.047169 9.9991E-05
0.0955153 0.0179783 0.845167 0.000230975 0.0306839 0.0104245
0.0542668 0.00339915 0.753326 0.0315433 0.0924627 0.0650019
0.0383553 0.0232551 0.75998 0.0676706 0.110639 9.9991E-05
0.112258 0.0516307 0.823512 9.9982E-05 0.0123998 9.9982E-05
0.0360863 0.0319017 0.788491 0.0207387 0.0458918 0.0768908
9.9991E-05 0.0228903 0.860591 0.0407598 0.0418863 0.0337731
0.064537 0.0714617 0.799434 0.0354134 9.9991E-05 0.0290537
9.9982E-05 0.146736 0.744143 0.0577399 0.0511813 9.9982E-05
0.072785 0.0162372 0.829607 0.0013419 9.9991E-05 0.0799291
9.9982E-05 0.0858827 0.814828 9.9982E-05 0.012722 0.0863676
0.0405225 0.12432 0.723222 0.00583813 0.105997 9.9991E-05
0.0291336 0.109363 0.742007 0.0482757 0.0422722 0.0289485
0.00651242 0.0766348 0.777716 0.049184 0.0484612 0.0414915
0.0246063 9.9973E-05 0.947358 0.0277356 9.9973E-05 9.9973E-05
0.0116332 9.9991E-05 0.823742 0.0424118 0.0502513 0.071862
0.00424856 9.9991E-05 0.857401 0.0604971 0.0068266 0.0709262
0.00241202 0.176425 0.661633 0.0345009 0.0532591 0.0717702
9.9973E-05 0.090949 0.850248 0.058503 9.9973E-05 9.9973E-05
0.12318 9.9982E-05 0.821994 0.0314164 0.0232095 9.9982E-05
9.9973E-05 9.9973E-05 0.920573 0.0413563 0.0377712 9.9973E-05
9.9991E-05 0.0195298 0.794947 0.0913758 0.0740035 0.0200436
9.9991E-05 0.0333504 0.789617 0.129083 0.0441028 0.00374692
9.9991E-05 0.0062744 0.785373 0.116529 0.00759148 0.084132
0.052984 0.108788 0.727961 0.0560231 0.0148088 0.0394342
0.00186249 0.0679914 0.81963 0.0377087 0.0727079 9.9991E-05
0.0987284 0.0376781 0.830984 0.0112912 9.9991E-05 0.0212184
9.9991E-05 0.162342 0.682261 0.0620789 0.0539524 0.039265
0.0108215 9.9991E-05 0.805398 0.0540794 0.122891 0.00671049
0.100524 0.0593757 9.9982E-05 9.9982E-05 0.10881 0.73109
0.0852869 0.0738145 0.0810433 0.0433643 0.115911 0.60058
0.029163 0.0174352 9.9991E-05 0.0352265 0.0980275 0.820048
0.0652912 9.9982E-05 9.9982E-05 0.00790142 0.114702 0.811905
0.044451 0.0503852 0.000537109 9.9991E-05 0.1432 0.761327
0.0476723 0.0407431 9.9991E-05 0.00314434 0.119776 0.788565
9.9991E-05 0.0130491 0.0821073 0.0278561 0.117818 0.759069
9.9991E-05 0.0527598 0.020559 0.0466496 0.100596 0.779336
9.9991E-05 0.0461772 0.00431312 0.0115921 0.133103 0.804715
0.0264508 0.0549825 0.0570988 0.0370516 0.146881 0.677535
0.0682004 0.0774689 0.00428238 9.9991E-05 0.153961 0.695987
0.000249112 0.0567769 9.9982E-05 9.9982E-05 0.165307 0.777467
9.9991E-05 0.0563372 0.00575457 0.0219479 0.0999991 0.815861
0.0539918 9.9991E-05 0.000675809 0.0217204 0.107663 0.815849
0.00639053 0.155669 0.000135388 0.0251944 0.143935 0.668676
0.0833842 0.0578206 0.128772 0.0143887 0.107633 0.608002
0.0819159 0.104287 0.0946312 0.0652672 0.144274 0.509625
0.0548539 0.0568471 0.00623816 0.0147295 0.101608 0.765723
9.9973E-05 0.0962215 9.9973E-05 9.9973E-05 0.182613 0.720866
9.9982E-05 0.0918659 9.9982E-05 0.00757696 0.128073 0.772284
9.9982E-05 0.0694271 9.9982E-05 0.0207097 0.131934 0.777729
0.0688095 0.0437988 0.00621442 0.00673179 0.164425 0.71002
9.9982E-05 0.100156 9.9982E-05 0.00439062 0.128644 0.76661
0.0059723 0.038479 9.9982E-05 9.9982E-05 0.146966 0.808383
0.00474503 0.059639 9.9982E-05 9.9982E-05 0.140216 0.7952
9.9982E-05 0.0483935 9.9982E-05 0.0105568 0.17243 0.768419
0.00543518 0.107152 9.9982E-05 9.9982E-05 0.142378 0.744835
0.0693531 0.143582 9.9991E-05 0.0086069 0.102324 0.676034
0.0221121 0.0544995 0.00283141 0.0145545 0.0823606 0.823642
9.9982E-05 0.0523102 9.9982E-05 0.0190267 0.173855 0.754608
9.9964E-05 9.9964E-05 9.9964E-05 9.9964E-05 0.21885 0.78075
9.9973E-05 0.0344903 9.9973E-05 9.9973E-05 0.159541 0.805669
9.9982E-05 0.0653546 9.9982E-05 0.00238957 0.0964293 0.835627
0.0848949 0.0400606 9.9982E-05 9.9982E-05 0.151434 0.72341
0.0265272 9.9982E-05 9.9982E-05 0.021591 0.159241 0.792441
0.0556184 0.0931754 9.9982E-05 9.9982E-05 0.157984 0.693022
9.9982E-05 0.0297713 9.9982E-05 0.0136186 0.131928 0.824482
9.9973E-05 0.0326591 9.9973E-05 9.9973E-05 0.119787 0.847254
0.0047973 0.0370491 0.00770506 9.9991E-05 0.107676 0.842673
9.9982E-05 0.00851829 0.0059254 9.9982E-05 0.13097 0.854387
9.9973E-05 0.00878523 9.9973E-05 9.9973E-05 0.152555 0.838359
9.9973E-05 0.00189478 9.9973E-05 9.9973E-05 0.124647 0.873158
9.9973E-05 0.0285892 9.9973E-05 9.9973E-05 0.170767 0.800343
0.0257037 0.00944552 9.9982E-05 9.9982E-05 0.0670399 0.897611
9.9973E-05 0.0762032 9.9973E-05 9.9973E-05 0.147207 0.77629
0.0557073 0.0408858 0.0342791 0.806086 0.0507624 0.0122795
0.0535445 0.0212376 9.9982E-05 0.861771 0.0632475 9.9982E-05
0.0898389 0.0302507 0.0606882 0.767645 9.9991E-05 0.0514776
0.0360039 0.0370717 0.0440839 0.792891 0.08985 9.9991E-05
0.0005462 0.00676179 0.0581139 0.908666 0.00834615 0.0175664
9.9964E-05 0.0842977 9.9964E-05 0.915302 9.9964E-05 9.9964E-05
0.0854909 0.00940233 0.0613477 0.84017 0.0034886 9.9991E-05
0.229533 0.0937802 0.0709637 0.525993 0.04501 0.0347205
0.0252677 0.10535 9.9982E-05 0.810303 9.9982E-05 0.05888
0.127612 9.9973E-05 9.9973E-05 0.866786 9.9973E-05 0.00530189
0.165648 0.0317002 0.0223124 0.668761 0.0911864 0.0203928
0.233331 0.0662718 0.0302747 0.581842 0.0369945 0.0512859
0.0247085 0.0728579 9.9991E-05 0.886948 0.00714527 0.00824077
0.132178 9.9991E-05 0.0288312 0.834464 0.00145901 0.00296778
9.9973E-05 0.100896 0.0842436 0.81456 9.9973E-05 9.9973E-05
0.0325256 9.9982E-05 0.0109741 0.933759 0.0225413 9.9982E-05
0.20648 0.0767984 9.9991E-05 0.705688 0.00246074 0.00847308
0.106264 9.9982E-05 9.9982E-05 0.856527 0.0126092 0.0244004
0.136932 9.9982E-05 0.0746161 0.747059 9.9982E-05 0.0411922
0.0457617 0.0024218 9.9973E-05 0.951517 9.9973E-05 9.9973E-05
0.0431057 0.0371636 9.9982E-05 0.912897 9.9982E-05 0.0066339
0.201108 9.9973E-05 0.060989 0.737603 9.9973E-05 9.9973E-05
0.159534 0.0911086 0.033701 0.698926 0.0166296 9.9991E-05
0.0644445 9.9973E-05 0.0355409 0.899715 9.9973E-05 9.9973E-05
0.0764751 0.0679827 0.0625898 0.723156 0.0416001 0.0281966
0.0669882 0.130063 0.0124604 0.790289 9.9982E-05 9.9982E-05
0.197159 9.9973E-05 0.0320945 0.770446 9.9973E-05 9.9973E-05
0.174032 0.0767883 0.00948359 0.67013 0.0111157 0.0584501
0.101504 9.9982E-05 9.9982E-05 0.869142 0.00720691 0.0219474
0.176316 0.0237421 9.9982E-05 0.789999 9.9982E-05 0.00974271
0.0965392 9.9982E-05 0.0294375 0.827506 9.9982E-05 0.046317
0.00570973 9.9982E-05 0.0455323 0.881861 9.9982E-05 0.0666974
9.9973E-05 9.9973E-05 0.0444399 0.94111 9.9973E-05 0.0141499
0.118953 9.9982E-05 0.0110548 0.85413 9.9982E-05 0.0156629
9.9982E-05 0.0353874 9.9982E-05 0.929539 0.034364 0.00050974
0.288316 9.9973E-05 0.00892958 0.702454 9.9973E-05 9.9973E-05
0.145462 0.00838418 0.0585186 0.787435 9.9982E-05 9.9982E-05
9.9982E-05 0.0440642 9.9982E-05 0.93114 0.014092 0.0105042
0.0517583 9.9973E-05 9.9973E-05 0.903961 9.9973E-05 0.0439809
0.0350218 0.0722857 9.9991E-05 0.832049 0.0132424 0.0473017
0.167768 0.0132292 9.9991E-05 0.785551 0.0229498 0.0104023
0.232724 0.0387604 0.0714082 0.560788 0.0599933 0.0363267
0.0491808 0.116038 0.0965574 0.695491 0.0426325 9.9991E-05
0.0747826 9.9973E-05 0.0447099 0.880208 9.9973E-05 9.9973E-05
0.172698 9.9964E-05 9.9964E-05 0.826902 9.9964E-05 9.9964E-05
0.0660403 0.042724 0.0383581 0.842867 0.00991022 9.9991E-05
9.996E-05 9.996E-05 9.996E-05 0.9995 9.996E-05 9.996E-05
0.0615932 9.9991E-05 0.0228858 0.809404 0.0272822 0.0787348
0.796559 0.113315 0.0277399 0.00557061 0.00342083 0.0533954
0.816944 0.0486466 9.9991E-05 0.0541689 0.0154351 0.0647052
0.669957 0.165981 0.0337281 0.107571 9.9991E-05 0.0226634
0.725046 0.182005 9.9982E-05 0.0421312 0.050618 9.9982E-05
0.777975 0.215427 0.00386629 9.9982E-05 0.0025316 9.9982E-05
0.583025 0.179985 0.0527497 0.103496 0.0345532 0.0461905
0.726127 0.0700884 0.0766725 0.0575841 9.9991E-05 0.0694276
0.772924 9.9991E-05 0.0223583 0.0780518 0.0433083 0.083258
0.682147 0.108254 0.0362682 0.0769629 9.9991E-05 0.0962684
0.733558 0.0970993 0.0759318 9.9991E-05 0.033939 0.0593722
0.766385 9.9991E-05 0.0342232 0.0739825 0.0863419 0.0389678
0.878326 0.0354702 0.0499169 0.0168499 0.0193371 9.9991E-05
0.874793 0.0493965 9.9991E-05 0.00866918 0.0278308 0.0392105
0.695782 0.0960615 0.00310136 0.0455549 0.0732409 0.0862594
0.888245 0.0286812 9.9982E-05 9.9982E-05 0.0143457 0.0685285
0.692118 0.200873 0.0391147 9.9982E-05 9.9982E-05 0.067694
0.694212 0.210332 9.9991E-05 0.0326208 0.0540479 0.00868734
0.809121 0.101443 9.9982E-05 0.029423 0.0598135 9.9982E-05
0.603699 0.120351 0.0694106 0.0597998 0.0675818 0.0791582
0.864083 9.9991E-05 0.00144353 0.0301971 0.0610362 0.0431405
0.85804 0.0205159 0.0381759 0.0118911 0.0126554 0.0587218
0.775356 0.0808768 9.9982E-05 0.0729342 9.9982E-05 0.0706333
0.77438 0.0544943 0.0464577 0.0359638 0.0214964 0.0672077
0.615368 0.173317 0.018499 0.119068 0.0308232 0.0429251
0.690152 0.208517 0.0388418 0.0463135 9.9991E-05 0.0160759
0.87102 9.9973E-05 0.0975353 0.0311447 9.9973E-05 9.9973E-05
0.822057 0.0803052 9.9982E-05 0.0910429 0.0063946 9.9982E-05
0.755324 0.0139985 0.120736 0.109742 9.9982E-05 9.9982E-05
0.860649 0.0441513 9.9991E-05 0.0422926 0.0434529 0.00935456
0.812385 0.0372534 0.0384841 0.0897225 9.9991E-05 0.0220549
0.8524 9.9982E-05 9.9982E-05 0.0367562 0.0243321 0.0863119
0.823671 0.0256252 0.113261 0.0175339 0.0198089 9.9991E-05
0.748748 0.135929 9.9991E-05 0.0542799 0.0520754 0.00886786
0.807467 0.147599 0.00443447 0.0139893 9.9991E-05 0.0264103
0.806457 9.9982E-05 0.0543652 0.0841187 0.0548594 9.9982E-05
0.697921 0.0956543 0.127515 0.0787098 9.9982E-05 9.9982E-05
0.527533 0.114403 0.0661199 0.0923593 0.104689 0.0948956
0.838605 9.9982E-05 0.0520103 0.0335434 9.9982E-05 0.0756408
0.75954 0.0905395 0.0138717 0.00462872 0.085052 0.0463685
0.713495 0.165561 0.0331635 0.0875808 9.9982E-05 9.9982E-05
0.747779 0.060232 0.010401 0.103226 0.0138731 0.064489
0.721529 0.0833938 0.0206136 0.0887121 0.0495399 0.0362111
0.841819 9.9973E-05 9.9973E-05 0.0424136 9.9973E-05 0.115467
0.682668 0.148678 9.9991E-05 0.011128 0.052638 0.104787
0.887382 9.9982E-05 9.9982E-05 0.0100836 0.0244954 0.0778393
0.889275 0.0602589 0.00153468 0.00903318 9.9991E-05 0.039798
0.749491 0.108103 0.0492125 0.0358708 9.9991E-05 0.0572224
0.913924 0.00421879 0.0539486 9.9991E-05 0.0145745 0.0132346
0.782029 0.0169869 9.9991E-05 0.113528 0.0336343 0.0537219
0.724225 9.9982E-05 9.9982E-05 0.0736905 0.0650973 0.136788
0.054689 0.593348 0.0979262 0.0558762 0.0923735 0.105787
0.0778099 0.604326 0.131387 0.107643 9.9991E-05 0.0787346
0.0876575 0.567014 0.157636 0.063981 0.030205 0.0935063
0.245848 0.668036 0.031028 0.031866 0.0231216 9.9991E-05
0.155615 0.582688 0.0742961 0.0375407 0.0649681 0.0848919
0.113208 0.676931 0.128705 0.0809559 9.9982E-05 9.9982E-05
0.0751726 0.645536 0.15321 0.0581633 0.0404761 0.0274415
0.109274 0.736797 0.122341 9.9991E-05 0.0123409 0.0191466
0.166599 0.607178 0.128669 0.0473152 0.00519427 0.0450453
0.127395 0.661867 0.0872557 0.0791088 9.9991E-05 0.0442731
0.127577 0.721391 0.0260332 0.0905022 0.0343958 9.9991E-05
0.173898 0.733521 0.0497283 0.0298343 9.9991E-05 0.0129181
0.135968 0.566428 0.133566 0.0876975 9.9991E-05 0.0762418
0.248313 0.577006 0.0129156 0.0502443 0.0454014 0.0661187
0.171617 0.640737 0.113788 9.9991E-05 0.0414888 0.0322698
0.126448 0.572772 0.0749065 0.126105 0.0714908 0.0282779
0.201621 0.670774 0.0751713 0.0235768 0.028207 0.000649959
0.123526 0.60264 0.116901 0.0704538 9.9991E-05 0.0863801
0.141883 0.744974 0.071261 0.0416821 9.9982E-05 9.9982E-05
0.125018 0.635598 0.156164 0.0830205 9.9982E-05 9.9982E-05
0.206891 0.648394 0.0339633 9.9982E-05 9.9982E-05 0.110552
0.135224 0.756647 0.0287007 9.9991E-05 0.0189066 0.0604221
9.9982E-05 0.808571 9.9982E-05 0.0468308 0.00760403 0.136794
0.083647 0.743211 9.9991E-05 0.011643 0.0503689 0.11103
0.0198555 0.72325 0.0281515 0.024311 0.123584 0.0808481
9.9991E-05 0.77756 0.0311882 0.044281 0.0341602 0.112711
9.9991E-05 0.749685 0.0333007 0.0479194 0.0384466 0.130549
0.0364504 0.723007 0.019322 0.0193709 0.118702 0.083147
9.9991E-05 0.77155 0.048505 0.0537152 0.0821321 0.0439975
9.9982E-05 0.842263 9.9982E-05 0.048522 0.00297763 0.106037
9.9991E-05 0.817781 0.00647967 0.0583535 0.0456099 0.071676
9.9982E-05 0.759558 0.0524401 9.9982E-05 0.0571789 0.130622
9.9991E-05 0.720031 0.0196121 0.0345646 0.0509653 0.174727
9.9973E-05 0.87697 9.9973E-05 9.9973E-05 0.0229374 0.0997928
9.9973E-05 0.877885 9.9973E-05 0.043564 0.0782514 9.9973E-05
0.0315545 0.796772 9.9991E-05 0.0463912 0.0361352 0.0890474
0.0648414 0.761626 0.0431087 0.00898986 0.0488519 0.0725822
9.9991E-05 0.711396 0.0411962 0.0486373 0.0812122 0.117459
0.0217229 0.818463 0.010716 0.0292198 0.00794329 0.111935
0.00461391 0.787493 9.9991E-05 0.0416329 0.0843426 0.0818174
9.9991E-05 0.816835 0.0311826 0.0618677 0.0204135 0.0696013
9.9982E-05 0.840227 9.9982E-05 0.0132004 0.0290278 0.117345
0.0867089 0.802297 0.0242228 0.0223762 9.9991E-05 0.0642953
0.267715 0.475335 0.105325 9.9991E-05 0.0585165 0.0930093
0.174524 0.712292 0.0633176 9.9991E-05 0.00814068 0.0416259
0.232094 0.562767 0.095631 0.0416088 9.9991E-05 0.0677997
0.136296 0.789463 0.0654346 9.9982E-05 0.00860606 9.9982E-05
0.0898881 0.673052 0.0665625 0.0959542 0.00653609 0.0680069
0.107353 0.732171 0.0741569 0.0340541 0.0115677 0.040697
0.122121 0.684876 0.0963913 0.0290954 0.0278173 0.0396995
0.0790624 0.732634 0.0442141 0.105058 9.9991E-05 0.0389315
0.204512 0.63487 0.0897846 0.0614399 9.9991E-05 0.00929273
0.0780226 0.541492 0.156783 0.0690832 0.0175353 0.137084
0.177965 0.649561 0.0653177 0.0545595 0.0195488 0.0330486
0.0838392 0.495673 0.21047 0.0467021 0.00708671 0.15623
0.167714 0.699383 0.0847102 0.0457313 0.00236238 9.9991E-05
0.214057 0.597295 0.0638274 0.0541389 9.9991E-05 0.0705817
0.0942641 0.711153 0.0581185 0.0513993 0.0172515 0.0678132
0.141532 0.56048 0.0666553 0.0619494 0.00108888 0.168294
0.152242 0.624398 0.0776902 0.0471108 0.0201354 0.0784233
0.19237 0.603804 0.145151 0.0346783 0.0207206 0.0032761
0.20342 0.626269 0.0711957 9.9991E-05 0.0218 0.077216
0.201245 0.61694 0.0123199 0.051171 0.0325137 0.0858101
0.198865 0.499029 0.133091 9.9991E-05 0.0262682 0.142647
0.137643 0.731673 0.0455258 0.0403741 0.0446846 9.9991E-05
0.169734 0.619101 0.063287 0.0775669 9.9991E-05 0.0702109
0.0935162 0.649348 0.031557 0.0713432 9.9991E-05 0.154135
0.00923859 0.751641 0.102632 9.9991E-05 0.0320203 0.104368
0.0566037 0.728737 9.9991E-05 0.0725321 0.0499999 0.092027
0.175555 0.587451 0.0859284 9.9982E-05 9.9982E-05 0.150865
0.0733784 0.687448 9.9991E-05 0.0759815 0.0856841 0.0774082
0.11167 0.74432 0.00632679 0.0454257 0.0103718 0.0818858
0.157559 0.662682 9.9991E-05 0.060018 0.00624503 0.113396
0.0828262 0.7105 0.00660966 0.029209 0.067794 0.103061
0.140204 0.637361 9.9991E-05 0.0669567 0.0737047 0.0816739
0.15309 0.68038 9.9991E-05 0.0511341 0.0700939 0.045202
0.180915 0.729698 0.0703485 9.9982E-05 9.9982E-05 0.0188387
0.184447 0.684412 0.0236128 0.0132451 0.0230402 0.0712426
0.105465 0.721765 9.9991E-05 0.0575232 0.0676693 0.0474767
0.0420948 0.770119 0.0279565 0.0417845 9.9991E-05 0.117945
9.9982E-05 0.79058 9.9982E-05 0.0297933 0.0347384 0.144688
0.198317 0.657293 0.0532483 0.00997793 0.00760874 0.0735552
0.00548966 0.762909 0.0909972 0.0195907 0.0141323 0.106881
0.0171075 0.724827 0.0245976 0.0487534 0.0926075 0.0921075
