9.9991E-05 0.223535 0.00182435 0.253571 0.192717 0.116157 0.212096
0.0143344 0.384717 0.0305346 9.9982E-05 0.38273 9.9982E-05 0.187484
0.122527 0.126782 0.106882 0.293493 0.309598 0.040618 9.9991E-05
9.9973E-05 0.55977 9.9973E-05 9.9973E-05 0.247338 0.0546998 0.137892
0.0131292 0.156232 0.156616 0.343466 0.0121501 0.0522563 0.266151
0.150897 0.206997 0.223967 0.171547 0.190862 0.0117711 0.0439588
0.0505612 0.276891 9.9991E-05 0.307412 0.18439 0.155059 0.0255868
0.248135 0.0706667 0.0538114 0.289823 0.0778353 0.113645 0.146084
0.131159 0.148811 0.0207459 0.106855 0.372727 0.194189 0.0255143
0.0458457 0.339483 0.0547129 0.328693 0.231065 9.9982E-05 9.9982E-05
0.158748 0.0758998 0.0300039 0.397538 0.22087 9.9991E-05 0.116841
0.0174864 0.298501 9.9982E-05 0.190404 0.488652 9.9982E-05 0.00475723
9.9982E-05 0.354672 0.0920482 9.9982E-05 0.135108 0.30779 0.110181
9.9982E-05 0.197667 9.9982E-05 0.155281 0.494572 0.119605 0.0326755
0.238887 0.165573 0.134725 0.0276736 0.194887 0.163077 0.0751776
0.118297 0.273725 9.9982E-05 9.9982E-05 0.459132 0.0847001 0.0639453
0.108342 0.491593 0.0531551 9.9973E-05 0.34661 9.9973E-05 9.9973E-05
0.0969889 0.388193 0.0341143 0.0760654 0.195347 9.9991E-05 0.209191
0.212372 0.33606 0.0767323 0.00951628 0.36512 9.9982E-05 9.9982E-05
0.133914 0.0737336 0.0125512 0.0787946 0.45314 0.13726 0.110607
0.124666 0.266846 0.112831 9.9991E-05 0.221105 0.144542 0.129911
0.00900776 0.119883 0.109518 0.225068 0.228007 0.192154 0.116363
0.00905459 0.106312 9.9991E-05 0.0245754 0.371508 0.383333 0.105118
9.9973E-05 0.391776 9.9973E-05 0.239701 0.360063 0.00816111 9.9973E-05
0.107367 0.461833 9.9973E-05 9.9973E-05 0.343107 9.9973E-05 0.0873937
9.9982E-05 0.516769 0.0379636 0.0090952 0.330848 9.9982E-05 0.105124
9.999E-05 0.230369 0.0756224 0.166752 0.398911 0.0274646 0.100781
9.999E-05 0.0968625 0.0342768 0.0244188 0.475188 0.268332 0.100821
0.164859 0.230987 0.135578 9.9991E-05 0.2911 0.150785 0.0265916
0.01004 0.515521 0.0634201 9.9991E-05 0.126883 0.144374 0.139662
9.9982E-05 0.360503 0.0266069 9.9982E-05 0.280579 0.239366 0.0927438
0.159958 0.05928 9.9991E-05 0.172125 0.200642 0.299011 0.108885
0.310163 0.0726877 0.0573044 0.073937 0.46538 9.9991E-05 0.0204273
0.0792944 0.118058 9.9991E-05 0.546779 0.197646 0.017687 0.0404355
0.262723 0.281393 9.9973E-05 9.9973E-05 0.321176 9.9973E-05 0.134408
0.149767 0.340166 0.0133502 9.9991E-05 0.258024 0.168947 0.069646
0.227643 0.0763228 0.131158 0.362829 0.201847 9.9982E-05 9.9982E-05
0.340462 0.207738 9.9973E-05 9.9973E-05 0.377248 9.9973E-05 0.0742516
9.9982E-05 0.284385 0.123876 9.9982E-05 0.247746 0.116977 0.226815
0.0546184 0.375555 0.123852 0.0915533 0.252617 0.0705381 0.0312662
0.0436886 0.238699 0.263683 0.29696 0.156768 9.9982E-05 9.9982E-05
0.0972419 0.323758 9.9982E-05 9.9982E-05 0.134217 0.373046 0.0715369
0.0585523 0.343028 0.0572546 9.9991E-05 0.330807 0.0550829 0.155175
0.0460967 0.308728 9.9982E-05 0.121487 0.422118 9.9982E-05 0.10137
0.366979 0.108677 0.0181797 9.9991E-05 0.212534 0.140406 0.153124
9.9982E-05 0.107565 9.9982E-05 0.029113 0.119825 0.684529 0.0587675
0.378175 0.0725219 0.128698 0.219715 9.9982E-05 0.20069 9.9982E-05
0.0328899 0.238405 9.9982E-05 0.457943 9.9982E-05 0.171329 0.0992326
0.0715327 0.050068 0.0408216 0.253191 9.9982E-05 0.584187 9.9982E-05
0.0857928 0.250695 0.0444035 0.261673 0.108246 0.229103 0.0200861
0.0170269 0.333231 9.9982E-05 9.9982E-05 0.254461 0.393701 0.00138019
9.9982E-05 0.433343 0.0433895 0.285829 0.0253634 0.211875 9.9982E-05
0.111629 0.0581047 0.0270148 0.131869 9.9991E-05 0.670905 0.000377213
0.0712726 0.278548 0.0352742 0.25652 9.9982E-05 0.358185 9.9982E-05
0.120328 0.149682 0.141981 0.21644 0.00834459 0.34058 0.0226435
0.320751 0.515081 9.9982E-05 0.00052182 9.9982E-05 0.00164245 0.161804
0.593935 0.0700542 0.187493 0.0765596 0.0292824 0.0425756 9.9991E-05
0.0304898 0.499042 9.9973E-05 0.38468 0.0854887 9.9973E-05 9.9973E-05
0.244258 0.0557451 9.9982E-05 0.137363 0.23472 0.327714 9.9982E-05
9.99641E-05 0.615704 0.078301 9.99641E-05 9.99641E-05 0.305595 9.99641E-05
0.329277 0.280555 9.9973E-05 9.9973E-05 9.9973E-05 0.342326 0.0475423
0.216069 0.354235 0.0656304 9.9982E-05 0.0959519 0.267914 9.9982E-05
0.267092 0.10216 9.9982E-05 9.9982E-05 0.116782 0.496511 0.0172548
0.301511 0.314538 0.149101 0.135912 9.9991E-05 0.0971302 0.00170735
0.329584 0.108458 9.9991E-05 0.085979 0.067451 0.383996 0.0244314
0.283684 9.9982E-05 0.0870623 0.0939694 9.9982E-05 0.491367 0.0437166
0.428553 0.29578 0.210889 0.0436265 9.9982E-05 0.0209518 9.9982E-05
9.9973E-05 0.354777 9.9973E-05 0.161334 0.0900353 0.393554 9.9973E-05
0.522829 0.159244 9.9982E-05 0.132857 0.046643 9.9982E-05 0.138228
0.41564 0.334788 9.9982E-05 0.0671303 9.9982E-05 0.0836146 0.0986276
0.359488 0.170694 0.0293382 0.100652 0.339628 9.9982E-05 9.9982E-05
0.24661 9.9991E-05 0.155647 0.221382 0.0561039 0.190773 0.129383
0.285872 0.0957481 0.0217195 0.136367 9.9982E-05 0.460094 9.9982E-05
0.284669 0.63015 0.00180271 9.9982E-05 0.0181079 0.0650709 9.9982E-05
9.9991E-05 0.385988 0.0502359 0.141788 0.123156 0.174332 0.1244
0.180539 0.450229 0.110911 9.9982E-05 0.118886 0.139234 9.9982E-05
0.0143899 9.9964E-05 9.9964E-05 9.9964E-05 0.0485456 0.936665 9.9964E-05
0.170957 0.219359 0.123697 0.282718 0.0895635 0.101988 0.0117175
0.310132 0.0896359 0.168575 0.211932 9.99821E-05 0.219525 9.99821E-05
0.528941 0.304342 0.000326415 9.9973E-05 0.166091 9.9973E-05 9.9973E-05
0.0975137 0.149798 9.9991E-05 0.314773 0.197763 0.115021 0.125031
9.9982E-05 0.597419 0.105639 0.0689323 9.9982E-05 0.197746 0.0300631
0.0557389 0.0787665 9.9973E-05 9.9973E-05 0.0729623 0.792232 9.9973E-05
0.551014 0.156057 0.0469962 9.9991E-05 0.0660718 0.118622 0.0611396
0.434328 0.246599 9.9982E-05 0.225325 0.0581498 9.9982E-05 0.0353975
9.9964E-05 9.9964E-05 0.723709 9.9964E-05 0.110698 0.165193 9.9964E-05
9.9982E-05 0.0992233 0.674868 0.00578645 0.177025 0.0428974 9.9982E-05
9.9982E-05 0.0849001 0.546096 0.103827 0.244675 9.9982E-05 0.0203012
0.315894 9.9964E-05 0.333725 9.9964E-05 0.349981 9.9964E-05 9.9964E-05
9.9991E-05 0.04432 0.696627 0.0198864 0.156988 0.0806501 0.00142862
9.9973E-05 9.9973E-05 0.583861 0.151847 0.251721 9.9973E-05 0.0122706
9.9991E-05 0.0399481 0.631524 0.240214 0.0254505 0.0318021 0.0309607
9.9964E-05 0.10117 0.833874 9.9964E-05 9.9964E-05 9.9964E-05 0.0645559
0.0667206 9.9982E-05 0.61475 0.0918983 0.198158 9.9982E-05 0.0282725
0.0048864 0.184772 0.570627 9.9982E-05 0.149498 9.9982E-05 0.0900156
0.0572322 9.99731E-05 0.789629 0.0897128 0.0631264 9.99731E-05 9.99731E-05
0.108441 9.99821E-05 0.574418 0.160048 0.126247 9.99821E-05 0.0306457
9.9982E-05 9.9982E-05 0.250326 0.310722 0.215792 0.0268076 0.196152
0.099581 9.9973E-05 0.433034 9.9973E-05 0.394629 9.9973E-05 0.072456
0.0255131 0.0311658 0.834644 0.108377 9.9973E-05 9.9973E-05 9.9973E-05
0.000797861 9.99641E-05 0.890166 0.108636 9.99641E-05 9.99641E-05 9.99641E-05
0.0789211 0.0938259 0.772695 9.9982E-05 0.0280223 9.9982E-05 0.0263356
9.9982E-05 0.106644 0.383403 9.9982E-05 0.309019 0.0637301 0.137005
0.0358281 0.174691 0.586356 0.0333443 0.154272 9.9991E-05 0.0154091
9.9973E-05 9.9973E-05 0.844668 9.9973E-05 0.0382359 0.0787407 0.0380553
0.073848 9.9982E-05 0.741598 9.9982E-05 0.059514 0.110042 0.0147981
0.0764607 0.160421 0.572464 9.9991E-05 0.0912377 0.057623 0.0416932
9.9973E-05 9.9973E-05 0.711392 0.222218 9.9973E-05 0.0543037 0.0117868
9.99731E-05 0.104314 0.662812 9.99731E-05 0.169624 9.99731E-05 0.06295
9.9973E-05 9.9973E-05 0.768688 0.106923 0.0394475 9.9973E-05 0.0846413
9.99731E-05 9.99731E-05 0.51987 9.99731E-05 0.268307 0.169815 0.0417086
9.9982E-05 0.155169 0.667354 0.165785 0.00363993 9.9982E-05 0.00785155
9.9982E-05 0.00575429 0.777867 9.9982E-05 0.0559274 0.118943 0.0413076
0.0680989 0.101313 0.6671 9.9982E-05 0.1581 9.9982E-05 0.00518757
9.99552E-05 9.99552E-05 0.788233 9.99552E-05 0.211267 9.99552E-05 9.99552E-05
0.0770746 9.9991E-05 0.559558 0.00630419 0.0719193 0.170638 0.114405
9.99731E-05 9.99731E-05 0.697669 0.112217 0.0752497 0.114564 9.99731E-05
9.9982E-05 0.158639 0.386709 0.285033 0.142094 9.9982E-05 0.0273253
9.99731E-05 0.146874 0.753269 9.99731E-05 9.99731E-05 0.051376 0.0481811
0.0615837 0.0337062 0.654778 0.10407 9.9991E-05 0.102313 0.043449
9.9982E-05 0.0367299 0.576515 0.177171 9.9982E-05 0.137916 0.0714679
0.0747167 9.99641E-05 0.631151 9.99641E-05 0.293732 9.99641E-05 9.99641E-05
0.0847502 9.9973E-05 0.734325 0.00235211 9.9973E-05 0.178273 9.9973E-05
0.125276 0.205337 0.479903 9.9991E-05 0.0855012 0.0538013 0.0500818
0.000234244 0.0183425 0.682363 9.99731E-05 0.29876 9.99731E-05 9.99731E-05
0.256181 0.0182572 0.463368 9.9991E-05 0.0108952 0.168196 0.0830026
0.29285 0.24709 0.0455443 0.115645 9.9991E-05 0.264933 0.0338367
0.258932 0.430241 0.0484143 0.15713 0.0411083 9.9991E-05 0.0640737
0.359355 0.110988 0.148154 9.9991E-05 0.0350535 0.301648 0.0447019
0.0929824 0.566977 0.208241 0.096105 9.9982E-05 9.9982E-05 0.0354945
0.295104 9.9991E-05 0.100425 0.0527844 0.206308 0.299353 0.0459255
0.233819 0.420764 0.0964359 0.15024 9.9991E-05 0.0386539 0.0599877
0.0765528 0.277364 0.0745371 0.423539 0.0327045 9.9991E-05 0.115202
0.254767 0.187282 9.9991E-05 0.0604625 0.0420623 0.390092 0.065235
0.226984 0.000183896 0.0405756 0.118616 0.208503 0.289879 0.115258
0.327905 0.0698751 9.9973E-05 9.9973E-05 9.9973E-05 0.4635 0.13842
0.346118 0.106398 9.9982E-05 9.9982E-05 0.0369192 0.47141 0.0389549
0.350632 0.329398 0.0226183 9.9991E-05 0.0649616 0.173082 0.0592084
0.0864254 0.316236 0.0654283 0.302029 9.9982E-05 0.229681 9.9982E-05
0.164728 0.327518 0.0887436 0.195024 9.9991E-05 0.17814 0.0457465
0.461645 0.109673 0.0668715 0.187967 9.9991E-05 0.133621 0.0401222
0.474858 0.221567 9.9973E-05 0.231424 9.9973E-05 0.0718522 9.9973E-05
0.318104 0.0707713 9.9991E-05 0.0473865 0.0848468 0.40469 0.074101
0.751646 0.0138834 0.126309 0.0904473 9.9991E-05 0.0113981 0.00621591
0.257113 0.142691 9.9982E-05 0.324429 9.9982E-05 0.224302 0.0512658
9.9982E-05 0.153174 0.0207882 0.325545 0.314808 0.185484 9.9982E-05
9.9982E-05 0.231609 0.119748 0.137813 0.215758 0.294872 9.9982E-05
0.251287 9.9982E-05 0.0825621 0.0685129 0.441537 9.9982E-05 0.155902
0.0757496 0.199378 0.0677221 9.99821E-05 0.572794 9.99821E-05 0.0841572
0.177252 9.9991E-05 0.313332 0.139901 0.224627 0.0979683 0.0468202
0.0531477 9.9982E-05 0.124174 0.268941 0.46714 9.9982E-05 0.0863979
0.0244565 9.9991E-05 0.217035 0.134654 0.381748 0.198329 0.0436776
0.105127 9.9991E-05 0.265983 0.163391 0.201072 0.130792 0.133535
0.0515008 0.123621 0.324731 0.048557 0.110166 0.158562 0.182862
0.00799667 9.9991E-05 0.121328 0.277076 0.452896 0.110765 0.0298383
9.9982E-05 9.9982E-05 0.157179 0.404537 0.291723 0.111939 0.0344228
9.9964E-05 0.255765 9.9964E-05 9.9964E-05 0.397296 0.346539 9.9964E-05
0.0252493 0.0248914 0.221636 0.0607613 0.213996 0.323359 0.130107
0.143369 0.17025 0.192323 0.223614 0.0717215 0.041688 0.157034
9.9973E-05 9.9973E-05 0.0982145 9.9973E-05 0.39599 0.360012 0.145484
0.0806788 0.235813 0.152143 0.255246 9.9991E-05 0.126909 0.149111
0.257006 9.99731E-05 0.00537561 9.99731E-05 0.610086 9.99731E-05 0.127232
9.9991E-05 0.0770138 0.397111 0.101297 0.268389 0.0984986 0.0575902
0.247105 0.0298252 0.120172 0.203017 0.283418 0.0614493 0.0550143
0.0666548 9.9982E-05 0.170667 9.9982E-05 0.419096 0.0638486 0.279534
9.99731E-05 0.104937 0.157625 0.365417 0.371721 9.99731E-05 9.99731E-05
9.9991E-05 0.188132 0.143031 0.127569 0.415831 0.115377 0.00995937
9.9991E-05 0.293836 0.109231 0.206703 0.0831039 0.147053 0.159973
9.9991E-05 0.111531 0.288677 0.0606763 0.161304 0.251416 0.126296
0.171383 0.0640791 0.0365899 9.9991E-05 0.566284 0.083644 0.0779204
9.99731E-05 0.10902 0.152323 9.99731E-05 0.657206 9.99731E-05 0.0811517
9.9973E-05 9.9973E-05 0.484858 0.250414 9.9973E-05 0.0372701 0.227158
9.9991E-05 0.344268 0.287861 0.0597367 0.145178 0.150532 0.0123242
0.127943 9.9982E-05 0.256483 0.449137 9.9982E-05 0.0906628 0.0755743
9.9973E-05 0.205345 0.256931 9.9973E-05 0.466686 9.9973E-05 0.070739
9.9991E-05 0.114124 0.16179 0.291979 0.0796474 0.234911 0.117448
9.9982E-05 0.199499 9.9982E-05 0.0755287 0.477905 0.158893 0.0879736
0.0662121 0.0288833 0.151859 9.9991E-05 0.477811 0.216845 0.0582896
9.99641E-05 9.99641E-05 9.99641E-05 9.99641E-05 0.661395 0.279926 0.0582792
0.0514229 0.0792987 0.100135 0.124778 0.365626 0.278639 9.9991E-05
0.178333 0.155011 0.0894354 0.118288 0.403452 0.0183287 0.0371522
9.9973E-05 9.9973E-05 0.132916 0.516851 0.224048 0.125885 9.9973E-05
0.186615 0.0110103 0.0698182 0.116285 0.602852 9.9991E-05 0.0133195
9.9991E-05 0.128913 0.357783 0.183076 0.229826 0.0093555 0.0909465
0.0750328 9.9982E-05 0.145777 0.412778 0.351861 0.0143511 9.9982E-05
0.149922 0.159884 0.203886 9.9991E-05 0.373893 0.110502 0.00181298
0.194853 9.9991E-05 0.198761 0.277002 0.192285 0.0484613 0.0885373
9.9982E-05 0.105634 0.162122 0.290472 0.345255 0.0963158 9.9982E-05
0.00539716 0.289188 0.360575 9.9982E-05 9.9982E-05 0.117427 0.227214
0.386378 0.0318984 9.9982E-05 0.158868 0.348327 0.0743282 9.9982E-05
0.175389 9.99731E-05 0.0427619 0.372538 0.409012 9.99731E-05 9.99731E-05
9.99731E-05 9.99731E-05 0.121497 0.0805314 0.307919 0.489753 9.99731E-05
9.9982E-05 0.0963841 9.9982E-05 0.246117 0.279144 0.37767 0.000484209
0.103206 9.9982E-05 0.180826 0.280807 0.297231 9.9982E-05 0.13773
9.9982E-05 0.0619751 0.0977022 0.387953 0.287905 0.164265 9.9982E-05
0.179972 0.263515 0.0946406 0.153894 0.26922 0.0386586 9.9991E-05
0.458739 9.99641E-05 0.186845 9.99641E-05 0.354016 9.99641E-05 9.99641E-05
9.9982E-05 0.114469 0.0778305 0.0383998 0.445414 0.323687 9.9982E-05
0.129444 9.9991E-05 0.0913244 0.0373253 0.2702 0.364871 0.106736
0.163937 9.9982E-05 0.243884 0.372814 9.9982E-05 0.201355 0.0178096
9.99821E-05 0.0748251 0.138403 0.131859 0.240158 0.414554 9.99821E-05
0.195312 0.0660144 0.075023 0.0922663 0.350736 0.20488 0.0157685
0.0267362 0.205552 0.11479 0.48394 0.168782 9.9982E-05 9.9982E-05
0.34271 9.9982E-05 0.305979 0.0366568 0.241612 0.0728426 9.9982E-05
0.113073 0.163983 0.126239 0.0703606 0.239822 0.286422 9.9991E-05
0.317883 9.9991E-05 0.097272 0.0445247 0.374928 0.142879 0.0224134
0.37004 9.9982E-05 0.122825 0.0996894 0.182729 0.224516 9.9982E-05
9.9982E-05 9.9982E-05 0.0405474 0.400214 0.331993 0.188702 0.0383439
0.357334 9.99936E-05 0.0635743 0.0813095 0.284814 0.159933 0.0529355
0.0606793 9.9991E-05 0.122832 0.10527 0.383474 0.216702 0.110942
0.0826016 0.160946 0.0278596 0.245185 0.466945 0.0163628 9.9991E-05
0.114694 9.9991E-05 0.0572802 0.0101201 0.483103 0.320417 0.014286
0.217383 9.9991E-05 0.0492184 0.290042 0.249496 0.120342 0.073418
0.250624 0.00886853 0.117961 0.390938 0.231409 9.9982E-05 9.9982E-05
9.9991E-05 0.00507272 0.110253 0.35996 0.290641 0.1571 0.0768732
0.0190072 0.186585 0.0768605 0.488696 0.0971241 0.0323204 0.0994076
0.186393 0.115797 9.9982E-05 0.302476 0.258828 9.9982E-05 0.136306
0.405979 9.99731E-05 9.99731E-05 0.0102225 0.537225 0.0462739 9.99731E-05
0.127469 9.9982E-05 0.164184 0.408913 0.286775 0.0124592 9.9982E-05
0.0609921 0.286892 0.112956 0.239126 0.186758 0.103883 0.00939242
0.115622 0.0878979 0.14755 0.0829747 0.310329 0.0577822 0.197845
0.33168 0.17265 0.0918474 0.0517255 0.143934 0.0456152 0.162547
0.113487 0.101921 0.319347 0.268991 0.111761 0.0843925 9.9991E-05
0.350858 0.162841 0.174894 0.0584347 0.150739 9.9991E-05 0.102133
0.356057 0.0442672 0.0284269 9.9991E-05 0.242758 0.255809 0.0725818
0.222066 9.9982E-05 0.0505769 0.416309 0.203509 9.9982E-05 0.10734
0.0966718 0.0868877 0.0688959 0.0644699 0.321537 0.361437 9.9991E-05
0.174727 9.9982E-05 9.9982E-05 0.261471 0.168503 0.359901 0.0351992
0.0791667 0.159831 9.9982E-05 0.371662 0.183957 0.205183 9.9982E-05
0.0373339 0.133113 9.9991E-05 0.610928 0.0794556 0.0197748 0.119294
0.2693 0.0964185 9.9982E-05 0.376599 9.9982E-05 0.174572 0.0829107
0.171117 0.303113 0.189491 0.163239 9.9991E-05 0.152118 0.0208215
9.9973E-05 0.197205 9.9973E-05 0.508543 0.140739 0.153213 9.9973E-05
0.00301374 0.388525 0.0285297 0.486894 9.9982E-05 0.0928377 9.9982E-05
0.185137 0.235636 9.9991E-05 0.301686 0.087885 0.110483 0.0790734
9.9982E-05 0.385778 9.9982E-05 0.330829 0.0103817 0.202294 0.0705171
0.132412 0.452661 0.0616556 0.263678 0.0422743 0.00112132 0.046198
0.192823 9.99731E-05 9.99731E-05 0.410811 9.99731E-05 0.276849 0.119217
9.9982E-05 0.222012 0.00965354 0.585554 0.0801044 9.9982E-05 0.102476
9.9973E-05 0.381787 9.9973E-05 0.222626 9.9973E-05 0.339225 0.0560625
9.9982E-05 0.503192 9.9982E-05 0.224955 0.0291542 0.186315 0.0561834
9.9982E-05 0.431825 9.9982E-05 0.308569 0.112873 0.0793113 0.0672214
9.9973E-05 0.368171 9.9973E-05 0.386162 9.9973E-05 0.143869 0.101498
0.112203 0.0228691 0.035175 0.566523 0.0545093 0.15465 0.0540702
0.20263 0.219503 9.9964E-05 0.577467 9.9964E-05 9.9964E-05 9.9964E-05
9.9973E-05 0.168811 9.9973E-05 0.687213 9.9973E-05 0.0104516 0.133224
0.173408 0.359195 9.9973E-05 0.376989 9.9973E-05 9.9973E-05 0.0901078
0.197612 0.0946971 9.9982E-05 0.50658 9.9982E-05 0.156758 0.0441541
0.0538069 0.0804705 0.030101 0.231078 0.0981574 0.278681 0.227704
0.334589 9.9973E-05 0.110271 0.545591 9.9973E-05 9.9973E-05 0.00924911
0.205449 0.119834 0.00243235 0.664279 9.9982E-05 9.9982E-05 0.00780632
0.235783 0.212205 9.99641E-05 0.551613 9.99641E-05 9.99641E-05 9.99641E-05
9.9982E-05 0.241582 9.9982E-05 0.292021 0.15986 0.149663 0.156675
0.151673 0.342425 9.9991E-05 0.277924 0.0718313 0.121229 0.0348176
0.033829 0.0863824 0.132968 0.313166 0.0782877 0.355267 9.9991E-05
9.9982E-05 0.218873 0.102731 0.339078 0.0220169 0.317101 9.9982E-05
0.22374 0.43113 9.9964E-05 0.34473 9.9964E-05 9.9964E-05 9.9964E-05
0.136781 0.361579 0.0707021 0.259753 0.00893123 0.115205 0.0470486
0.0171416 0.199586 9.9991E-05 0.335891 0.314231 0.131373 0.00167625
9.9973E-05 0.0321051 9.9973E-05 9.9973E-05 0.018092 0.0668693 0.882634
0.104594 9.9982E-05 0.0948669 0.0908412 0.0707607 9.9982E-05 0.638737
0.0747423 9.9982E-05 0.222219 0.121063 0.0894319 9.9982E-05 0.492344
0.0117438 9.9991E-05 0.0121196 0.104732 0.0809269 0.122832 0.667546
0.0357055 0.0201788 0.00974003 9.9973E-05 9.9973E-05 9.9973E-05 0.934076
0.0642391 9.9991E-05 0.0279597 0.0712054 0.0684136 0.12128 0.646802
9.9973E-05 0.055211 9.9973E-05 9.9973E-05 0.0382991 0.0645548 0.841635
0.0686789 9.9973E-05 9.9973E-05 0.28114 0.0678443 9.9973E-05 0.582037
0.15537 9.9973E-05 9.9973E-05 0.136355 9.9973E-05 0.0140937 0.693882
9.99551E-05 9.99551E-05 9.99551E-05 0.132954 9.99551E-05 9.99551E-05 0.866546
9.995E-05 9.995E-05 9.995E-05 9.995E-05 9.995E-05 9.995E-05 0.9994
9.99551E-05 9.99551E-05 9.99551E-05 0.0189546 9.99551E-05 9.99551E-05 0.980546
0.0154809 0.171647 0.144184 0.0634736 0.0326486 0.0608373 0.511729
9.9964E-05 9.9964E-05 0.0153973 0.193055 9.9964E-05 9.9964E-05 0.791148
9.9982E-05 9.9982E-05 0.0390022 0.145521 0.170181 0.325855 0.319241
0.166356 0.110711 9.9964E-05 9.9964E-05 9.9964E-05 9.9964E-05 0.722533
0.0565162 0.0800708 0.253821 0.200388 9.9991E-05 0.0298696 0.379234
0.0182017 0.0912827 0.113325 0.158747 9.9982E-05 9.9982E-05 0.618243
0.140383 0.0438782 0.0835381 0.112401 9.99821E-05 9.99821E-05 0.619599
0.149455 0.067983 9.9982E-05 0.144357 0.0148601 9.9982E-05 0.623145
0.0818142 9.99731E-05 9.99731E-05 0.107833 0.138715 9.99731E-05 0.671339
9.9964E-05 9.9964E-05 9.9964E-05 0.261874 0.0406551 9.9964E-05 0.697071
9.9973E-05 9.9973E-05 9.9973E-05 0.0658814 0.0594559 0.0364598 0.837903
0.0389309 9.9964E-05 9.9964E-05 9.9964E-05 9.9964E-05 0.0832904 0.877379
9.99731E-05 9.99731E-05 0.0260642 0.143725 9.99731E-05 0.0970047 0.732906
0.0384565 9.9964E-05 9.9964E-05 9.9964E-05 0.0687958 9.9964E-05 0.892348
0.00364405 0.334714 0.0422207 0.116917 9.9982E-05 9.9982E-05 0.502305
0.0542707 9.9964E-05 9.9964E-05 9.9964E-05 0.101396 9.9964E-05 0.843933
9.99641E-05 9.99641E-05 0.0399489 0.288429 9.99641E-05 9.99641E-05 0.671222
9.9982E-05 9.9982E-05 0.095698 0.0682735 0.0330072 0.0422745 0.760547
9.9973E-05 0.121342 0.00711515 9.9973E-05 0.115166 9.9973E-05 0.756076
9.9982E-05 0.220653 0.00660034 0.0142674 0.0206315 9.9982E-05 0.737648
0.107437 9.9964E-05 9.9964E-05 9.9964E-05 0.077631 9.9964E-05 0.814532
0.0541328 9.9973E-05 0.0653039 0.0416754 9.9973E-05 9.9973E-05 0.838588
9.99641E-05 0.0949568 9.99641E-05 9.99641E-05 0.0544842 9.99641E-05 0.850159
0.0833043 0.00698061 9.9982E-05 0.188404 0.0287931 9.9982E-05 0.692318
9.9964E-05 9.9964E-05 9.9964E-05 0.0822227 9.9964E-05 0.191736 0.725642
9.99641E-05 0.151335 9.99641E-05 0.340032 9.99641E-05 9.99641E-05 0.508234
0.257379 0.248369 0.143634 9.9991E-05 0.0176062 0.265593 0.0673178
0.45131 0.108545 0.0362579 0.302315 9.9982E-05 0.101372 9.9982E-05
0.238442 0.384981 0.0549943 0.308137 0.0132452 9.9982E-05 9.9982E-05
0.203026 0.0588147 9.9991E-05 0.475381 0.0943567 0.133973 0.0343487
0.447386 0.0849541 9.9982E-05 0.138495 0.127988 0.200977 9.9982E-05
0.20278 0.0905171 0.0238198 0.529968 9.9991E-05 0.0823334 0.070482
0.0454671 0.47665 9.99821E-05 0.111305 0.114594 0.251784 9.99821E-05
0.186967 0.261744 0.143983 0.0753642 9.9991E-05 0.206277 0.125566
9.9991E-05 0.265792 0.0239701 0.00218346 0.0800819 0.588045 0.0398266
0.461378 0.2409 0.16289 0.0222594 9.9982E-05 9.9982E-05 0.112372
0.236265 9.99731E-05 9.99731E-05 0.297761 0.0231946 0.442479 9.99731E-05
0.231758 0.346367 9.99641E-05 0.421475 9.99641E-05 9.99641E-05 9.99641E-05
0.187685 0.585441 0.0147435 0.0725046 9.9991E-05 0.0802735 0.0592517
0.259761 0.375798 9.9973E-05 0.326355 9.9973E-05 9.9973E-05 0.0377867
0.538177 0.0122254 0.0689392 0.000345442 9.9991E-05 0.200502 0.179711
0.427592 0.286248 9.99731E-05 9.99731E-05 0.126243 0.159618 9.99731E-05
0.101302 0.319889 9.9973E-05 0.112109 9.9973E-05 0.4664 9.9973E-05
0.436015 9.9982E-05 0.166623 9.9982E-05 0.0556871 0.255566 0.0859087
0.214279 0.436308 0.0372903 9.99731E-05 9.99731E-05 0.311823 9.99731E-05
0.409184 9.9982E-05 9.9982E-05 0.259517 0.123709 0.151581 0.0558099
0.390717 0.190453 0.0546629 9.9982E-05 9.9982E-05 0.190072 0.173895
0.0945733 9.9982E-05 9.9982E-05 0.271109 0.0872523 0.404367 0.142499
0.107059 0.401846 9.9982E-05 9.9982E-05 0.0844933 0.270406 0.135995
0.206485 0.490422 0.0866099 0.0855459 0.0374255 0.00459588 0.0889161
0.373937 0.354447 9.9982E-05 0.110674 0.0430667 0.117676 9.9982E-05
0.48502 0.19561 9.99641E-05 0.318969 9.99641E-05 9.99641E-05 9.99641E-05
0.392644 0.0154195 9.9982E-05 0.160807 9.9982E-05 0.256775 0.174154
0.159906 0.310717 9.99821E-05 9.99821E-05 0.014537 0.502421 0.0122194
0.386081 0.548263 9.99641E-05 0.0652566 9.99641E-05 9.99641E-05 9.99641E-05
0.270938 9.9973E-05 0.121117 0.177289 9.9973E-05 0.430357 9.9973E-05
0.113626 0.467784 9.9982E-05 0.0291163 9.9982E-05 0.335408 0.0538658
0.46452 0.132866 0.0348211 0.160048 0.187632 9.9991E-05 0.0200138
0.426898 0.03375 0.155747 0.051888 0.144576 0.18704 9.9991E-05
0.271249 0.042699 0.0954588 0.362492 9.9982E-05 0.227902 9.9982E-05
0.405299 0.12097 9.9982E-05 0.10236 0.0126424 0.358529 9.9982E-05
0.370499 0.283929 0.00356148 9.9982E-05 9.9982E-05 0.237868 0.103943
0.334901 0.420174 9.9973E-05 9.9973E-05 9.9973E-05 0.162223 0.0824018
0.275408 0.270028 0.0592546 9.9982E-05 0.0968638 0.298245 9.9982E-05
0.290278 9.99641E-05 9.99641E-05 9.99641E-05 0.0863973 0.622925 9.99641E-05
0.0448915 0.277783 9.99731E-05 0.25797 9.99731E-05 0.419055 9.99731E-05
0.274652 0.185597 9.9991E-05 0.0857153 0.170068 0.185651 0.0982164
0.538861 0.0391994 9.99731E-05 9.99731E-05 0.167652 0.253988 9.99731E-05
0.301171 0.0561481 0.125345 0.0113504 0.0464561 0.368412 0.0911181
0.306558 0.232318 0.00379882 0.0583658 9.9991E-05 0.276624 0.122235
0.320246 0.196202 9.9991E-05 0.117345 0.257797 0.0512559 0.0570533
0.311242 0.100539 0.189092 0.206014 9.9991E-05 0.191613 0.00139937
0.192834 0.311568 0.102308 0.0666445 0.307795 9.9991E-05 0.0187502
0.230963 0.596584 9.9982E-05 0.0315255 9.9982E-05 0.0107995 0.129929
0.142771 0.329293 0.00482564 0.229656 0.158805 0.0755275 0.0591223
0.231738 0.114714 0.0285255 0.142355 0.112895 0.369673 9.9991E-05
0.246977 9.9982E-05 0.000225185 0.238232 0.141706 0.37266 9.9982E-05
0.393978 0.277361 9.9991E-05 0.0599605 0.0207634 0.140384 0.107454
0.0688142 0.175238 0.00141785 0.17811 9.9991E-05 0.400352 0.175968
0.112292 0.478165 9.9982E-05 0.273239 0.0615537 9.9982E-05 0.074551
0.196181 0.244359 0.0137066 0.12679 9.9982E-05 0.418764 9.9982E-05
0.0803275 0.13958 0.087345 0.0835782 9.9991E-05 0.599688 0.00938138
0.422334 0.33553 0.100486 9.9991E-05 0.00845354 0.0622951 0.0708013
0.368037 9.9973E-05 9.9973E-05 9.9973E-05 0.134448 0.436145 0.0610707
0.408816 0.246474 0.13345 0.05304 9.9991E-05 0.0704653 0.0876551
0.697609 9.99551E-05 9.99551E-05 9.99551E-05 0.301891 9.99551E-05 9.99551E-05
0.381588 0.320446 9.99731E-05 9.99731E-05 9.99731E-05 0.291736 0.00592975
0.138114 0.0216697 0.0364572 0.0365498 0.0924087 0.521675 0.153126
0.304484 9.9982E-05 9.9982E-05 0.145851 0.227087 0.237742 0.0846357
0.329156 0.400527 9.9991E-05 0.00320185 0.0632783 0.137334 0.0664027
0.571524 0.0398054 0.0104185 9.9991E-05 0.1532 0.178292 0.0466596
0.257887 0.171534 9.99821E-05 0.0813943 9.99821E-05 0.481899 0.00708512
0.306075 0.18709 9.9973E-05 0.262048 0.244487 9.9973E-05 9.9973E-05
0.316106 0.275544 0.174267 9.9982E-05 0.0694829 9.9982E-05 0.164399
0.401912 0.161866 9.9982E-05 0.185922 9.9982E-05 0.121791 0.128308
0.383777 9.9982E-05 9.9982E-05 0.237778 0.128307 0.239225 0.0107135
0.240968 0.388647 0.00710935 0.0418998 9.9991E-05 0.184537 0.136739
0.286649 0.36302 9.9982E-05 9.9982E-05 0.056791 0.112145 0.181194
0.319341 9.9982E-05 9.9982E-05 0.050124 0.262217 0.287576 0.0805417
0.239082 0.0923065 0.097086 0.271831 0.033411 0.119037 0.147247
0.0594147 0.292228 0.2623 0.132499 0.00623141 0.176792 0.070535
0.136551 0.240699 0.0729054 0.151291 9.9991E-05 0.242163 0.15629
0.422659 9.9973E-05 9.9973E-05 0.159638 9.9973E-05 0.290489 0.126914
0.196639 0.129032 0.0522526 0.237377 0.0597493 0.165792 0.159159
0.250456 0.0853056 0.144471 0.313003 0.105976 0.0347302 0.0660584
0.194232 0.278525 9.9982E-05 0.179967 9.9982E-05 0.266703 0.080372
0.298114 0.164573 0.0270845 0.257936 9.9982E-05 0.252093 9.9982E-05
0.331535 0.323163 9.99731E-05 9.99731E-05 9.99731E-05 0.111151 0.233851
0.30423 0.484137 0.0347363 0.0387274 9.9991E-05 0.0702361 0.0678338
0.283779 0.521196 0.0932728 0.0842437 9.9982E-05 9.9982E-05 0.0173087
0.0995189 0.418021 0.0894081 0.270279 9.9982E-05 9.9982E-05 0.122573
0.288913 0.21223 9.9991E-05 0.223215 0.0875196 0.101898 0.0861243
0.423321 0.223117 0.144202 0.109994 9.9982E-05 9.9982E-05 0.0991668
0.325466 0.0172282 0.144546 0.4613 9.9991E-05 0.0278907 0.0234687
0.475996 0.0127163 0.0428411 0.24872 0.0377362 0.0451095 0.136881
