0.494528 0.227546 0.277926
0.265581 0.353088 0.381332
0.512465 0.0240825 0.463452
0.576431 0.111241 0.312328
0.546432 0.337469 0.116099
0.501026 0.0762327 0.422741
0.614721 0.0829516 0.302327
0.807759 0.136544 0.0556968
0.500185 0.111915 0.387899
0.543566 0.105893 0.35054
0.589067 0.186706 0.224227
0.574906 0.160033 0.265062
0.650561 0.161168 0.188272
0.554486 0.121334 0.32418
0.62745 0.123764 0.248786
0.611108 0.200419 0.188473
0.709618 9.9991E-05 0.290282
0.609199 0.214333 0.176468
0.603071 0.119216 0.277713
0.433891 0.150421 0.415688
0.450267 0.241409 0.308324
0.531178 0.218236 0.250586
0.618592 0.154532 0.226876
0.614635 0.133055 0.252309
0.583856 0.166353 0.249792
0.359658 0.212452 0.42789
0.371748 0.170013 0.45824
0.443851 0.200578 0.35557
0.468962 0.154022 0.377016
0.704127 0.173569 0.122303
0.659142 0.202752 0.138106
0.632036 0.226735 0.141229
0.530859 0.13091 0.338231
0.628354 0.136903 0.234743
0.532448 0.206425 0.261127
0.621448 0.147935 0.230616
0.650966 0.0339201 0.315113
0.713097 0.0682863 0.218617
0.417033 0.23728 0.345687
0.503169 0.12738 0.369451
0.538347 0.102571 0.359081
0.731175 0.158154 0.110671
0.546751 0.219451 0.233798
0.389805 0.358426 0.251769
0.55256 0.232134 0.215306
0.744034 0.0996823 0.156283
0.83208 9.9991E-05 0.16782
0.772995 0.226905 9.9991E-05
0.917291 0.0283957 0.0543134
0.837388 0.0466807 0.115931
0.880285 0.100644 0.0190713
0.805276 0.126889 0.0678341
0.959841 9.9991E-05 0.0400591
0.884711 0.0455091 0.0697796
0.813258 0.0524395 0.134302
0.798573 0.201327 9.9991E-05
0.844748 9.9991E-05 0.155152
0.830516 0.0622785 0.107205
0.76175 0.076175 0.162075
0.873765 9.9991E-05 0.126135
0.929895 0.070005 9.9991E-05
0.931274 9.9991E-05 0.0686261
0.933686 0.0371584 0.0291558
0.893943 0.056314 0.0497433
0.881966 0.0605639 0.0574706
0.777566 0.127913 0.0945212
0.771255 9.9991E-05 0.228645
0.835747 0.142699 0.0215538
0.808132 0.187342 0.00452623
0.820622 0.179278 9.9991E-05
0.790384 0.017751 0.191865
0.574893 0.157847 0.26726
0.907554 0.0336542 0.0587916
0.947798 9.9991E-05 0.0521023
0.712118 0.141317 0.146565
0.806194 9.9991E-05 0.193706
0.916299 0.0772281 0.00647319
0.713534 0.127428 0.159039
0.758802 0.02526 0.215938
0.768448 9.9991E-05 0.231452
0.809302 0.18514 0.00555844
0.774373 0.113386 0.112242
0.89845 0.0116373 0.0899128
0.772432 0.114549 0.11302
0.946519 0.0533812 9.9991E-05
0.035364 9.9991E-05 0.964536
0.126827 9.9991E-05 0.873073
0.101498 0.0582814 0.840221
0.371726 9.9991E-05 0.628174
9.9991E-05 0.0569552 0.942945
9.9991E-05 0.113519 0.886381
0.125976 0.135366 0.738658
9.9991E-05 0.130191 0.869709
0.100344 0.0894349 0.810221
0.0862261 0.12535 0.788424
9.999E-05 9.999E-05 0.9998
0.147608 0.0148218 0.837571
0.280925 0.215514 0.503562
0.0619943 0.102579 0.835427
9.999E-05 9.999E-05 0.9998
9.999E-05 9.999E-05 0.9998
9.9991E-05 0.0211027 0.978797
0.233851 0.0538948 0.712254
0.0500213 0.114042 0.835937
9.999E-05 9.999E-05 0.9998
0.0484366 0.0847371 0.866826
0.204429 0.084658 0.710913
0.0459441 9.9991E-05 0.953956
9.9991E-05 0.0279206 0.971979
9.9991E-05 0.116039 0.883861
0.0122324 0.0660842 0.921683
0.177188 0.0702147 0.752597
0.0297607 0.0293659 0.940873
0.134215 9.9991E-05 0.865685
9.999E-05 9.999E-05 0.9998
0.089689 0.233677 0.676634
0.104177 0.0421734 0.85365
0.157877 0.118488 0.723635
0.150755 0.0433223 0.805923
0.198099 0.064781 0.73712
0.277198 0.0796494 0.643152
0.109628 0.000798707 0.889573
0.188929 9.9991E-05 0.810971
0.220794 0.175492 0.603715
9.999E-05 9.999E-05 0.9998
0.191601 0.139647 0.668752
0.913606 0.0585524 0.0278417
0.762831 0.0976462 0.139523
0.731962 0.0332406 0.234798
0.757888 0.0715139 0.170598
0.850579 0.0264661 0.122955
0.932259 0.0676407 9.9991E-05
0.759974 0.178513 0.0615127
0.922931 0.0769685 9.9991E-05
0.653097 0.18286 0.164043
0.80671 0.188668 0.00462179
0.833189 0.0886984 0.0781123
0.90223 0.0976699 9.9991E-05
0.887451 9.9991E-05 0.112449
0.831686 0.135424 0.0328895
0.864357 0.072111 0.0635321
0.9998 9.999E-05 9.999E-05
0.876206 0.123694 9.9991E-05
0.701458 0.168512 0.13003
0.982006 0.0178937 9.9991E-05
0.599668 0.108783 0.291548
0.507272 0.0669491 0.425779
0.333549 0.228263 0.438188
0.302075 0.172173 0.525753
0.363114 0.0786497 0.558236
0.265091 0.251134 0.483774
0.397032 0.109083 0.493884
0.276362 0.226725 0.496913
0.263152 0.218893 0.517955
0.334518 0.127343 0.538139
0.488919 0.0294678 0.481614
0.624715 0.146877 0.228407
0.456047 0.19033 0.353623
0.513081 0.224159 0.26276
0.310489 0.260948 0.428563
0.611462 0.187265 0.201273
0.438282 0.140118 0.4216
0.2214 0.0940622 0.684538
0.476718 0.0921021 0.43118
0.133226 0.294774 0.572
0.363702 0.0906557 0.545643
0.355177 0.148705 0.496118
0.548963 0.191234 0.259803
0.34489 0.204434 0.450675
0.3544 0.172164 0.473436
0.0839425 0.240617 0.675441
0.138069 0.267526 0.594405
0.387798 0.096959 0.515243
0.515505 0.240186 0.244309
0.155348 0.213159 0.631493
0.51978 0.154965 0.325254
0.414798 0.19408 0.391122
0.328418 0.22123 0.450352
0.353277 0.154453 0.49227
0.566286 0.0578819 0.375832
0.477728 0.100684 0.421588
0.49032 0.071801 0.437879
0.396569 0.0724469 0.530985
0.186025 0.201383 0.612593
0.503799 0.0234821 0.472719
0.503463 0.0346047 0.461932
0.486362 0.107672 0.405966
0.453229 0.071709 0.475062
0.288932 0.230407 0.480661
0.534403 0.0780008 0.387596
0.578811 0.000129835 0.421059
0.367024 0.111362 0.521614
0.619839 0.0573298 0.322831
0.491594 0.160711 0.347695
0.599948 0.0696889 0.330363
0.550901 9.9991E-05 0.448999
0.476953 0.0783708 0.444676
0.544576 0.0451723 0.410252
0.472664 0.0152386 0.512098
0.552613 0.0965642 0.350823
0.716518 9.9991E-05 0.283382
0.594445 0.110873 0.294681
0.638173 9.9991E-05 0.361727
0.560802 9.9991E-05 0.439098
0.610269 9.9991E-05 0.389631
0.385967 0.159699 0.454334
0.641973 0.0232714 0.334756
0.352636 0.160839 0.486525
0.720575 0.104975 0.174449
0.313462 0.249079 0.437459
0.545592 9.9991E-05 0.454308
0.504212 0.143296 0.352492
0.665509 0.13699 0.197501
0.553864 0.0432082 0.402928
0.486375 0.0759557 0.437669
0.549753 0.17564 0.274607
0.4753 0.201552 0.323147
0.619045 9.9991E-05 0.380855
0.445885 0.176121 0.377994
0.62303 0.107937 0.269033
0.452205 0.172037 0.375757
0.639802 0.11049 0.249707
0.522266 9.9991E-05 0.477634
0.587672 0.110647 0.301681
0.571637 0.15278 0.275584
0.516672 0.150529 0.332799
0.465069 0.0999852 0.434946
0.64915 0.107399 0.24345
0.732544 0.0373085 0.230148
0.835212 0.164688 9.99911E-05
0.832327 0.167573 9.9991E-05
0.769062 0.0472149 0.183723
0.7039 0.0921297 0.20397
0.830213 0.0644328 0.105355
0.646272 0.121979 0.231749
0.703465 0.209006 0.0875291
0.733947 0.200285 0.0657676
0.738345 0.186356 0.0752995
0.710189 0.121154 0.168657
0.775368 0.224532 9.9991E-05
0.795344 0.102194 0.102462
0.782979 0.123105 0.0939159
0.816484 0.163766 0.0197497
0.731553 0.114296 0.154151
0.937219 0.0626809 9.9991E-05
0.754301 0.205583 0.0401164
0.828134 0.143883 0.0279821
0.768681 0.148065 0.0832544
0.692779 0.160161 0.14706
0.817645 0.0233924 0.158963
0.729196 0.11365 0.157154
0.9998 9.999E-05 9.999E-05
0.670962 0.212284 0.116754
0.948056 0.0518437 9.9991E-05
0.700917 9.9991E-05 0.298983
0.779683 9.9991E-05 0.220217
0.835079 0.164822 9.9991E-05
0.655229 0.144546 0.200224
0.601827 0.103037 0.295137
9.9991E-05 0.928773 0.0711268
0.132721 0.798039 0.0692396
0.380294 0.437111 0.182595
0.168618 0.803113 0.0282685
9.9991E-05 0.995568 0.00433217
0.227739 0.720247 0.052014
0.0551454 0.944755 9.9991E-05
0.248084 0.751816 9.9991E-05
0.055793 0.855135 0.0890715
9.9991E-05 0.989337 0.0105626
9.999E-05 0.9998 9.999E-05
9.999E-05 0.9998 9.999E-05
0.118672 0.735617 0.145712
9.9991E-05 0.976335 0.0235651
0.341639 0.377636 0.280725
0.186749 0.813151 9.9991E-05
0.280459 0.536553 0.182987
0.0915036 0.73027 0.178226
0.0910846 0.754317 0.154599
0.155087 0.794995 0.0499186
0.188349 0.768091 0.0435597
0.0676481 0.850048 0.0823037
9.999E-05 0.9998 9.999E-05
0.0525564 0.947344 9.9991E-05
0.12342 0.83068 0.0459004
9.9991E-05 0.960128 0.0397716
0.383627 0.544642 0.0717306
0.0130969 0.986803 9.9991E-05
0.0903016 0.850983 0.0587156
0.0504625 0.912108 0.0374296
0.0637473 0.861887 0.0743655
0.134949 0.860971 0.00407987
9.9991E-05 0.978198 0.0217018
9.9991E-05 0.933071 0.0668287
9.999E-05 0.9998 9.999E-05
0.173681 0.826219 9.9991E-05
0.131323 0.811078 0.0575994
0.352732 0.624478 0.0227896
0.654821 0.170894 0.174285
0.930866 9.9991E-05 0.0690338
0.877348 9.9991E-05 0.122552
0.874802 0.104403 0.0207957
0.910413 9.9991E-05 0.0894865
0.7868 9.9991E-05 0.2131
0.9998 9.999E-05 9.999E-05
0.798351 0.125792 0.0758573
0.807157 0.0601921 0.132651
0.568915 0.240026 0.191058
0.87961 0.0335197 0.0868703
0.864733 0.135167 9.9991E-05
0.828417 0.0993456 0.072237
0.917746 0.0821538 9.9991E-05
0.75395 0.221505 0.0245454
0.937387 9.9991E-05 0.0625128
0.976819 0.0230808 9.9991E-05
0.703825 0.11839 0.177784
0.94174 9.9991E-05 0.0581596
0.75435 0.0686373 0.177013
0.711136 0.180694 0.10817
0.724674 0.187417 0.087909
0.646426 0.250193 0.103382
0.782798 0.178986 0.0382165
0.9998 9.999E-05 9.999E-05
0.964418 9.9991E-05 0.0354818
0.80822 0.178965 0.012815
0.88292 0.0806883 0.0363921
0.955675 0.0442254 9.9991E-05
0.845757 0.0376249 0.116618
0.938323 0.061577 9.9991E-05
0.782035 0.111855 0.10611
0.582664 0.0538795 0.363457
0.620878 0.144589 0.234534
0.872024 9.9991E-05 0.127876
0.779981 0.219919 9.9991E-05
0.937386 0.0625139 9.9991E-05
0.922098 0.0552506 0.0226517
0.795392 0.0317466 0.172861
0.9998 9.999E-05 9.999E-05
0.840941 0.139915 0.0191439
0.982494 9.99911E-05 0.0174061
0.648585 0.131481 0.219935
0.883406 0.116494 9.9991E-05
0.750183 0.132123 0.117694
0.563606 0.158603 0.277791
0.815464 0.0281326 0.156403
0.775812 0.224088 9.9991E-05
0.782399 0.0681485 0.149453
0.773269 0.0653804 0.161351
0.865828 0.0353146 0.098857
0.843703 0.156197 9.9991E-05
0.774433 0.225467 9.9991E-05
0.712327 0.213989 0.0736837
0.9998 9.999E-05 9.999E-05
0.797617 0.0740568 0.128326
0.836567 0.0650812 0.0983521
0.749915 0.122841 0.127244
0.777423 0.12926 0.0933167
0.813334 9.9991E-05 0.186566
0.978726 0.0211735 9.9991E-05
0.629055 0.231152 0.139793
0.865387 0.115032 0.0195816
0.909399 0.017372 0.0732289
0.87666 0.0552161 0.0681236
0.976209 0.0236915 9.9991E-05
0.849541 9.9991E-05 0.150359
0.668076 0.14492 0.187004
0.856912 0.142988 9.9991E-05
0.846467 0.0491316 0.104401
0.791367 0.208533 9.9991E-05
0.777749 0.186859 0.0353913
0.635249 0.169246 0.195505
0.625765 0.234162 0.140073
0.695252 0.159686 0.145063
0.655688 0.137509 0.206803
0.895143 0.0595266 0.0453305
0.538487 0.214094 0.24742
0.76666 0.0526712 0.180669
0.858288 0.0770761 0.0646362
0.890884 0.0626899 0.0464257
0.703194 0.296706 9.9991E-05
0.849669 0.0811694 0.0691616
0.86548 0.0121031 0.122417
0.640857 0.136608 0.222535
0.759223 0.121984 0.118793
0.747877 0.101528 0.150595
0.729824 0.117856 0.15232
0.786706 0.212267 0.00102724
