0.3106 9.9991E-05 0.321387 0.175621 0.0424974 0.149793
0.155835 0.288094 9.9991E-05 0.188984 0.143768 0.223219
0.231001 0.257077 0.130476 9.9991E-05 0.21546 0.165886
0.382367 9.9991E-05 0.0326631 0.170037 0.181545 0.233288
0.0139657 9.9991E-05 0.261173 0.265966 0.179835 0.278961
0.0377768 0.0695396 0.126564 0.0362548 0.228604 0.501261
9.999E-05 0.198102 0.231527 0.152964 0.0565597 0.360747
0.335283 0.158387 0.422884 0.0585477 9.9991E-05 0.0247988
0.446305 0.112529 0.287251 0.00235854 0.0597959 0.0917608
0.325078 0.0903752 0.246149 9.9991E-05 0.146898 0.191399
0.242625 9.9991E-05 0.454574 0.164817 0.0757778 0.0621065
0.519604 0.0969582 0.115981 9.9991E-05 0.109588 0.157769
0.396113 0.0462345 0.13958 0.100647 9.9991E-05 0.317325
0.458055 0.0574134 0.108084 9.9982E-05 9.9982E-05 0.376247
0.323428 9.9982E-05 0.44516 9.9982E-05 0.111983 0.119229
0.560712 9.99641E-05 9.99641E-05 9.99641E-05 9.99641E-05 0.438889
0.15519 0.33733 0.100356 9.9991E-05 0.167128 0.239896
0.308785 0.132608 0.0596632 0.182798 0.0128532 0.303292
0.203092 0.0535527 9.9991E-05 0.0194092 0.220143 0.503703
0.280869 0.295419 0.095962 0.0178758 0.0368644 0.273009
0.302173 0.047758 0.033702 0.172325 0.0714364 0.372605
0.475338 9.9982E-05 0.283495 0.138334 0.102632 9.9982E-05
0.379361 0.272227 0.106824 0.0104276 0.103842 0.127318
0.342659 0.166247 0.223556 0.0541475 9.9991E-05 0.21329
0.172785 0.340525 9.9991E-05 0.104196 0.17293 0.209464
0.646756 0.11756 0.0188446 0.147415 0.0693241 9.9991E-05
0.400421 0.208013 9.9991E-05 0.0644162 0.196363 0.130686
0.292957 0.0628716 9.9991E-05 0.128834 0.118428 0.396809
0.0101033 0.120308 9.9991E-05 0.0489739 0.282285 0.53823
0.425146 9.9982E-05 0.100764 0.0605088 9.9982E-05 0.413382
0.507722 9.9973E-05 9.9973E-05 0.059916 9.9973E-05 0.432062
0.564146 9.9982E-05 0.121493 9.9982E-05 0.0157528 0.298408
0.228242 0.164949 0.0731133 0.022679 0.233717 0.2773
0.46315 0.341907 0.064755 0.0348005 0.00350898 0.0918786
0.411036 9.9991E-05 0.171182 0.0523607 0.0535972 0.311724
0.149666 0.143764 0.0934841 0.0275856 0.143552 0.441948
0.238891 9.9991E-05 0.323623 0.0762355 0.20129 0.159861
0.0609502 0.182301 0.164757 0.125578 0.128478 0.337936
0.307847 0.226295 0.219142 0.133824 0.112792 9.9991E-05
0.587053 0.191595 0.0698141 0.0128844 0.138554 9.9991E-05
0.245256 0.105654 0.0475116 0.143041 0.136849 0.321689
0.244469 0.190328 0.182227 0.114839 9.9991E-05 0.268036
0.346775 0.164533 0.0617275 0.154725 9.9991E-05 0.272139
0.232632 0.0555289 0.0136673 0.016283 0.181811 0.500078
0.169316 0.326123 0.136401 0.0456788 0.165903 0.156579
0.256291 0.479585 0.236617 9.9982E-05 9.9982E-05 0.027307
9.9991E-05 0.157951 0.495924 0.025587 0.111096 0.209342
0.191405 0.349103 0.324078 0.135214 9.9982E-05 9.9982E-05
9.9991E-05 0.208933 0.442829 0.0250574 0.0231244 0.299956
0.0541334 0.552718 0.0857325 0.00933143 0.0340404 0.264045
0.231624 0.423367 9.9973E-05 9.9973E-05 9.9973E-05 0.344709
0.301684 0.33631 0.188237 9.9982E-05 9.9982E-05 0.173569
0.21885 0.0388844 0.408877 9.9982E-05 9.9982E-05 0.333189
0.0168715 0.330043 0.521121 9.9991E-05 0.0289815 0.102883
0.268905 0.340141 0.251666 9.9991E-05 0.0100662 0.129122
9.9982E-05 0.18187 0.247035 0.0663653 9.9982E-05 0.504529
9.9982E-05 0.354932 0.37618 9.9982E-05 0.175448 0.0932403
0.167787 0.346059 0.422976 0.0204804 0.0425975 9.9991E-05
0.227298 0.0939728 0.38482 9.9982E-05 9.9982E-05 0.293709
9.9982E-05 0.489671 0.340585 9.9982E-05 0.0432621 0.126282
0.00744727 0.231438 0.334276 9.9982E-05 9.9982E-05 0.426639
0.237503 0.261603 0.208078 9.9991E-05 0.00711072 0.285605
0.0766985 0.287938 0.224234 9.9982E-05 9.9982E-05 0.41093
9.9991E-05 0.355587 0.449194 0.0494194 0.0164658 0.129233
9.9991E-05 0.0403937 0.544595 0.125507 0.0438016 0.245603
9.9991E-05 0.118928 0.585154 0.123968 0.0517715 0.120078
0.0353923 9.9982E-05 0.343166 9.9982E-05 0.135411 0.485831
0.349607 0.255409 0.238932 0.0832837 9.9991E-05 0.0726674
9.9982E-05 0.208487 0.108622 0.154614 9.9982E-05 0.528078
9.9973E-05 9.9973E-05 0.571539 0.0754773 9.9973E-05 0.352684
0.315467 9.9973E-05 0.521856 9.9973E-05 9.9973E-05 0.162377
9.9991E-05 0.267344 0.316212 0.0161262 0.233202 0.167017
0.128708 0.113978 0.328116 0.0243315 9.9991E-05 0.404767
0.288962 0.015132 0.31256 9.9982E-05 9.9982E-05 0.383146
9.9991E-05 0.218534 0.381828 0.125904 0.21356 0.0600728
0.158874 9.9982E-05 0.315452 9.9982E-05 0.0651376 0.460336
9.9982E-05 0.473579 0.450711 0.00295516 0.0725551 9.9982E-05
0.101298 0.385078 0.347116 9.9982E-05 0.166307 9.9982E-05
9.99821E-05 0.0351784 0.457638 9.99821E-05 0.182604 0.324379
0.0850353 0.0378083 0.419813 0.00290533 0.187446 0.266992
0.0789458 9.9991E-05 0.440114 0.131251 0.0465785 0.303011
0.170031 0.278401 0.211936 0.0449974 0.0326295 0.262005
9.9982E-05 0.447335 0.516075 0.00192648 0.0344633 9.9982E-05
9.9982E-05 0.132434 0.39301 9.9982E-05 0.0715571 0.402798
0.13744 9.9982E-05 0.590456 0.0260445 9.9982E-05 0.245859
0.0373186 9.9982E-05 0.102399 9.9982E-05 0.805345 0.0547373
9.9973E-05 0.227998 9.9973E-05 9.9973E-05 0.574108 0.197593
0.0781421 0.0724902 9.9982E-05 9.9982E-05 0.704395 0.144773
0.0855396 0.169535 9.99821E-05 9.99821E-05 0.638395 0.106331
0.129706 9.9973E-05 9.9973E-05 9.9973E-05 0.674198 0.195796
0.0431876 9.9991E-05 0.0582636 0.0184405 0.879244 0.000763944
9.9982E-05 0.152964 0.140938 0.0228653 0.683032 9.9982E-05
0.0985445 9.9982E-05 9.9982E-05 0.131139 0.715262 0.054855
0.0661794 0.00922142 0.0997999 0.0628391 0.70432 0.0576407
0.16392 9.9982E-05 9.9982E-05 0.11969 0.550633 0.165558
9.9973E-05 0.0204666 9.9973E-05 9.9973E-05 0.859592 0.119641
9.9982E-05 9.9982E-05 0.170352 0.0696504 0.66713 0.0926676
0.0218289 9.9982E-05 0.210519 0.176484 0.590968 9.9982E-05
9.9982E-05 0.222028 9.9982E-05 0.0842204 0.648664 0.0448879
9.9964E-05 0.171129 9.9964E-05 9.9964E-05 0.828472 9.9964E-05
0.0240038 0.11657 0.0225983 0.00578805 0.83094 9.9991E-05
9.9973E-05 0.0189208 9.9973E-05 9.9973E-05 0.769895 0.210885
0.0529858 0.136759 0.180376 0.0929987 0.536781 9.9991E-05
0.050115 0.00495166 9.9991E-05 0.10334 0.676368 0.165125
9.9982E-05 0.0136762 9.9982E-05 0.0627182 0.819237 0.104169
9.9973E-05 0.0472724 9.9973E-05 9.9973E-05 0.748775 0.203652
0.0735615 0.0506261 0.0374324 0.0702189 0.503879 0.264282
9.99641E-05 9.99641E-05 0.256822 9.99641E-05 0.742778 9.99641E-05
0.217931 9.9982E-05 9.9982E-05 0.0620465 0.704576 0.0152463
0.0671276 0.0704022 9.9991E-05 0.0481729 0.797233 0.0169646
0.0947175 0.154054 9.9982E-05 9.9982E-05 0.724979 0.0260501
0.199622 9.9991E-05 0.118218 0.025635 0.609871 0.0465548
0.0703306 0.129162 9.9991E-05 0.0672892 0.650539 0.082579
0.0786839 0.0338536 0.107082 0.0286573 0.700792 0.0509307
9.99731E-05 0.0773666 9.99731E-05 0.00245817 0.919875 9.99731E-05
0.157084 9.9982E-05 9.9982E-05 0.153268 0.480376 0.209071
9.99641E-05 9.99641E-05 0.265371 9.99641E-05 0.734229 9.99641E-05
0.282409 0.249156 9.9973E-05 9.9973E-05 0.468136 9.9973E-05
0.0448175 0.123608 0.103371 0.0733708 0.654733 9.9991E-05
9.9982E-05 9.9982E-05 0.0846654 0.0680694 0.63204 0.215026
0.00718988 0.10875 0.0758091 0.0491433 0.611681 0.147427
0.171353 0.0850108 0.0873203 0.0206735 0.635543 9.9991E-05
0.00200405 9.9982E-05 0.117885 9.9982E-05 0.641746 0.238165
9.9982E-05 9.9982E-05 0.0318271 0.111447 0.554561 0.301965
0.195937 9.99731E-05 9.99731E-05 0.0479915 0.755772 9.99731E-05
0.251716 0.129146 0.107114 0.0125421 0.488776 0.0107068
0.0586333 0.303256 0.31244 0.0669266 9.9991E-05 0.258644
0.177828 0.153853 0.334766 0.0951194 0.0701156 0.168319
0.199408 0.114045 0.162852 9.9982E-05 9.9982E-05 0.523495
9.9991E-05 0.324467 0.195145 0.0536728 0.189447 0.237169
0.375025 9.9991E-05 0.306098 0.0512168 0.0230633 0.244497
9.9991E-05 0.369104 0.403839 0.0709824 0.0607419 0.0952324
9.9982E-05 0.50663 0.2921 0.100598 0.100472 9.9982E-05
0.322962 9.9973E-05 0.527919 9.9973E-05 9.9973E-05 0.14882
0.281101 0.226546 0.293124 0.0474879 0.151641 9.9991E-05
0.02589 0.563438 0.270738 0.123384 9.9991E-05 0.0164504
0.0136235 0.0519385 0.589082 0.103742 0.071737 0.169877
9.9982E-05 9.9982E-05 0.435581 0.0394692 0.0154369 0.509313
0.126974 0.400358 0.229617 9.9991E-05 0.014726 0.228225
0.104965 0.445944 0.333824 0.0203323 0.00740508 0.0875294
9.9982E-05 0.166688 0.653283 0.0657395 9.9982E-05 0.11409
0.0161819 9.99731E-05 0.626752 9.99731E-05 9.99731E-05 0.356766
0.061518 0.402563 0.370703 0.155764 0.0093528 9.9991E-05
9.9982E-05 9.9982E-05 0.584443 0.0720493 0.0483223 0.294985
0.0912181 0.072336 0.49728 9.9982E-05 9.9982E-05 0.338966
0.341874 0.517586 9.9982E-05 0.0637721 0.0765685 9.9982E-05
0.376582 0.257155 0.174451 9.9982E-05 0.191612 9.9982E-05
0.335462 9.9991E-05 0.11612 0.149861 0.371687 0.0267697
0.399771 0.133005 9.9991E-05 0.120442 0.300292 0.0463894
0.0834972 0.030706 0.146428 0.0428841 0.464738 0.231746
0.328471 9.9991E-05 0.141751 0.0877287 0.335738 0.106211
0.227178 9.9991E-05 0.27643 0.0669637 0.339374 0.0899545
0.223252 9.9991E-05 0.133296 0.166357 0.382926 0.0940696
0.309261 0.244594 0.025093 0.165415 0.255536 9.9991E-05
0.0239939 0.202355 0.109772 0.0292539 0.450692 0.183933
0.522833 9.9982E-05 0.172827 9.9982E-05 0.264412 0.0397282
0.596369 0.306014 9.9982E-05 9.9982E-05 0.00367427 0.0937428
0.422795 9.9991E-05 0.254506 0.105037 0.167802 0.0497602
0.329773 0.277376 0.0858296 0.13546 0.171461 9.9991E-05
0.412493 0.107982 0.000717295 0.176189 0.302519 9.9991E-05
0.0863281 0.0864081 0.268726 0.15165 0.150812 0.256076
0.322284 9.9982E-05 0.058837 9.9982E-05 0.137627 0.481052
0.344314 0.159294 9.9991E-05 0.0254758 0.376729 0.0940875
0.18568 0.143075 0.172959 0.079637 0.294718 0.12393
9.9982E-05 0.109264 9.9982E-05 0.22801 0.392932 0.269593
0.595773 9.99821E-05 0.165494 0.0241225 0.214411 9.99821E-05
0.249409 0.0431935 0.25639 0.113992 0.336915 9.9991E-05
0.530072 0.349985 9.9982E-05 0.0982787 0.021464 9.9982E-05
0.0874874 0.202385 9.9991E-05 0.0871869 0.231079 0.391761
0.0111388 0.176251 0.252904 0.0551475 0.367904 0.136654
0.319022 0.157556 9.9982E-05 0.0681392 0.455083 9.9982E-05
0.135318 0.0865764 0.145422 0.160527 0.472056 9.9991E-05
0.154957 0.213321 9.9991E-05 0.0303184 0.378879 0.222425
0.0458369 0.225407 0.308683 0.204225 0.215748 9.9991E-05
0.47313 0.240499 9.9982E-05 0.0132411 0.272929 9.9982E-05
0.310628 0.138705 0.271458 0.10772 0.171389 9.9991E-05
0.828574 0.145051 9.99731E-05 0.0260752 9.99731E-05 9.99731E-05
0.181429 0.187744 9.9991E-05 0.0690225 0.307036 0.254668
0.394043 0.0769788 0.0165682 0.0381023 0.241983 0.232325
0.170592 0.244157 0.0343235 0.00579588 0.214745 0.330387
0.372904 0.0688302 0.0798678 9.9991E-05 0.245585 0.232712
0.334771 0.00916246 0.33293 0.0579753 0.265061 9.9991E-05
0.5017 0.0806228 0.109106 0.0546957 0.253775 9.9991E-05
0.138915 0.108462 9.9991E-05 0.0630138 0.421941 0.267569
0.266425 0.262073 0.225723 9.9982E-05 0.245579 9.9982E-05
0.164072 9.9991E-05 0.166457 0.022318 0.305009 0.342044
0.283805 0.0474791 0.311317 0.0745682 0.227822 0.0550081
0.457285 0.0642185 0.146436 0.0166721 0.228868 0.0865203
9.9982E-05 0.177505 9.9982E-05 0.0438634 0.407616 0.370815
0.118378 0.00461503 0.306679 0.074177 0.335566 0.160584
0.429486 9.9982E-05 0.202426 9.9982E-05 0.20705 0.160837
0.130936 0.378395 0.173457 0.0308407 0.286271 9.9991E-05
0.256654 0.347196 9.9991E-05 0.00478084 0.0308523 0.360417
0.371917 0.250137 0.0439527 9.9991E-05 0.153771 0.180123
0.171127 0.315 0.0376587 0.0692157 0.226289 0.180709
0.157727 0.470622 0.106648 0.0273964 0.161837 0.0757685
0.022602 0.325778 0.258826 0.0516947 0.340999 9.9991E-05
0.147468 0.0348827 0.335284 0.0442991 0.274063 0.164004
0.121012 0.127931 0.464057 9.9991E-05 0.285199 0.00170151
9.9982E-05 0.102258 0.390544 0.207257 0.299741 9.9982E-05
0.355371 0.283758 0.124793 9.9991E-05 0.163979 0.0719976
0.241773 0.233494 0.340641 9.9991E-05 0.150149 0.0338438
0.18474 0.381802 0.211177 0.0615027 0.160679 9.9991E-05
0.150587 9.9982E-05 0.360465 9.9982E-05 0.434706 0.0540427
0.231757 0.228847 0.294503 9.9991E-05 0.0874286 0.157365
0.270793 0.19323 0.138461 0.0608767 0.266297 0.0703425
0.168924 9.9982E-05 0.307219 9.9982E-05 0.320608 0.20305
0.29616 9.99821E-05 0.336237 0.0765063 0.290897 9.99821E-05
0.243213 0.0555089 0.339256 0.027177 0.0668037 0.268041
9.9982E-05 9.9982E-05 0.438042 0.168179 0.307528 0.0860507
0.405045 0.0335253 0.266351 0.000656842 0.294322 9.9991E-05
0.492579 9.9991E-05 0.211132 0.00201839 0.108701 0.185469
0.0882844 0.130145 0.543817 0.106047 0.0948654 0.036841
0.207416 9.9991E-05 0.407189 0.106078 0.177978 0.101239
0.22629 0.262604 0.0473022 0.0221403 0.312103 0.129561
0.285657 0.0823522 0.387775 0.046508 0.197608 9.9991E-05
0.390678 9.9991E-05 0.303156 0.186561 0.0691514 0.0503536
0.106359 9.99731E-05 0.611296 9.99731E-05 0.282045 9.99731E-05
0.265977 9.9982E-05 0.110939 9.9982E-05 0.319122 0.303762
0.492446 0.000721534 0.293657 0.0597158 0.112855 0.0406043
0.00509568 9.9991E-05 0.182235 0.278802 0.31254 0.221228
0.0114485 0.0301285 0.446196 0.1737 0.127649 0.210877
0.203 0.202809 0.237457 9.9991E-05 0.344613 0.0120206
0.172561 0.0709255 0.2568 0.14963 0.271952 0.0781316
0.0689433 0.40049 0.0528481 0.089721 0.274629 0.113369
0.209897 9.9982E-05 0.38182 0.188826 0.219257 9.9982E-05
0.534589 9.9982E-05 0.201828 9.9982E-05 0.216475 0.0469079
0.164153 0.158383 0.304358 0.112433 0.0780375 0.182636
0.408381 0.0305949 0.486698 9.9982E-05 0.0741257 9.9982E-05
0.00499821 9.99821E-05 0.608599 0.119678 9.99821E-05 0.266525
0.129255 0.110935 0.515309 0.122093 9.9991E-05 0.122309
0.0664182 0.241204 0.287315 0.0409059 0.105731 0.258426
0.373304 0.19066 0.435224 0.00061219 9.9982E-05 9.9982E-05
9.99821E-05 0.403302 0.343773 9.99821E-05 0.0125428 0.240182
0.0900016 0.358493 0.189547 0.0844802 0.157976 0.119502
0.174365 0.08677 0.548724 0.0480483 0.0522619 0.0898315
0.201314 0.399528 0.236673 9.9991E-05 0.032544 0.12984
9.9982E-05 0.156981 0.561119 0.175887 0.105814 9.9982E-05
0.423308 0.0158588 0.407781 0.0643005 9.9991E-05 0.0886526
0.388514 0.0632447 0.387137 0.142935 9.9991E-05 0.0180701
0.277437 0.0825932 0.519804 0.0724833 0.00890937 0.0387727
0.404001 0.498674 0.0843525 0.012773 9.9982E-05 9.9982E-05
0.213302 0.43082 0.279402 0.0762765 9.9982E-05 9.9982E-05
0.135726 9.9982E-05 0.720221 0.0741833 0.0696693 9.9982E-05
0.200973 9.9982E-05 0.684526 0.00294044 9.9982E-05 0.111361
0.318436 0.00281094 0.509842 0.168711 9.9982E-05 9.9982E-05
0.171705 0.0528034 0.566362 0.160631 9.9991E-05 0.0483979
0.0660674 0.151691 0.605767 0.0875252 0.0888494 9.9991E-05
0.268423 0.395657 0.00154614 0.217773 0.0605525 0.0560481
9.99641E-05 9.99641E-05 0.786259 9.99641E-05 0.213341 9.99641E-05
0.0533227 0.0887522 0.606583 0.0568108 0.194431 9.9991E-05
0.0211897 0.237568 0.695882 9.99821E-05 9.99821E-05 0.0451608
0.556924 9.9982E-05 0.346051 0.0505409 9.9982E-05 0.0462837
0.121704 0.408827 0.166196 0.0274931 9.9991E-05 0.27568
0.238783 0.153315 0.452445 9.9991E-05 0.0578278 0.0975292
0.382897 0.0224709 0.540344 9.9991E-05 0.0475134 0.00667461
0.127446 0.085845 0.62065 0.103461 9.9991E-05 0.0624982
0.239233 0.299772 0.34381 0.0300798 9.9991E-05 0.0870055
0.38807 0.0945479 0.403619 9.9982E-05 0.113563 9.9982E-05
9.99731E-05 0.0994686 9.99731E-05 0.886981 0.0132501 9.99731E-05
9.99731E-05 9.99731E-05 0.230521 0.741645 0.027534 9.99731E-05
0.13512 0.278354 0.0290639 0.452086 0.0713889 0.0339874
0.173268 0.101487 9.9982E-05 0.683261 9.9982E-05 0.0417834
9.9973E-05 9.9973E-05 9.9973E-05 0.862082 0.0131065 0.124512
0.244815 9.9982E-05 9.9982E-05 0.599418 0.0958838 0.0596835
9.9964E-05 0.231921 9.9964E-05 0.767679 9.9964E-05 9.9964E-05
0.162486 0.158514 0.110717 0.568082 9.9982E-05 9.9982E-05
0.0662553 9.99731E-05 0.0503246 0.88312 9.99731E-05 9.99731E-05
0.0456348 9.9982E-05 0.0390249 0.808268 0.106873 9.9982E-05
9.996E-05 9.996E-05 9.996E-05 0.9995 9.996E-05 9.996E-05
9.9973E-05 9.9973E-05 0.00765679 0.991562 0.000481612 9.9973E-05
0.1027 0.275408 0.135049 0.471625 0.0151181 9.9991E-05
9.9973E-05 9.9973E-05 0.0305523 0.924499 0.0446492 9.9973E-05
9.9982E-05 0.343902 0.185446 0.2996 0.170852 9.9982E-05
9.9973E-05 0.0811995 9.9973E-05 0.661953 9.9973E-05 0.256548
0.0210799 0.355809 9.9991E-05 0.473198 0.017864 0.131949
0.0306317 9.9982E-05 0.161252 0.685925 0.121991 9.9982E-05
9.9982E-05 9.9982E-05 0.216348 0.657215 0.117975 0.00826267
9.9973E-05 9.9973E-05 0.260321 0.728802 9.9973E-05 0.0105774
0.0239888 0.049818 9.9991E-05 0.617329 0.0519325 0.256831
0.171732 9.9973E-05 9.9973E-05 0.785318 0.0426501 9.9973E-05
0.0811016 0.0347352 9.9973E-05 0.883863 9.9973E-05 9.9973E-05
9.9982E-05 0.119383 0.0220142 0.841444 0.0169584 9.9982E-05
9.99731E-05 0.153532 9.99731E-05 0.741562 9.99731E-05 0.104606
9.9973E-05 0.0218198 9.9973E-05 0.941879 9.9973E-05 0.0360009
9.9973E-05 9.9973E-05 0.15184 0.631625 9.9973E-05 0.216235
9.9973E-05 0.0532483 9.9973E-05 0.871775 9.9973E-05 0.0746772
0.029509 9.9982E-05 0.164022 0.743406 0.0628633 9.9982E-05
0.0118135 9.9982E-05 9.9982E-05 0.787948 0.114214 0.0858236
0.127101 9.9973E-05 9.9973E-05 0.698878 9.9973E-05 0.173721
0.210903 9.99731E-05 0.0405979 0.748199 9.99731E-05 9.99731E-05
9.99731E-05 9.99731E-05 0.00522926 0.880151 9.99731E-05 0.11432
9.9982E-05 0.0358738 0.0348511 0.911059 0.0180162 9.9982E-05
0.0103382 0.124269 9.9982E-05 0.852603 9.9982E-05 0.0125902
0.127695 0.0622169 0.101257 0.67106 0.037671 9.9991E-05
9.9973E-05 0.251857 9.9973E-05 0.741594 9.9973E-05 0.0062486
0.0280821 0.119003 0.180566 0.662639 0.00961086 9.9991E-05
0.121989 9.9982E-05 0.353159 0.0812444 9.9982E-05 0.443408
9.9982E-05 0.17761 0.603639 9.9982E-05 0.111385 0.107166
0.193616 0.0712787 0.675616 9.9991E-05 0.01099 0.0483993
0.17601 0.0171928 0.425643 0.0564865 9.9991E-05 0.324568
9.9982E-05 0.459269 0.421016 0.0280964 9.9982E-05 0.0914191
0.0102994 0.096985 0.505563 0.0143707 0.170295 0.202487
0.344051 0.427804 0.104891 9.99821E-05 9.99821E-05 0.123054
0.167061 0.273021 0.441858 0.00957947 0.0865057 0.0219751
0.00328556 0.107556 0.475578 0.0230904 0.109258 0.281232
9.9991E-05 0.385065 0.248579 0.11244 0.115147 0.138669
0.123088 0.146039 0.172467 9.99821E-05 9.99821E-05 0.558207
9.9982E-05 0.218258 0.481661 0.162976 9.9982E-05 0.136905
0.0672719 0.526456 0.372028 9.9982E-05 9.9982E-05 0.0340449
0.206769 0.0666834 0.509122 0.144475 9.9991E-05 0.0728506
0.0612995 9.9991E-05 0.482468 0.147281 0.0150505 0.2938
9.99731E-05 0.425282 0.270772 9.99731E-05 9.99731E-05 0.303646
0.119429 0.279893 0.365478 0.0093835 9.9991E-05 0.225716
0.0153149 9.9991E-05 0.197461 0.0481038 0.180819 0.558201
0.0915111 0.0727437 0.625623 9.9982E-05 9.9982E-05 0.209922
9.9982E-05 9.9982E-05 0.466148 0.0203967 0.192937 0.320317
9.9991E-05 0.0666032 0.516811 0.174897 0.102912 0.138677
0.0391078 0.218719 0.23132 0.173621 9.9991E-05 0.337132
0.0407916 0.46165 0.113907 0.180219 0.0071819 0.196251
0.251812 0.312884 0.264654 0.076608 0.00236693 0.0916755
0.135778 0.317242 0.445044 9.9982E-05 9.9982E-05 0.101735
9.9973E-05 9.9973E-05 0.683384 9.9973E-05 0.0654076 0.250909
0.104061 0.160496 0.128207 0.149002 9.9991E-05 0.458135
0.0576846 9.99731E-05 0.514348 9.99731E-05 9.99731E-05 0.427668
0.104127 0.0901237 0.512301 0.013683 9.9991E-05 0.279665
9.9982E-05 0.223482 0.537984 9.9982E-05 0.160919 0.0774155
0.113793 0.0995352 0.38543 0.0302929 9.9991E-05 0.370849
0.219335 9.9991E-05 0.569795 0.0915494 0.0690201 0.0502
9.9982E-05 0.208867 0.187436 9.9982E-05 0.239197 0.3643
9.9982E-05 0.489057 0.207436 9.9982E-05 0.0656012 0.237706
0.10066 0.0367027 0.725092 9.9991E-05 0.0529128 0.0845323
0.169271 0.518538 0.0652706 0.0596554 9.9991E-05 0.187165
0.0978266 0.177313 0.416295 9.9982E-05 9.9982E-05 0.308365
0.0547841 0.124151 0.340256 9.9991E-05 0.0901853 0.390524
9.9982E-05 0.0103966 0.435553 9.9982E-05 0.0515394 0.502311
0.0824976 0.404793 0.240691 9.99821E-05 9.99821E-05 0.271818
0.0182093 0.513506 0.317427 0.0254317 9.9991E-05 0.125326
0.138678 0.274099 0.220194 9.99821E-05 9.99821E-05 0.366829
9.9991E-05 0.206045 0.237526 0.0686519 0.105832 0.381845
9.9982E-05 0.236572 0.527307 0.032714 9.9982E-05 0.203207
0.291797 0.151219 0.43694 0.0699581 0.00243093 0.0476549
9.9991E-05 0.126346 0.379438 0.0914171 0.149191 0.253508
0.221699 0.15378 0.242044 0.0381956 9.9991E-05 0.344182
0.00234691 0.435494 0.163154 0.125128 9.9991E-05 0.273777
0.481599 9.9964E-05 0.518001 9.9964E-05 9.9964E-05 9.9964E-05
0.216381 0.0430549 0.247198 9.9982E-05 9.9982E-05 0.493166
0.152733 0.0478816 0.577544 0.0479781 0.116945 0.0569191
0.11662 0.160941 0.630239 0.0920001 9.99821E-05 9.99821E-05
0.0624383 0.212335 0.349798 0.0930498 0.0194791 0.2629
0.220132 0.193384 0.234712 0.134001 9.9991E-05 0.217672
0.0145822 0.167275 0.797371 9.99821E-05 9.99821E-05 0.0205713
9.9991E-05 0.35636 0.220946 0.0594692 0.0207252 0.3424
9.9991E-05 0.20416 0.249217 0.0877699 0.00335171 0.455401
0.219152 0.118727 0.38264 0.0110233 9.9991E-05 0.268357
9.9991E-05 0.0855426 0.139208 0.0516688 0.0168998 0.706581
0.0913399 0.06443 0.464423 0.000653928 0.0549534 0.3242
0.224926 0.186129 0.541787 0.0369064 9.9991E-05 0.0101506
0.0609369 0.250945 0.183254 0.200425 0.144603 0.159835
0.0743988 0.172662 0.463039 0.0657781 0.0381737 0.185949
0.284411 0.183627 0.254067 0.0261863 9.9991E-05 0.251609
0.068066 0.439798 0.350189 9.9991E-05 0.117218 0.0246286
0.0205358 0.082516 0.570646 9.9982E-05 9.9982E-05 0.326102
0.0422534 0.405278 0.204317 9.9991E-05 0.0677321 0.280319
0.0370458 0.428095 0.207384 0.0815386 0.0795384 0.166399
9.9982E-05 0.216762 0.394088 0.0979755 9.9982E-05 0.290974
0.260925 9.9982E-05 0.462173 9.9982E-05 0.0420042 0.234698
0.0496984 0.365708 0.274002 0.0985303 9.9991E-05 0.211961
0.144018 0.300271 0.276844 0.168178 9.9991E-05 0.110588
9.9982E-05 9.9982E-05 0.407935 0.136157 0.105926 0.349783
9.9991E-05 0.120415 0.446028 0.0915736 0.123355 0.218528
0.325284 9.9991E-05 0.225267 0.100392 0.10335 0.245608
0.0924159 0.161914 0.468623 0.0537338 0.0306959 0.192618
9.9982E-05 0.193686 0.17343 9.9982E-05 0.13896 0.493725
0.03544 0.230779 0.194487 0.142338 0.144743 0.252213
0.00448274 0.281749 0.157578 0.0902316 0.193099 0.272859
9.9991E-05 0.35234 0.320379 0.0265854 0.122929 0.177667
9.9991E-05 0.38047 0.344515 0.0503404 0.050255 0.174319
0.154591 0.172332 0.234754 0.160442 9.9991E-05 0.277781
0.169678 0.638907 0.0643956 9.9982E-05 9.9982E-05 0.126819
0.299643 0.244462 0.0710718 0.00572005 9.9991E-05 0.379003
0.206694 9.9991E-05 0.299747 0.149377 0.0917115 0.252371
9.9991E-05 0.125278 0.388672 0.0958028 0.0479697 0.342178
0.273807 0.116005 0.249244 0.0996928 9.9991E-05 0.261151
9.9991E-05 0.239773 0.504678 0.014949 0.122156 0.118344
9.99821E-05 0.219285 0.60545 0.0644969 9.99821E-05 0.110569
