0.129715 0.0927821 9.9973E-05 0.0754773 0.0451349 9.9973E-05 0.636311 0.0104252 0.00985427 9.9973E-05
9.9973E-05 0.0603625 0.067405 0.0247605 9.9973E-05 0.0152449 0.62695 0.102986 9.9973E-05 0.101992
9.9973E-05 0.0589606 0.0563421 9.9973E-05 0.179027 0.000490186 0.582613 0.0726505 9.9973E-05 0.0496164
0.113964 9.9973E-05 0.00185141 0.172945 0.172658 9.9973E-05 0.482231 0.00152879 9.9973E-05 0.0545214
0.00806058 0.0730903 9.9982E-05 0.0332199 0.164291 0.010431 0.693911 9.9982E-05 0.0139903 0.00280616
0.171559 0.0579144 9.9973E-05 0.0111638 9.9973E-05 0.0449541 0.596248 0.0862136 9.9973E-05 0.031647
9.9964E-05 0.042988 0.00445359 9.9964E-05 9.9964E-05 9.9964E-05 0.798869 0.107722 0.0356061 0.0099614
9.9982E-05 0.0597078 0.00135689 0.0237934 9.9982E-05 0.0453417 0.713381 0.0484312 0.0560218 0.0517665
9.9973E-05 0.0926405 9.9973E-05 0.060279 9.9973E-05 0.0235252 0.692504 0.0462275 0.00825023 0.0762741
9.9955E-05 0.00125835 9.9955E-05 0.0236232 0.145954 9.9955E-05 0.763679 0.0649861 9.9955E-05 9.9955E-05
0.130071 9.9955E-05 9.9955E-05 9.9955E-05 0.0999743 9.9955E-05 0.636986 0.0354506 9.9955E-05 0.0970178
0.16291 0.0485772 0.0438984 9.9964E-05 0.0528799 9.9964E-05 0.678131 0.0132039 9.9964E-05 9.9964E-05
9.9973E-05 0.00912799 0.0531682 0.103591 9.9973E-05 0.00830392 0.678801 0.0897177 0.05699 9.9973E-05
0.0605546 0.0315862 0.0770798 9.9973E-05 9.9973E-05 9.9973E-05 0.685769 0.0631919 0.00588853 0.0756299
9.9964E-05 9.9964E-05 0.067045 9.9964E-05 0.326889 0.0505052 0.482554 9.9964E-05 0.0241853 0.0484216
9.9982E-05 0.0841467 0.0191589 0.0546029 0.0505697 0.0135361 0.693276 0.0730635 0.0114465 9.9982E-05
0.064243 0.0963006 0.0333516 0.00315536 9.9982E-05 0.0199143 0.681778 0.0390699 9.9982E-05 0.0619869
9.9982E-05 0.0605285 0.0106729 0.0389507 0.289662 0.0078974 0.496506 0.0192084 0.0763742 9.9982E-05
0.0684708 0.0440933 9.9982E-05 0.046605 0.0678493 9.9982E-05 0.637388 0.0715076 0.0106979 0.0531886
0.0204885 0.0392892 0.0182715 0.0580066 0.0422557 0.0155273 0.741697 0.0423634 9.9991E-05 0.0220012
0.0379817 0.0176945 0.0472577 0.112289 0.0932104 0.0743697 0.505525 0.0426528 0.0689195 9.9991E-05
0.163904 9.9964E-05 9.9964E-05 9.9964E-05 0.0144631 0.000467668 0.779568 9.9964E-05 0.0263536 0.0148443
0.0845782 0.052981 0.0325791 9.9982E-05 0.13538 0.0521913 0.583877 0.00727224 9.9982E-05 0.0509405
9.9964E-05 0.0677589 9.9964E-05 9.9964E-05 0.0956949 0.0514512 0.675173 9.9964E-05 0.0484085 0.0611134
9.9964E-05 0.0399506 0.0187883 0.0786346 0.0640805 9.9964E-05 0.752046 0.0461001 9.9964E-05 9.9964E-05
0.0336952 0.0274895 0.0119438 0.031241 0.690688 0.0335023 0.0618258 9.9991E-05 0.0487195 0.060795
0.00368465 0.111251 0.0099142 9.9982E-05 0.464954 9.9982E-05 0.265148 0.00995655 0.109495 0.025396
0.0181229 0.0233186 0.0500127 0.101852 0.596458 0.0106758 0.100799 0.0772648 0.0213971 9.9991E-05
0.117075 0.0605991 0.00964592 0.0310899 0.437017 0.0730305 0.224458 0.00710558 9.9991E-05 0.0398796
0.0730039 0.0126513 0.0161652 9.9982E-05 0.641558 9.9982E-05 0.149825 0.0454501 0.0535432 0.00760263
0.0884842 0.0731086 0.09761 0.0280573 0.588734 9.9973E-05 9.9973E-05 0.0474304 9.9973E-05 0.0762755
0.0832265 0.0879218 0.0477785 0.00451561 0.572708 9.9991E-05 0.0962154 0.00486312 0.0817765 0.0208941
0.146609 0.106708 0.0106369 0.0413541 0.415617 0.053839 0.0800261 0.0693113 0.0605831 0.0153161
0.124676 9.9982E-05 0.0246343 0.0315476 0.67026 0.0195009 9.9982E-05 0.0435197 0.0657462 0.0199152
0.107381 0.0197799 9.9982E-05 0.0779865 0.674079 0.0407494 0.0624381 0.00625905 9.9982E-05 0.011127
0.0994424 9.9973E-05 0.0212751 0.051462 0.784187 9.9973E-05 0.0240996 9.9973E-05 0.0104452 0.00878835
0.172494 0.00113576 0.0382562 9.9964E-05 0.587954 9.9964E-05 0.194018 9.9964E-05 9.9964E-05 0.00574258
0.0446119 0.0453018 0.018612 0.0290367 0.525303 0.0261879 0.159992 9.9991E-05 0.113094 0.0377609
0.0428978 0.0731017 0.031037 0.00282627 0.555682 9.9982E-05 0.212417 9.9982E-05 0.0523338 0.0295045
0.162476 0.115685 0.00734923 0.0693677 0.62245 0.0222717 9.9964E-05 9.9964E-05 9.9964E-05 9.9964E-05
0.00922025 0.022311 0.0325466 0.0606612 0.737207 0.0140751 9.9982E-05 0.0833375 0.0404416 9.9982E-05
9.9964E-05 0.0549521 9.9964E-05 0.065494 0.735372 0.0123014 0.0383749 9.9964E-05 0.0931059 9.9964E-05
9.9973E-05 0.0250722 0.0188565 0.04096 0.752856 9.9973E-05 0.0933155 9.9973E-05 0.0426984 0.0259411
9.9973E-05 0.07046 0.017793 0.0236303 0.734542 9.9973E-05 0.0503447 0.0735893 9.9973E-05 0.0293412
0.112369 0.00419172 0.0119701 0.00473213 0.651487 0.0219376 0.155808 0.0373048 9.9982E-05 9.9982E-05
0.269152 0.0471475 9.9982E-05 0.0135011 0.0048409 0.099392 0.107025 0.286843 0.1719 9.9982E-05
0.34238 0.0559473 0.0524076 9.9973E-05 9.9973E-05 0.0783682 0.0618815 0.208329 0.200386 9.9973E-05
0.397281 0.0771142 0.0617661 9.9973E-05 9.9973E-05 0.00690089 9.9973E-05 0.317253 0.135807 0.00357799
0.348701 0.00456885 9.9982E-05 0.0342017 0.0609167 0.107339 0.0184154 0.320117 0.10554 9.9982E-05
0.422687 9.9964E-05 0.050488 9.9964E-05 0.0734982 0.0147796 9.9964E-05 0.263711 0.174436 9.9964E-05
0.312315 0.00952923 9.9982E-05 9.9982E-05 0.0549781 0.0485549 0.0283377 0.340609 0.158831 0.0466441
0.358632 0.106859 0.0158651 9.9955E-05 9.9955E-05 9.9955E-05 9.9955E-05 0.423145 0.0949989 9.9955E-05
0.360879 9.9982E-05 0.0646503 9.9982E-05 0.108365 0.0521432 0.00328504 0.251828 0.0904747 0.0681747
0.395607 9.9991E-05 0.0366908 0.0148346 0.098374 0.132582 0.017583 0.197032 0.093347 0.0138497
0.494373 9.99549E-05 9.99549E-05 9.99549E-05 0.0943401 0.0130736 9.99549E-05 0.299893 0.0978204 9.99549E-05
0.398612 0.11195 0.00147751 9.9982E-05 9.9982E-05 0.0378298 0.0398572 0.258822 0.134116 0.017135
0.287354 0.00149123 9.9973E-05 9.9973E-05 0.189563 0.144822 0.0256513 0.314228 0.0365903 9.9973E-05
0.494667 9.9973E-05 0.0577806 0.0564093 9.9973E-05 0.0590323 9.9973E-05 0.284585 0.0280751 0.0191508
0.510221 0.0218055 0.0255856 9.9964E-05 9.9964E-05 0.0920215 9.9964E-05 0.262599 0.0873684 9.9964E-05
0.360819 0.0749573 9.9955E-05 9.9955E-05 9.9955E-05 0.0292915 9.9955E-05 0.354599 0.179834 9.9955E-05
0.518728 9.9946E-05 9.9946E-05 9.9946E-05 9.9946E-05 0.0870276 9.9946E-05 0.347538 0.0461064 9.9946E-05
0.449753 0.00556446 0.0240294 9.9973E-05 0.0124325 0.0235358 9.9973E-05 0.428958 0.0554269 9.9973E-05
0.344362 0.123776 9.9982E-05 0.0203286 0.0176162 0.15561 0.0535368 0.141649 0.142922 9.9982E-05
0.452011 0.069347 0.0332582 9.9982E-05 0.00902521 0.0845475 0.0775011 0.248019 0.0260909 9.9982E-05
0.236552 0.0990579 9.9973E-05 9.9973E-05 0.0965751 0.0466884 0.0375576 0.298854 0.184414 9.9973E-05
0.397429 9.9973E-05 0.0268557 9.9973E-05 0.0768801 0.0144444 9.9973E-05 0.320617 0.160931 0.0025419
0.248654 0.0170829 0.0519789 9.9982E-05 9.9982E-05 0.0303595 0.113002 0.395391 0.130993 0.0123392
0.242031 0.0547558 0.0451267 0.0204475 9.9991E-05 0.0871301 0.140864 0.300232 0.0656853 0.0436283
0.382776 0.0539318 9.9973E-05 0.038355 9.9973E-05 0.0513474 0.0949652 0.317892 0.0604327 9.9973E-05
0.32127 0.0181624 0.00266122 0.0721533 0.122253 0.0517197 0.0847289 0.304824 9.9991E-05 0.022127
0.30662 9.9973E-05 0.0188926 0.0356422 9.9973E-05 0.0775347 0.0200586 0.429645 0.111307 9.9973E-05
0.318446 0.00714749 0.0736763 0.014283 0.0731003 0.0341795 0.0899556 0.322029 0.0670828 9.9991E-05
0.454069 9.9964E-05 9.9964E-05 0.0277616 0.0856314 0.0902196 9.9964E-05 0.294657 0.0472615 9.9964E-05
0.129261 0.167686 0.0288065 0.0565871 9.9991E-05 0.126343 0.107375 0.264613 0.0924751 0.0267528
0.425171 0.067701 0.00561804 9.9973E-05 9.9973E-05 0.130007 0.0329057 0.25773 0.0805675 9.9973E-05
0.381575 0.137303 9.9946E-05 9.9946E-05 9.9946E-05 0.0794573 9.9946E-05 0.401066 9.9946E-05 9.9946E-05
0.331288 0.0784192 9.9982E-05 0.0492109 0.0527317 0.058051 9.9982E-05 0.1578 0.236019 0.0362795
0.488152 9.9973E-05 9.9973E-05 9.9973E-05 0.00186203 0.00998939 0.0754349 0.279843 0.058132 0.0862869
0.335625 0.00761125 9.9973E-05 9.9973E-05 0.0860944 0.103441 0.0264643 0.388877 9.9973E-05 0.0515868
0.42979 0.0553918 0.0339413 0.0626559 9.9982E-05 0.050803 0.0488795 0.240412 0.0779271 9.9982E-05
0.553028 0.0449187 0.0498895 9.9973E-05 9.9973E-05 0.0893722 0.0070795 0.250909 0.00450288 9.9973E-05
0.295451 0.0308541 9.9973E-05 9.9973E-05 0.122938 0.177767 0.0479276 0.184885 0.139878 9.9973E-05
0.361793 0.0763178 0.0672744 9.9982E-05 0.24954 0.0676291 9.9982E-05 0.0078872 0.114936 0.0544217
0.2232 9.9964E-05 9.9964E-05 0.0206349 9.9964E-05 0.185653 0.116047 0.281583 0.172482 9.9964E-05
0.335407 0.100085 0.042744 9.9982E-05 0.210195 0.0727068 9.9982E-05 0.141784 0.0347727 0.0621053
0.331748 0.11404 0.0215674 9.9982E-05 0.0285423 0.0466201 0.00747562 0.364699 0.0851069 9.9982E-05
0.31674 0.0918168 0.0372966 9.9991E-05 0.0521484 0.179422 0.0965226 0.155482 0.053065 0.0174067
0.395094 0.098038 0.0296465 9.9973E-05 9.9973E-05 0.0673298 0.0201308 0.276415 0.113047 9.9973E-05
0.313975 9.9973E-05 0.0386952 0.0920843 9.9973E-05 0.126666 0.0339661 0.253307 0.141007 9.9973E-05
0.435393 9.9982E-05 0.0169895 0.0304163 0.0140145 0.104941 0.0488931 0.29736 0.0517935 9.9982E-05
0.340753 0.0507892 0.0694527 0.0240845 0.12416 0.0367061 0.33451 9.9982E-05 0.0193438 9.9982E-05
0.329563 9.9982E-05 0.0583132 0.0667338 0.267493 9.9982E-05 0.199657 0.0151221 0.0619868 0.00093078
0.154046 0.0661164 0.0258662 0.0299752 0.305564 0.0254889 0.326983 0.0264936 0.0295947 0.00987248
0.312437 9.9982E-05 0.0460065 0.0910067 0.256451 0.0437515 0.190524 9.9982E-05 0.0294774 0.0301448
0.302566 0.0403044 0.0591507 9.9955E-05 0.330834 9.9955E-05 0.266646 9.9955E-05 9.9955E-05 9.9955E-05
0.231558 9.9973E-05 0.00523465 0.0639791 0.290946 0.0129448 0.271104 9.9973E-05 0.123934 9.9973E-05
0.317849 0.133976 0.0350621 0.085172 0.220476 9.9973E-05 0.174354 9.9973E-05 0.0328108 9.9973E-05
0.30845 0.0704632 0.0715999 9.9973E-05 0.311973 9.9973E-05 0.200445 9.9973E-05 0.0352021 0.00156697
0.317432 0.102629 0.0249958 9.9955E-05 0.29412 9.9955E-05 0.260324 9.9955E-05 9.9955E-05 9.9955E-05
0.478297 0.0787926 0.0203781 9.9973E-05 0.0129882 9.9973E-05 0.398145 9.9973E-05 0.0044496 0.00664932
0.429331 0.0215219 0.0587255 0.0070256 0.0915637 9.9982E-05 0.312574 9.9982E-05 0.060696 0.018362
0.297079 9.9973E-05 0.0492275 0.00549079 0.272894 0.0179071 0.276518 9.9973E-05 9.9973E-05 0.0805842
0.276789 0.101978 0.0284848 0.0239004 0.120895 0.0399321 0.32214 9.9991E-05 0.0451199 0.0406603
0.373125 0.0451764 0.00921713 0.0177093 0.163866 9.9973E-05 0.375277 9.9973E-05 9.9973E-05 0.0153293
0.486829 0.135132 0.00998088 0.00950181 0.162624 9.9973E-05 0.117726 9.9973E-05 0.0779062 9.9973E-05
0.465667 9.9946E-05 9.9946E-05 9.9946E-05 0.170105 0.0139562 0.349672 9.9946E-05 9.9946E-05 9.9946E-05
0.489996 9.9982E-05 0.0472102 0.0191097 0.048117 0.0240412 0.345102 0.0170353 0.00918902 9.9982E-05
0.468744 0.0597044 0.0367547 0.0139509 0.0997338 9.9982E-05 0.280492 0.0386701 9.9982E-05 0.00175027
0.288587 0.121552 0.00156977 9.9973E-05 0.416987 0.0213557 0.137763 9.9973E-05 0.0118859 9.9973E-05
0.396687 0.0215974 0.0477232 9.9982E-05 0.236561 0.0389438 0.252979 0.00230994 9.9982E-05 0.00299868
0.527079 0.0898924 9.9973E-05 0.0587906 0.0982564 9.9973E-05 0.205999 0.00298819 9.9973E-05 0.0166947
0.242785 0.0951909 0.0366183 9.9973E-05 0.293839 9.9973E-05 0.169723 0.120294 9.9973E-05 0.0412491
0.427229 0.00484234 9.9973E-05 0.0403552 0.0561103 0.0406322 0.388726 9.9973E-05 9.9973E-05 0.041804
0.468449 0.00654339 0.0104367 0.0659843 9.9964E-05 9.9964E-05 0.409059 9.9964E-05 9.9964E-05 0.0391276
0.357006 9.9964E-05 0.0149445 0.122746 0.0587067 9.9964E-05 0.375167 9.9964E-05 0.0710306 9.9964E-05
0.285527 0.0743246 9.9964E-05 0.0871963 0.163502 9.9964E-05 0.370981 9.9964E-05 0.01807 9.9964E-05
0.287827 0.00607761 9.9964E-05 9.9964E-05 0.162582 0.00230955 0.519997 9.9964E-05 9.9964E-05 0.0208072
0.357169 9.9955E-05 9.9955E-05 9.9955E-05 0.182146 9.9955E-05 0.433379 0.0107115 9.9955E-05 0.0160949
0.36432 9.9955E-05 9.9955E-05 0.118063 0.0249649 9.9955E-05 0.482487 9.9955E-05 9.9955E-05 0.00966538
0.334606 9.9955E-05 0.0153539 9.9955E-05 0.0394491 0.0792683 0.530823 9.9955E-05 9.9955E-05 9.9955E-05
0.355661 9.9964E-05 9.9964E-05 0.037402 0.212539 9.9964E-05 0.286376 0.0688945 9.9964E-05 0.0387269
0.383964 0.046553 0.054774 0.0824751 9.9982E-05 0.0168405 0.394289 9.9982E-05 0.0118349 0.00906935
0.292694 0.111825 9.9955E-05 9.9955E-05 0.0400057 9.9955E-05 0.528735 9.9955E-05 9.9955E-05 0.0262413
0.475473 9.9937E-05 9.9937E-05 0.0165955 9.9937E-05 9.9937E-05 0.507232 9.9937E-05 9.9937E-05 9.9937E-05
0.455317 0.0573934 0.000878733 0.0683804 0.00214966 9.9973E-05 0.406476 9.9973E-05 9.9973E-05 0.00910498
0.390026 9.9955E-05 0.055382 9.9955E-05 0.166487 9.9955E-05 0.352326 9.9955E-05 9.9955E-05 0.0352797
0.444046 0.0351516 9.9973E-05 0.0434754 9.9973E-05 0.00292107 0.40969 0.0121457 9.9973E-05 0.0522702
0.319905 9.9973E-05 9.9973E-05 0.030382 0.116515 9.9973E-05 0.374872 0.055429 0.0127356 0.0898619
0.414025 0.0087114 0.0206351 0.0229147 0.11878 9.9964E-05 0.414535 9.9964E-05 9.9964E-05 9.9964E-05
0.412542 9.9946E-05 9.9946E-05 9.9946E-05 0.0672391 9.9946E-05 0.475757 9.9946E-05 0.0438618 9.9946E-05
0.469502 9.9964E-05 0.0475688 0.143103 0.0210598 9.9964E-05 0.314953 9.9964E-05 0.00341257 9.9964E-05
0.3139 0.0777123 0.0468245 9.9982E-05 0.0748226 9.9982E-05 0.336022 0.0362483 0.0162538 0.0980158
0.238772 0.0688819 0.0446182 0.0683981 0.129421 0.0116076 0.405831 9.9982E-05 9.9982E-05 0.0322697
0.275 0.103981 0.0460031 0.036981 0.0520169 0.073104 0.325023 9.9982E-05 9.9982E-05 0.0876902
0.261883 0.0715229 0.0256677 0.0600523 0.0105955 0.0076881 0.428113 9.9991E-05 0.0164783 0.1179
0.469352 0.0737013 0.0219818 0.0295135 0.21603 9.9991E-05 0.0245606 0.110615 0.0468253 0.00732111
0.386652 0.0846228 0.0444736 9.9982E-05 0.285312 0.026353 9.9982E-05 0.0873347 0.0625564 0.0224954
0.403766 0.169064 9.9973E-05 0.0477677 0.210745 0.0336143 9.9973E-05 0.0481139 0.086629 9.9973E-05
0.285263 0.120253 0.0560946 0.0643623 0.159852 0.0258323 0.050155 0.035393 0.177337 0.0254578
0.461189 0.225197 9.9973E-05 9.9973E-05 0.000188036 9.9973E-05 0.10332 0.0363834 0.0638911 0.109532
0.226921 0.181281 9.9982E-05 0.076473 0.230796 9.9982E-05 0.0811725 0.0586643 0.0932524 0.0512398
0.327858 0.152937 0.0624566 0.0411447 0.216738 0.0150264 0.0177668 0.00435938 0.0930888 0.0686244
0.25305 0.159594 0.0142025 9.9982E-05 0.274217 0.0611335 0.0992445 9.9982E-05 0.0750287 0.0633301
0.15204 0.213267 0.0018153 9.9964E-05 0.3244 9.9964E-05 0.0714537 9.9964E-05 0.236624 9.9964E-05
0.394094 0.104609 0.0408822 0.0485167 0.241139 0.0177996 0.00989702 0.113274 9.9991E-05 0.0296889
0.532643 0.0325848 0.0265506 0.0918857 0.157559 0.0355821 9.9982E-05 0.0526104 0.0703851 9.9982E-05
0.424305 0.0909331 0.00515976 0.0313 0.293821 9.9973E-05 9.9973E-05 9.9973E-05 0.13997 0.0142106
0.479004 0.127084 0.0131898 0.0032573 0.135409 0.0334171 0.0402491 0.0413255 0.0510248 0.0760387
0.272831 0.0381541 0.0227763 0.0553579 0.24746 0.0815129 0.11738 0.0280374 0.0666849 0.0698061
0.261005 0.175093 0.0289585 9.9991E-05 0.1858 0.022008 0.127576 0.0676946 0.100551 0.0312145
0.440683 0.0568615 0.0217365 0.0398925 0.291227 9.9973E-05 9.9973E-05 9.9973E-05 0.130134 0.0191655
0.366871 0.159872 9.9991E-05 0.013409 0.265051 0.0794428 0.045198 0.000871716 0.0193084 0.0498763
0.329322 0.058703 0.0294124 0.064117 0.106684 0.0784212 0.17615 0.0180184 0.108258 0.0309139
0.449404 0.104891 0.0922339 0.075466 0.138056 9.9973E-05 9.9973E-05 9.9973E-05 0.121386 0.0182632
0.307218 0.0964719 0.0551135 0.0687941 0.11055 9.9991E-05 0.0718775 0.0792652 0.143766 0.0668437
0.38028 0.132784 0.0784988 9.9964E-05 0.282036 0.112697 9.9964E-05 0.0133052 9.9964E-05 9.9964E-05
0.514583 0.00797149 0.0389106 9.9991E-05 0.196667 0.0350965 0.0126414 0.051017 0.131084 0.0119288
0.190587 0.1269 0.0396666 9.9982E-05 0.194867 0.0622049 0.122053 0.0812857 0.182237 9.9982E-05
0.521105 0.0950871 0.0231935 9.9982E-05 0.173433 9.9982E-05 0.0691862 0.0645939 0.0405515 0.0126498
0.59431 0.156774 0.00497086 0.0185781 0.119596 9.9973E-05 9.9973E-05 9.9973E-05 0.0264511 0.0790205
0.524198 0.13343 9.9973E-05 9.9973E-05 0.199636 0.0141737 9.9973E-05 0.0468103 0.0448051 0.0366474
0.441039 0.0661936 0.000145628 0.00486066 0.342683 0.065394 9.9991E-05 0.00657393 0.0556167 0.0173936
0.27989 0.21125 9.99908E-05 0.130259 0.0208219 0.02899 0.188167 9.99908E-05 0.137331 0.00309144
0.382426 0.0396142 0.0871785 0.0304145 0.108566 0.02368 0.0763022 9.9991E-05 0.18177 0.0699485
0.492855 0.0985768 0.117392 0.0671572 0.123584 9.9973E-05 9.9973E-05 0.0650991 0.0350366 9.9973E-05
0.460577 0.0742987 0.0339934 9.9991E-05 0.259723 0.000358616 0.0157181 0.0660955 0.0646558 0.0244798
0.385414 0.0987643 0.0501284 0.0210712 0.254891 0.0232208 9.9991E-05 0.0404958 0.0689834 0.056932
0.449129 0.00725047 0.0895179 0.06678 0.271769 9.9982E-05 9.9982E-05 0.0964004 0.012315 0.00663801
0.51254 0.155147 0.0014157 0.0684514 0.223296 9.9964E-05 9.9964E-05 9.9964E-05 0.0387501 9.9964E-05
0.318396 0.193659 0.0167707 9.9973E-05 0.229036 0.0721668 9.9973E-05 9.9973E-05 0.124505 0.0451671
0.419411 0.218985 9.9982E-05 0.00591017 0.138181 0.00588984 0.123238 0.049642 0.0385435 9.9982E-05
0.419998 0.0984187 0.0740908 0.0144534 0.208542 0.0462503 9.9982E-05 9.9982E-05 0.107586 0.0304615
0.387214 0.0769664 0.0831511 9.9973E-05 0.225166 0.0056328 9.9973E-05 9.9973E-05 0.155464 0.0661053
0.617984 0.190424 0.0106143 0.0107666 0.0971916 0.0505163 9.9982E-05 9.9982E-05 0.000241877 0.0220619
0.413317 0.0620728 0.0395052 0.0133917 0.201895 0.0412107 0.0488742 9.9991E-05 0.11403 0.0656024
0.341516 0.0874347 0.0715098 0.0871976 0.0819301 0.0292269 0.0796671 0.0682305 0.120971 0.0323158
0.490816 0.137731 0.0464175 9.9982E-05 9.9982E-05 0.00910681 0.136117 0.166287 0.00745566 0.00586815
0.461695 0.0374636 0.0750187 0.0127844 0.103163 0.0281621 0.0772031 0.0190819 0.163628 0.0218004
0.417208 0.0136405 0.105077 0.0148922 0.21893 9.9982E-05 9.9982E-05 0.0442717 0.120578 0.0652022
0.396038 0.159804 9.9982E-05 0.0140063 0.2931 0.0531661 9.9982E-05 0.0559387 0.027225 0.000521245
0.318873 0.17056 0.0543816 9.9991E-05 0.174907 0.0327458 0.111959 0.056047 0.0528025 0.0276239
0.405796 0.136175 0.000165674 0.0335204 0.173031 0.0169979 0.0254201 0.105525 0.0955607 0.00780763
9.9946E-05 9.9946E-05 9.9946E-05 9.9946E-05 0.0756416 0.691899 9.9946E-05 0.126378 0.105481 9.9946E-05
9.9982E-05 0.0457873 0.040221 0.0219086 9.9982E-05 0.692272 0.0564137 0.109211 0.0164455 0.0175417
9.9964E-05 0.00362434 0.0291161 0.0481299 9.9964E-05 0.896972 9.9964E-05 0.00573418 9.9964E-05 0.0160241
9.9946E-05 0.0140805 0.0212108 9.9946E-05 9.9946E-05 0.876629 9.9946E-05 0.0874802 9.9946E-05 9.9946E-05
0.0269596 0.0446488 0.0023166 9.9964E-05 9.9964E-05 0.798919 9.9964E-05 0.0700933 9.9964E-05 0.0566627
9.9964E-05 0.0022637 0.0531973 0.0262309 9.9964E-05 0.745312 9.9964E-05 0.125786 0.0468099 9.9964E-05
0.0630764 0.0640067 0.0178388 9.9982E-05 0.0208008 0.619735 9.9982E-05 0.0678817 0.117261 0.0291999
0.043431 9.9955E-05 0.018517 9.9955E-05 9.9955E-05 0.798262 9.9955E-05 0.0732809 0.0660097 9.9955E-05
9.9964E-05 0.0148652 0.0355045 9.9964E-05 0.0144263 0.835611 0.00228299 0.09691 9.9964E-05 9.9964E-05
9.9955E-05 9.9955E-05 9.9955E-05 0.0333109 9.9955E-05 0.858151 0.00611651 9.9955E-05 0.093134 0.00878824
9.9964E-05 9.9964E-05 9.9964E-05 0.0532794 0.100149 0.760631 9.9964E-05 0.00802646 0.0758426 0.00167243
0.024915 0.0280266 0.0147031 0.0587749 9.9973E-05 0.78729 0.0506599 9.9973E-05 0.0353309 9.9973E-05
9.9955E-05 9.9955E-05 9.9955E-05 0.0113485 9.9955E-05 0.81365 0.0528505 0.0988404 9.9955E-05 0.0228105
9.9955E-05 0.0202434 9.9955E-05 0.0163766 0.0172557 0.895889 9.9955E-05 0.049736 9.9955E-05 9.9955E-05
0.0923122 0.0505291 0.0351062 9.9955E-05 9.9955E-05 0.662258 9.9955E-05 0.159295 9.9955E-05 9.9955E-05
9.9946E-05 9.9946E-05 9.9946E-05 9.9946E-05 0.0149556 0.908221 9.9946E-05 0.0444619 0.0317623 9.9946E-05
9.9955E-05 0.0458201 9.9955E-05 9.9955E-05 9.9955E-05 0.796328 0.012565 0.136038 9.9955E-05 0.00874899
9.9964E-05 0.00104078 0.0477046 9.9964E-05 0.00855908 0.790074 9.9964E-05 0.132971 9.9964E-05 0.0192506
9.9955E-05 0.0655768 9.9955E-05 9.9955E-05 0.00479169 0.900734 9.9955E-05 0.0150417 9.9955E-05 0.0133559
0.108023 0.0834358 0.00905078 9.9964E-05 9.9964E-05 0.732156 9.9964E-05 0.0528162 0.0141183 9.9964E-05
0.102052 9.9955E-05 0.0211161 9.9955E-05 0.0004302 0.673952 9.9955E-05 0.201949 9.9955E-05 9.9955E-05
0.00489192 0.0326195 0.0223752 9.9982E-05 9.9982E-05 0.849513 0.000273182 0.0475658 0.00675486 0.0358069
0.0312162 0.0835367 9.9946E-05 9.9946E-05 9.9946E-05 0.830333 9.9946E-05 0.0543145 9.9946E-05 9.9946E-05
0.0613335 0.0779364 9.9964E-05 9.9964E-05 0.0166442 0.716768 9.9964E-05 0.120723 0.00619558 9.9964E-05
0.0628669 9.9973E-05 0.0175047 0.00645764 9.9973E-05 0.704647 0.0135845 0.172201 9.9973E-05 0.0224383
0.0793377 0.00667225 9.9982E-05 0.0238571 0.0290543 0.748564 0.0395237 0.0357868 9.9982E-05 0.0370046
9.9955E-05 9.9955E-05 9.9955E-05 0.0698721 0.0113675 0.844422 0.0353482 9.9955E-05 0.0384906 9.9955E-05
9.9973E-05 0.048898 0.0166223 9.9973E-05 9.9973E-05 0.867641 0.0080051 0.00928238 0.0180748 0.0311761
9.9928E-05 9.9928E-05 9.9928E-05 0.0568412 9.9928E-05 0.942359 9.9928E-05 9.9928E-05 9.9928E-05 9.9928E-05
9.9964E-05 0.047411 0.0503326 0.0137365 9.9964E-05 0.782844 9.9964E-05 9.9964E-05 0.0365206 0.0687555
9.9973E-05 9.9973E-05 0.0299326 0.0622666 0.0268589 0.728716 9.9973E-05 0.0653922 0.0592895 0.0272447
9.9964E-05 0.0499705 0.00661811 0.0505591 9.9964E-05 0.732032 0.0459641 0.114457 9.9964E-05 9.9964E-05
9.9955E-05 0.0476598 9.9955E-05 0.0604521 9.9955E-05 0.820244 0.0538822 0.0172619 9.9955E-05 9.9955E-05
0.0470618 9.9973E-05 0.023731 0.0157003 0.0398505 0.801367 9.9973E-05 0.0560493 9.9973E-05 0.0159404
9.9937E-05 9.9937E-05 9.9937E-05 9.9937E-05 0.0648698 0.911633 9.9937E-05 9.9937E-05 0.0227978 9.9937E-05
9.9982E-05 0.0494735 0.0452177 0.054321 0.0436659 0.700731 0.0555544 0.0407532 0.010083 9.9982E-05
0.0349258 9.99661E-05 9.99661E-05 0.0108431 9.99661E-05 0.831573 9.99661E-05 0.108044 0.0112601 0.0029543
9.9955E-05 9.9955E-05 9.9955E-05 0.0292053 9.9955E-05 0.886513 0.0248253 0.042796 0.0161607 9.9955E-05
0.0115061 0.0974459 0.0172698 0.0849637 0.0593771 0.523243 0.0502288 0.119534 0.026913 0.00951835
9.9964E-05 0.039795 9.9964E-05 0.00488827 0.00359901 0.755967 0.0885003 0.106851 9.9964E-05 9.9964E-05
0.0133643 9.9946E-05 0.0297141 9.9946E-05 9.9946E-05 0.834646 9.9946E-05 0.121676 9.9946E-05 9.9946E-05
9.9964E-05 0.0245818 9.9964E-05 0.118425 9.9964E-05 0.573237 0.0528748 0.167529 0.0629521 9.9964E-05
9.9928E-05 9.9928E-05 9.9928E-05 9.9928E-05 9.9928E-05 0.942174 0.0570263 9.9928E-05 9.9928E-05 9.9928E-05
0.016185 0.0204917 0.0510692 0.0128726 9.9982E-05 0.769197 0.0450608 9.9982E-05 0.0085251 0.0763986
0.124664 9.9955E-05 9.9955E-05 9.9955E-05 0.0248563 0.80715 0.0317874 9.9955E-05 9.9955E-05 0.0110415
9.9946E-05 9.9946E-05 0.0458355 9.9946E-05 9.9946E-05 0.808678 9.9946E-05 0.0791173 0.0657692 9.9946E-05
9.9937E-05 9.9937E-05 0.0187757 9.9937E-05 9.9937E-05 0.933627 9.9937E-05 9.9937E-05 0.0468981 9.9937E-05
0.035924 9.9946E-05 9.9946E-05 0.0628218 9.9946E-05 9.9946E-05 9.9946E-05 0.859207 0.041447 9.9946E-05
9.9955E-05 9.9955E-05 9.9955E-05 9.9955E-05 0.0470285 0.0209142 9.9955E-05 0.897604 0.0333868 0.000567084
9.9937E-05 9.9937E-05 9.9937E-05 9.9937E-05 0.0658745 9.9937E-05 9.9937E-05 0.928206 9.9937E-05 0.00521961
9.9973E-05 0.0682239 0.0337352 0.000395541 9.9973E-05 9.9973E-05 0.0538459 0.710392 0.0860726 0.0470353
9.9955E-05 9.9955E-05 0.0289946 9.9955E-05 0.0376384 0.0861267 0.0151042 0.831636 9.9955E-05 9.9955E-05
0.0477867 0.0229295 9.9982E-05 0.00959353 0.0686239 0.0526838 9.9982E-05 0.629822 0.0972848 0.0710756
9.99549E-05 9.99549E-05 0.00894602 9.99549E-05 0.0858646 0.00265917 9.99549E-05 0.895766 9.99549E-05 0.00626488
9.9973E-05 0.0232971 0.00423923 0.0565915 0.0353789 0.13363 0.0626796 0.683884 9.9973E-05 9.9973E-05
0.228769 9.9955E-05 9.9955E-05 0.0124717 9.9955E-05 0.223778 9.9955E-05 0.495336 9.9955E-05 0.0391452
0.134555 9.9973E-05 0.0340929 0.0206662 9.9973E-05 0.156474 0.0344974 0.533527 9.9973E-05 0.085888
0.010371 0.0957959 9.9973E-05 0.0384464 0.0741699 0.113677 9.9973E-05 0.625773 0.0414671 9.9973E-05
0.0872731 9.9955E-05 9.9955E-05 0.0691866 9.9955E-05 0.133445 9.9955E-05 0.602409 9.9955E-05 0.107186
0.0573105 0.0271015 9.9973E-05 0.0546748 9.9973E-05 0.118096 9.9973E-05 0.587434 0.150095 0.00498867
0.0077673 0.0637711 9.9973E-05 9.9973E-05 9.9973E-05 0.0449527 0.031008 0.794912 0.00679956 0.0504893
0.17891 9.9973E-05 0.028856 0.129572 9.9973E-05 0.179462 0.0148644 0.428371 9.9973E-05 0.0396653
0.156586 0.000150934 0.0694435 0.0609655 9.9982E-05 0.0844543 9.9982E-05 0.543289 0.0484199 0.0364904
0.00726754 0.0679687 9.9982E-05 0.0299665 0.0268359 0.131299 9.9982E-05 0.518776 0.140374 0.0773124
0.151754 0.0204233 0.0306712 0.0339481 9.9982E-05 0.0489582 0.0180213 0.582846 9.9982E-05 0.113179
0.121169 0.050654 9.9982E-05 0.0409878 0.0243106 0.0907231 9.9982E-05 0.606568 0.057889 0.00749876
9.9964E-05 0.0234882 9.9964E-05 9.9964E-05 0.0202108 9.9964E-05 0.0136599 0.898793 0.0314706 0.0119772
0.130198 0.0108375 0.0045689 0.108265 0.025386 0.113358 9.9982E-05 0.484822 0.122365 9.9982E-05
0.00170605 9.9964E-05 9.9964E-05 0.105395 0.092501 0.125401 9.9964E-05 0.53507 0.139527 9.9964E-05
0.0211508 9.9964E-05 0.00250564 9.9964E-05 9.9964E-05 0.095759 0.0346076 0.771415 9.9964E-05 0.0741619
0.139112 0.00942646 9.9982E-05 0.0328026 9.9982E-05 0.125348 0.0826368 0.471291 0.0930477 0.0461348
9.9964E-05 9.9964E-05 0.0163328 0.00121773 9.9964E-05 0.153779 9.9964E-05 0.68786 0.0657392 0.0746714
0.0473499 9.9964E-05 0.0455554 0.0407333 9.9964E-05 0.0508481 0.02389 0.791223 9.9964E-05 9.9964E-05
0.0113978 0.00894622 0.0592693 9.9982E-05 0.00540646 0.156275 9.9982E-05 0.678107 0.0296516 0.0507471
0.112118 9.9964E-05 0.0176412 0.0736283 9.9964E-05 0.145065 9.9964E-05 0.588814 9.9964E-05 0.062334
9.9964E-05 9.9964E-05 0.0203166 0.084804 0.020159 0.175911 9.9964E-05 0.674837 9.9964E-05 0.0235728
9.9973E-05 9.9973E-05 0.0252349 9.9973E-05 0.0241361 0.170791 0.0474463 0.654581 0.0373291 0.0401815
0.217648 0.0219883 0.0521376 0.106783 9.9973E-05 0.0736051 9.9973E-05 0.35228 0.175258 9.9973E-05
9.9982E-05 0.00631785 0.000291911 0.0920974 0.0387887 0.197805 0.0525007 0.586694 0.0253043 9.9982E-05
0.101379 0.000230571 9.9982E-05 0.0266176 9.9982E-05 0.203851 0.1195 0.420459 0.0351619 0.0926012
0.174303 0.00337385 0.011118 0.110517 9.9964E-05 0.274995 9.9964E-05 0.425293 9.9964E-05 9.9964E-05
0.0153243 9.9973E-05 0.0544328 0.0861611 9.9973E-05 0.164327 0.0407213 0.609539 9.9973E-05 0.0291942
9.9964E-05 0.0557461 9.9964E-05 0.0573619 9.9964E-05 0.157489 0.0616502 0.619022 0.048331 9.9964E-05
9.9982E-05 0.0651155 0.0379126 0.0454485 9.9982E-05 0.149995 0.104355 0.455568 0.0578479 0.0835572
0.0513431 0.0215848 0.064249 0.0628013 0.0132713 0.0873908 0.0542843 0.584865 9.9991E-05 0.0601103
9.9964E-05 9.9964E-05 0.0476362 0.0488331 0.0460912 0.151347 9.9964E-05 0.696233 9.9964E-05 0.00945918
0.0694798 0.0923906 0.0427277 0.0518133 9.9991E-05 0.13736 0.0543085 0.398719 0.112104 0.0409969
9.9955E-05 0.0818004 9.9955E-05 9.9955E-05 9.9955E-05 0.274463 0.01283 0.604066 9.9955E-05 0.0263409
0.0440382 9.9973E-05 0.0278653 0.0843644 9.9973E-05 0.267643 9.9973E-05 0.4913 0.0808603 0.00362868
0.0319392 0.0399359 0.0451143 0.134547 0.0687683 0.149587 0.0289758 0.500933 9.9982E-05 9.9982E-05
0.053627 0.0256701 9.9991E-05 0.0588117 0.0985125 0.1987 0.0392602 0.430509 0.0752349 0.0195746
0.0581284 9.9973E-05 9.9973E-05 0.00112422 0.0329257 0.196528 9.9973E-05 0.528023 0.136701 0.0462699
9.9991E-05 0.0192771 0.0440349 0.0342652 0.0641527 0.134484 0.084219 0.509937 0.0211648 0.0883649
0.0350809 9.9973E-05 0.0190799 0.0654075 0.0872963 0.270771 9.9973E-05 0.512283 9.9973E-05 0.00978169
9.9973E-05 9.9973E-05 0.000806999 0.117745 9.9973E-05 0.125333 0.0187634 0.621671 0.0881625 0.0272182
0.0367264 9.9973E-05 0.0328771 0.0516057 9.9973E-05 0.0915845 0.0274231 0.744038 9.9973E-05 0.0154451
0.0820162 9.9982E-05 0.0291871 0.019219 0.0353545 0.275449 0.0517568 0.445333 9.9982E-05 0.0614836
0.0388635 0.0476354 0.0224421 0.0722105 9.9964E-05 9.9964E-05 9.9964E-05 0.0635486 9.9964E-05 0.7549
9.9973E-05 0.00695787 9.9973E-05 0.0241876 0.050888 0.0493883 0.0371657 0.0180012 9.9973E-05 0.813112
9.9982E-05 0.0588152 0.00246744 0.0646151 0.0736568 9.9982E-05 0.122998 0.053993 0.0289207 0.594334
9.9973E-05 0.0342188 0.00448375 0.0875153 9.9973E-05 0.0453628 0.0196406 9.9973E-05 0.0613375 0.747141
0.110578 9.9964E-05 9.9964E-05 0.191922 9.9964E-05 9.9964E-05 0.0340907 0.0419081 0.0110167 0.610085
0.0692673 9.9973E-05 0.0144088 0.0910435 0.0329295 0.0279648 9.9973E-05 0.0105344 9.9973E-05 0.753552
9.9973E-05 0.0217225 9.9973E-05 0.00757323 0.0140709 9.9973E-05 0.047331 0.0178932 0.0657499 0.825359
9.9973E-05 9.9973E-05 0.030951 9.9973E-05 0.0190879 0.00940948 0.0336208 0.030628 0.00617443 0.869828
0.113641 9.9964E-05 9.9964E-05 0.0232702 9.9964E-05 0.0095838 0.0457854 0.0343502 9.9964E-05 0.772969
0.0825261 9.9946E-05 9.9946E-05 0.027491 9.9946E-05 9.9946E-05 9.9946E-05 9.9946E-05 0.00982818 0.879555
9.9973E-05 9.9973E-05 0.0301755 0.0604795 0.046466 9.9973E-05 0.0592218 0.0687421 0.0149884 0.719627
9.9973E-05 0.0494984 0.0237784 0.153322 0.0137478 9.9973E-05 0.0388719 0.0540561 9.9973E-05 0.666425
9.9955E-05 0.0249085 9.9955E-05 0.00864386 9.9955E-05 9.9955E-05 0.0173081 0.0111393 9.9955E-05 0.9375
9.9964E-05 9.9964E-05 0.0404509 0.0989431 9.9964E-05 0.000217915 9.9964E-05 0.0195778 0.0261076 0.814303
0.0153049 0.0444895 0.0198427 9.9973E-05 9.9973E-05 0.024072 9.9973E-05 0.023098 0.0164013 0.856492
9.9964E-05 0.0164737 0.0289304 0.064947 0.0398798 0.0375388 9.9964E-05 9.9964E-05 9.9964E-05 0.81183
0.00421514 0.00937722 9.9964E-05 0.0425874 9.9964E-05 0.0474617 9.9964E-05 9.9964E-05 0.00903846 0.88692
0.0584835 0.00996198 0.0320458 0.219422 0.0430434 9.9973E-05 0.0065444 9.9973E-05 9.9973E-05 0.630199
0.00650251 0.0316889 9.9973E-05 0.0800803 0.00353926 9.9973E-05 0.0396928 0.0420875 9.9973E-05 0.796109
0.0333853 9.9982E-05 0.0120168 0.0272959 0.0356559 0.0374794 0.137259 0.00291558 9.9982E-05 0.713792
0.0587585 0.0229814 0.0274584 0.0090801 9.9973E-05 9.9973E-05 9.9973E-05 0.0103818 0.024584 0.846456
9.9964E-05 0.0101518 9.9964E-05 0.0496562 9.9964E-05 0.015962 0.0880148 0.0395863 9.9964E-05 0.796229
0.0745113 9.9955E-05 9.9955E-05 0.0370009 0.0878587 9.9955E-05 9.9955E-05 0.0340086 9.9955E-05 0.766121
9.9964E-05 9.9964E-05 9.9964E-05 0.0706543 0.0301483 0.00767908 0.0311572 9.9964E-05 0.0271964 0.832765
0.0120279 9.9973E-05 9.9973E-05 0.098293 0.165667 0.0196104 9.9973E-05 0.0480054 0.0197693 0.636327
0.0637611 9.9973E-05 0.00788836 0.0441627 9.9973E-05 9.9973E-05 0.0541844 0.0172006 0.0415435 0.770959
9.9982E-05 0.0717896 0.021396 0.0659859 0.0771047 0.0136426 0.0403369 0.00451969 9.9982E-05 0.705025
0.176697 9.9946E-05 9.9946E-05 0.0893271 9.9946E-05 9.9946E-05 9.9946E-05 9.9946E-05 0.0559987 0.677378
9.9964E-05 0.00239104 0.0844616 0.0648005 0.191591 0.0395694 9.9964E-05 9.9964E-05 9.9964E-05 0.616787
0.0687109 0.0269123 0.0284599 0.102914 9.9973E-05 0.00225136 0.0180777 9.9973E-05 9.9973E-05 0.752374
9.9964E-05 0.0635681 9.9964E-05 0.156116 9.9964E-05 9.9964E-05 0.100955 0.0396162 0.0141136 0.625231
9.9955E-05 0.0394518 9.9955E-05 0.0331655 9.9955E-05 0.0147381 9.9955E-05 9.9955E-05 0.0825555 0.829589
9.9964E-05 0.00384528 0.00969412 0.186194 0.0895126 9.9964E-05 9.9964E-05 0.00105354 9.9964E-05 0.7093
9.9955E-05 9.9955E-05 0.04004 9.9955E-05 0.0475179 9.9955E-05 0.0168674 9.9955E-05 0.0250514 0.870023
0.0174546 0.053521 9.9973E-05 0.0888018 0.132169 0.0432989 9.9973E-05 9.9973E-05 0.0443352 0.62012
0.021112 0.0394754 0.0134325 0.0602432 9.9973E-05 0.0507477 0.0166078 9.9973E-05 9.9973E-05 0.798081
9.9973E-05 0.00613367 9.9973E-05 0.0644368 0.0681261 0.0402858 0.0188121 9.9973E-05 0.0137657 0.78814
0.0183498 9.9964E-05 0.013044 0.0463064 9.9964E-05 9.9964E-05 0.036106 0.0163153 9.9964E-05 0.869479
0.00859475 9.9973E-05 0.000257519 9.9973E-05 0.0406505 0.00733107 0.0130074 9.9973E-05 0.0557798 0.874079
9.9964E-05 9.9964E-05 0.0278578 0.0356521 9.9964E-05 0.00912567 0.0816865 9.9964E-05 0.0397786 0.805499
9.9946E-05 9.9946E-05 9.9946E-05 9.9946E-05 9.9946E-05 0.00057485 0.0483137 9.9946E-05 0.0551538 0.895358
0.0292754 0.0106167 9.9973E-05 0.194893 0.0223712 9.9973E-05 0.000862702 9.9973E-05 0.0446011 0.69708
0.0213291 9.9955E-05 0.0468869 0.10992 9.9955E-05 0.0107768 9.9955E-05 9.9955E-05 9.9955E-05 0.810587
9.9973E-05 0.0488556 0.0141113 0.00435154 0.0884704 0.00480484 9.9973E-05 0.0606517 9.9973E-05 0.778455
0.0321657 0.0591388 0.0109028 0.12617 9.9973E-05 9.9973E-05 0.0194493 9.9973E-05 0.0100726 0.741801
0.0216293 0.0333255 9.9964E-05 0.170241 0.0303093 9.9964E-05 0.0374146 9.9964E-05 9.9964E-05 0.706681
0.0512608 0.0228164 0.0422641 0.256684 9.9955E-05 9.9955E-05 9.9955E-05 9.9955E-05 9.9955E-05 0.626474
9.9955E-05 0.0253681 9.9955E-05 0.015305 9.9955E-05 0.0404205 0.0628113 9.9955E-05 9.9955E-05 0.855595
9.9955E-05 9.9955E-05 0.020656 0.0895179 9.9955E-05 0.0174838 0.0447159 9.9955E-05 9.9955E-05 0.827127
0.0135103 9.9973E-05 0.0563992 0.0165678 0.0350344 0.0275386 9.9973E-05 0.0187373 9.9973E-05 0.831912
0.0142763 0.0271847 0.000121122 9.9964E-05 9.9964E-05 9.9964E-05 9.9964E-05 0.0716206 0.864924 0.0214729
0.198533 0.0581076 9.9964E-05 0.022356 9.9964E-05 9.9964E-05 0.0194608 0.129476 0.571667 9.9964E-05
0.0539604 9.9964E-05 9.9964E-05 9.9964E-05 0.0703433 0.0768762 9.9964E-05 0.00837487 0.760985 0.02906
0.335209 9.9973E-05 0.0632557 9.9973E-05 0.0375474 0.0553237 0.0598847 9.9973E-05 0.412877 0.0356025
0.211919 9.9982E-05 0.0165463 9.9982E-05 0.0206592 0.0667498 0.0213211 0.027755 0.613037 0.021812
0.24029 0.0750337 9.9946E-05 9.9946E-05 9.9946E-05 9.9946E-05 0.0412468 9.9946E-05 0.64283 9.9946E-05
0.114521 0.0147 9.9964E-05 0.062973 0.082697 9.9964E-05 0.0135536 9.9964E-05 0.711155 9.9964E-05
0.0809192 0.063461 9.9955E-05 9.9955E-05 9.9955E-05 9.9955E-05 0.0964731 9.9955E-05 0.735232 0.0234145
0.0674122 0.0302158 9.9973E-05 0.0541025 9.9973E-05 9.9973E-05 0.116533 0.00947875 0.705598 0.0163599
0.0233728 0.0709927 0.0411789 9.9982E-05 0.056373 0.0146615 0.0419796 9.9982E-05 0.730837 0.0204041
0.248305 0.0386081 9.9973E-05 0.0760069 9.9973E-05 0.0475262 0.0611008 0.107155 0.420998 9.9973E-05
0.0700041 0.0687542 0.0275945 0.0715079 0.0708009 0.0596798 0.0181298 0.0187017 0.534561 0.0602662
0.0525331 0.0864022 0.0436176 9.9982E-05 9.9982E-05 0.0297599 0.0523617 0.0286581 0.69725 0.00921743
0.0915599 0.0100432 0.0568923 0.0481597 0.0195735 0.122244 9.9982E-05 0.00298333 0.648344 9.9982E-05
0.058116 9.9982E-05 0.00825111 0.02662 9.9982E-05 0.00212054 0.0947283 0.0653499 0.742235 0.00237869
9.9991E-05 0.0192469 0.00610631 0.0578607 0.00720934 0.0160702 0.0577584 0.0408264 0.740901 0.0539213
0.0900917 0.0527071 0.0879103 0.085564 0.0416179 0.118083 9.9991E-05 0.021484 0.462345 0.0400975
0.0292969 0.0750308 0.00247166 9.9973E-05 9.9973E-05 0.0316381 0.0840582 0.0392887 0.737916 9.9973E-05
0.012681 0.0976075 9.9964E-05 9.9964E-05 9.9964E-05 0.0242524 0.0741957 0.054321 0.736543 9.9964E-05
0.0388461 0.0535079 9.9982E-05 0.0592834 0.00952186 0.0336728 0.0356543 0.10144 0.667873 9.9982E-05
0.140526 0.0265068 0.0225034 9.9973E-05 9.9973E-05 0.0617163 9.9973E-05 0.106932 0.62774 0.0137753
0.102306 0.100993 9.9964E-05 9.9964E-05 0.0233165 0.00178258 9.9964E-05 0.0464659 0.724736 9.9964E-05
0.143913 9.9955E-05 9.9955E-05 0.0781143 9.9955E-05 0.0378183 9.9955E-05 9.9955E-05 0.728289 0.0113662
0.0948821 9.9955E-05 9.9955E-05 9.9955E-05 0.0727216 0.0418701 9.9955E-05 9.9955E-05 0.778247 0.0117789
0.0133875 0.0400127 0.00322264 0.0309532 0.126686 0.0337556 0.0260191 9.9991E-05 0.713778 0.0120857
0.150254 9.9973E-05 0.0341752 9.9973E-05 0.0234699 0.0808298 0.0699173 0.0140269 0.627026 9.9973E-05
9.9946E-05 9.9946E-05 9.9946E-05 0.0548823 0.155714 9.9946E-05 9.9946E-05 9.9946E-05 0.78242 0.00638409
0.0350466 9.9973E-05 9.9973E-05 0.0989192 0.103091 0.0657484 0.0307253 9.9973E-05 0.658488 0.00768133
0.0640114 9.9964E-05 9.9964E-05 9.9964E-05 0.143661 0.0757775 0.0417922 0.0688329 0.605525 9.9964E-05
0.221961 0.0212763 0.00548378 9.9982E-05 0.0408541 0.0356038 9.9982E-05 0.0364057 0.594388 0.043827
0.00927156 0.0463046 0.00115047 0.0424433 0.00721799 0.0676657 0.0993042 9.9982E-05 0.726442 9.9982E-05
0.0324269 0.027797 9.9955E-05 9.9955E-05 9.9955E-05 9.9955E-05 0.073156 9.9955E-05 0.859605 0.00651569
9.9973E-05 0.0718873 9.9973E-05 0.0156567 9.9973E-05 0.0603179 0.023445 0.0512193 0.708731 0.0684425
0.0871839 0.0283184 0.0137906 0.0962845 9.9964E-05 9.9964E-05 9.9964E-05 0.00907532 0.764947 9.9964E-05
0.033321 9.9964E-05 9.9964E-05 9.9964E-05 0.119592 0.0962989 0.0795538 9.9964E-05 0.578566 0.0922685
0.040426 9.9973E-05 0.0301269 0.010458 0.0366916 9.9973E-05 0.0765516 0.0572744 0.748172 9.9973E-05
0.196664 0.0822696 0.00879047 9.9955E-05 9.9955E-05 9.9955E-05 9.9955E-05 0.047866 0.66391 9.9955E-05
9.9964E-05 9.9964E-05 0.00815394 0.0298392 9.9964E-05 0.0117629 0.020382 0.0203021 0.90916 9.9964E-05
9.9964E-05 9.9964E-05 0.0482388 0.00856116 9.9964E-05 0.0763276 0.100833 0.0256507 0.739989 9.9964E-05
0.0151917 9.9973E-05 0.0819873 0.00713418 0.105932 0.000694143 9.9973E-05 0.108224 0.680537 9.9973E-05
9.9973E-05 9.9973E-05 0.103689 9.9973E-05 0.0216691 0.00760083 0.045244 0.0158345 0.745306 0.0603565
9.9973E-05 0.0456482 0.0181786 0.0436271 0.0274321 0.0477537 0.073243 9.9973E-05 0.743817 9.9973E-05
0.172498 9.9973E-05 0.0027684 0.0180944 9.9973E-05 0.0328662 0.0524031 0.0843026 0.636767 9.9973E-05
9.9955E-05 0.0755848 9.9955E-05 9.9955E-05 0.0147914 9.9955E-05 0.0830489 9.9955E-05 0.800804 0.0252709
9.99789E-05 9.99789E-05 0.0615549 9.99789E-05 0.154193 0.0606721 0.0642475 0.049243 0.552077 0.057713
0.0324277 9.9973E-05 0.0295986 9.9973E-05 0.0128746 0.0477109 9.9973E-05 0.169032 0.666981 0.041075
0.0928641 0.0290401 0.00699635 0.696422 0.0559466 9.9964E-05 9.9964E-05 9.9964E-05 9.9964E-05 0.118331
0.0699791 0.0146879 0.0540913 0.593147 0.106748 9.9982E-05 9.9982E-05 0.0775247 0.0612242 0.0223977
9.9955E-05 9.9955E-05 0.0232948 0.832808 0.0612357 9.9955E-05 9.9955E-05 0.0526336 9.9955E-05 0.0295285
0.00416554 0.0517859 9.9964E-05 0.871512 0.0190343 0.0231676 9.9964E-05 9.9964E-05 9.9964E-05 0.0299347
9.9955E-05 0.00184425 9.9955E-05 0.7638 0.0948254 9.9955E-05 9.9955E-05 0.0727095 9.9955E-05 0.0663208
9.9973E-05 0.0290131 9.9973E-05 0.844869 0.0156477 9.9973E-05 0.00435331 0.0571936 0.0213575 0.0272655
0.0604452 9.9973E-05 0.00999395 0.731007 0.000941071 9.9973E-05 9.9973E-05 0.0331721 0.0763926 0.0877479
0.118101 9.9946E-05 0.0266511 0.799912 9.9946E-05 9.9946E-05 9.9946E-05 9.9946E-05 9.9946E-05 0.0547359
9.9973E-05 9.9973E-05 0.0234027 0.729986 0.049817 0.0159654 9.9973E-05 0.024346 0.0250196 0.131163
0.149387 9.9973E-05 0.0453304 0.594631 9.9973E-05 0.0280899 0.0381033 9.9973E-05 0.0257994 0.118359
9.9955E-05 0.030603 9.9955E-05 0.600872 0.123545 9.9955E-05 9.9955E-05 0.0904644 9.9955E-05 0.154016
9.9964E-05 9.9964E-05 9.9964E-05 0.78408 0.0551693 0.0383029 0.0135924 0.0539793 9.9964E-05 0.0544759
9.9955E-05 9.9955E-05 0.000862818 0.864694 0.0923025 9.9955E-05 9.9955E-05 0.00731305 0.0343282 9.9955E-05
0.045928 0.0218781 0.0190433 0.912098 9.9955E-05 9.9955E-05 9.9955E-05 0.000552727 9.9955E-05 9.9955E-05
9.9973E-05 0.0106848 0.00342847 0.718343 0.185968 0.0133025 9.9973E-05 0.0612994 9.9973E-05 0.00667332
0.0269727 0.0376941 0.0144094 0.575725 0.0703845 9.9991E-05 0.0202763 0.0826946 0.09443 0.0773131
0.056533 0.0851915 0.0376005 0.49193 0.0722417 0.0198623 9.9991E-05 0.0926001 0.0407962 0.103144
0.0947935 0.00291449 0.00158962 0.788302 0.0197658 9.9982E-05 0.00203787 0.0488233 9.9982E-05 0.0415739
0.0409329 9.9973E-05 9.9973E-05 0.780536 9.9973E-05 0.0110953 0.0673825 0.0306901 0.0408181 0.028245
0.0173512 0.00464452 0.0192143 0.793235 9.9973E-05 0.0688737 0.0329429 9.9973E-05 9.9973E-05 0.0634385
9.9973E-05 9.9973E-05 0.0106003 0.721641 0.0824706 0.0561979 9.9973E-05 0.00168824 0.00374997 0.123352
