0.0262639 0.0707203 0.0849187 0.121783 0.00962714 0.0229371 0.66375
0.130127 0.0245413 0.0203858 0.0300531 0.0980367 0.120675 0.576181
0.0691087 0.0762329 9.9991E-05 0.0165329 0.0583676 0.0953788 0.684279
0.0567523 9.9982E-05 0.0292357 0.195855 9.9982E-05 0.0769393 0.641017
0.0498815 0.0228664 9.9991E-05 0.0768008 0.031085 0.0245533 0.794713
0.0130316 0.0667316 0.0415761 0.0630721 0.119015 0.0557867 0.640787
0.034054 0.00774866 0.100281 0.0906265 0.0012168 0.0576787 0.708394
0.0342425 9.9991E-05 0.058933 0.0890809 0.0727445 0.0873348 0.657564
0.00272356 0.0647896 0.0152127 0.0970347 0.0450843 0.128243 0.646913
0.000879407 0.0252148 9.9991E-05 0.115241 0.0206861 0.0121459 0.825733
0.0372042 9.9991E-05 0.0418401 0.0633628 0.0173118 0.0958644 0.744317
0.0907738 0.0606261 9.9991E-05 0.065302 0.0236222 0.000185066 0.759391
0.0749738 9.9991E-05 0.0561408 0.164006 0.0502362 0.0538363 0.600707
0.0966904 9.9982E-05 0.0434666 9.9982E-05 0.0237003 0.145783 0.69016
0.113321 9.9991E-05 0.0408046 0.0273876 0.0435297 0.11148 0.663376
0.0520109 0.019138 0.0379438 0.120326 0.0568642 9.9991E-05 0.713617
0.0698977 0.0869681 0.00871764 0.0490108 0.0502028 0.0802214 0.654981
0.0626559 0.0791046 0.0984299 0.0496967 0.000358005 0.0557976 0.653957
0.0188325 0.0378545 0.0630088 0.0886565 0.0442729 0.0724342 0.674941
0.050671 9.9982E-05 9.9982E-05 0.139593 0.0265625 0.0398728 0.743101
0.0810634 9.9991E-05 0.091412 0.132323 0.110456 0.0180916 0.566554
0.0274835 9.9991E-05 0.0678498 0.0409473 0.0159736 0.0550574 0.792588
0.0793838 0.0226212 0.0113049 0.0688889 0.0968021 0.0614977 0.659501
0.0443904 0.0361712 9.9991E-05 0.0856323 0.0271372 0.0880677 0.718501
0.0657728 9.9982E-05 9.9982E-05 0.138724 0.0328329 0.00398303 0.758487
0.0476398 0.157825 0.134371 0.0358653 0.0197043 0.0685823 0.536013
0.0131649 0.218216 0.141483 9.9991E-05 0.00403587 0.0438782 0.579122
0.0610529 0.131904 0.112229 0.122537 0.0128945 0.0328125 0.526571
0.048355 0.166083 0.0368891 0.0554442 0.0786176 0.0700449 0.544566
0.0356547 0.103044 0.16603 9.9991E-05 0.0107246 0.0430273 0.64142
0.0781212 0.212886 0.137571 0.0383699 9.9991E-05 0.0559132 0.477039
0.0803759 0.152137 0.160761 9.9982E-05 9.9982E-05 0.0471561 0.55937
0.0603016 0.0899005 0.197685 0.0714258 0.0801636 0.0139995 0.486524
0.0506743 0.122819 0.187367 0.0281653 0.0303427 0.0470346 0.533597
0.0254724 0.167974 0.0420414 0.0505289 0.0488546 0.0500161 0.615112
0.0431962 0.149145 0.117434 9.9982E-05 9.9982E-05 0.0551132 0.634912
0.0878281 0.112627 0.0977062 9.9982E-05 9.9982E-05 0.0324287 0.66921
0.0358727 0.126431 0.139699 0.0674146 0.0283907 0.0511183 0.551073
0.0459908 0.197172 0.0976496 0.0236826 9.9991E-05 0.030966 0.604439
0.0341793 0.266339 0.0976952 0.053486 0.000454902 0.0295571 0.518288
0.0659836 0.178554 0.110404 0.0324978 0.0501733 0.0401657 0.522222
9.9973E-05 0.204736 0.133227 0.0868544 9.9973E-05 9.9973E-05 0.574883
0.05918 0.126653 0.0696612 0.0403219 9.9991E-05 0.0631193 0.640965
0.0478414 0.218065 0.0944542 9.9991E-05 0.0035054 0.0653569 0.570677
0.0260931 0.15581 0.0773324 0.0426266 0.053405 9.9991E-05 0.644633
9.9982E-05 0.101797 0.401846 0.0449505 0.275184 9.9982E-05 0.176022
0.0394897 0.131677 0.427286 9.9982E-05 0.196989 9.9982E-05 0.204359
0.0761406 0.177852 0.449713 0.00661375 0.155045 0.0269251 0.107712
9.9982E-05 0.110397 0.355535 0.0820633 0.275805 9.9982E-05 0.176
0.0845728 9.9982E-05 0.510065 9.9982E-05 0.152121 0.0130789 0.239963
9.9991E-05 0.082866 0.450569 0.058751 0.203452 0.0592658 0.144996
0.0043554 0.176702 0.480111 0.000979017 0.189606 0.0413309 0.106916
0.0740585 0.073921 0.335734 0.0242909 0.185363 0.0546847 0.251948
0.0651309 0.040338 0.362812 9.9991E-05 0.260451 0.0154533 0.255715
0.0170806 0.0801667 0.47475 9.9982E-05 0.172302 9.9982E-05 0.255501
0.01235 0.175541 0.402884 9.9991E-05 0.183154 0.0332101 0.192761
0.0364547 0.0804956 0.307954 9.9982E-05 0.311044 9.9982E-05 0.263852
0.0610012 0.116785 0.379475 0.130604 0.196918 0.00921284 0.106004
0.0192483 0.177105 0.417958 0.0532086 0.253444 9.9991E-05 0.0789363
9.9973E-05 0.137612 0.52786 9.9973E-05 0.213742 9.9973E-05 0.120486
9.9973E-05 0.0888157 0.44937 9.9973E-05 0.305464 9.9973E-05 0.156051
0.0106765 0.148401 0.418761 0.00454172 0.252885 9.9991E-05 0.164636
0.000764879 0.120737 0.375866 0.0461458 0.235411 9.9991E-05 0.220976
0.0734578 0.0973997 0.358757 0.0332805 0.176835 9.9991E-05 0.26017
9.9982E-05 0.165434 0.417285 9.9982E-05 0.214802 0.0176767 0.184603
0.0390327 0.0659125 0.48148 9.9991E-05 0.201109 0.0128584 0.199508
0.0452134 0.0480078 0.367781 0.0570341 0.253892 0.031021 0.197051
0.0414046 0.129163 0.293571 0.0784264 0.25093 0.05464 0.151865
0.000331882 0.0864842 0.345869 0.0774233 0.241373 0.0282286 0.220289
0.0160536 0.103636 0.268066 0.123499 0.213932 0.00794883 0.266864
0.0487592 0.00536522 0.390387 0.0873888 0.329823 9.9991E-05 0.138177
0.0749695 0.111949 0.33679 0.0675919 0.20304 9.9991E-05 0.20556
0.00448202 0.0945808 0.390938 0.0687318 0.244278 9.9991E-05 0.196889
0.00901106 0.194883 0.276587 0.0609346 0.263341 0.0484104 0.146834
0.0183187 0.126131 0.406624 0.00524424 0.268746 9.9991E-05 0.174836
9.9982E-05 0.230433 0.272362 0.0195356 0.318213 9.9982E-05 0.159257
0.0313427 0.116423 0.478896 0.0369429 0.142715 0.0538368 0.139844
9.99761E-05 9.99761E-05 0.434177 9.99761E-05 0.144032 0.112327 0.309164
9.9982E-05 0.0808965 0.305371 9.9982E-05 0.299359 0.0685274 0.245647
0.0785029 0.0709678 0.366904 0.0992909 0.200708 9.9991E-05 0.183526
0.0740383 0.0933037 0.34618 9.9982E-05 0.244505 9.9982E-05 0.241774
9.9982E-05 0.0990915 0.351527 0.0256667 0.288552 9.9982E-05 0.234962
0.0777397 0.155556 0.30072 9.9991E-05 0.0748941 0.0708448 0.320145
0.0155071 9.9982E-05 0.439916 0.0793103 0.309488 9.9982E-05 0.155578
0.0554315 0.207914 0.293785 9.9991E-05 0.116115 0.0786692 0.247986
0.00925332 0.226043 0.388404 0.00785639 0.225325 9.9991E-05 0.143018
0.0845049 0.0972727 0.285695 0.0273339 0.253934 0.00165308 0.249606
0.041756 0.169512 0.407924 0.0245926 0.197886 9.9991E-05 0.15823
0.0562199 0.0188287 0.378354 0.0911317 0.282293 0.0253209 0.147851
0.0400582 0.0818688 0.346758 0.0572539 0.261717 9.9991E-05 0.212244
0.0904533 0.0921815 0.168467 0.0518862 0.0230515 9.9991E-05 0.57386
0.0841439 0.0367254 0.23873 0.105321 0.0128327 0.00579832 0.516448
0.0643216 0.087084 0.143389 0.082636 9.9991E-05 0.00342591 0.619044
0.0567044 0.0460278 0.198284 0.0965854 0.0199935 0.0576079 0.524797
0.0882416 0.154819 0.133809 0.00800092 9.9991E-05 0.0147769 0.600253
0.0640529 0.0152436 0.248225 0.0877252 0.0203413 0.0084435 0.555968
0.0844063 0.144761 0.17036 0.0901749 9.9991E-05 0.0190373 0.49116
0.111842 0.115878 0.214819 9.9982E-05 9.9982E-05 0.0197576 0.537503
0.0686882 0.186273 0.0790636 0.000733345 0.0403482 9.9991E-05 0.624794
0.0538039 0.0909083 0.181715 0.0209487 0.0078849 0.00962597 0.635114
0.0972353 0.063698 0.226403 0.0236173 9.9991E-05 0.0348087 0.554138
0.0825042 0.0323498 0.149566 0.00563939 0.0184882 0.0953311 0.616121
0.0756824 0.104078 0.182291 0.0492763 0.0300147 0.0560544 0.502603
0.0484997 0.0677614 0.173284 0.0585195 9.9982E-05 9.9982E-05 0.651735
0.0320849 0.233148 0.303756 0.00891289 9.9982E-05 9.9982E-05 0.421898
0.0409766 0.0786433 0.151541 0.0322502 0.0202893 9.9991E-05 0.6762
0.099852 9.9991E-05 0.235513 0.0475835 0.0381026 0.00141232 0.577437
0.0600264 0.100677 0.24079 0.00430452 0.000831712 0.0552381 0.538132
0.0353579 0.217466 0.163557 9.9982E-05 0.00214259 9.9982E-05 0.581276
0.0884101 0.116985 0.116939 9.9991E-05 0.0661278 0.0120533 0.599384
0.0153263 0.1765 0.191695 0.0628327 9.9991E-05 0.0303802 0.523166
0.0475923 0.168376 0.148031 0.0177458 0.0568744 0.0508611 0.51052
0.0551511 0.0662509 0.0934989 0.0586713 0.076121 0.0498394 0.600468
0.0585777 0.0300667 0.138885 0.11979 9.9991E-05 0.0338449 0.618736
0.0572066 0.0391904 0.189748 0.162499 9.9982E-05 9.9982E-05 0.551156
0.0162998 0.11022 0.120835 0.067314 0.0136712 0.0548708 0.61679
0.0232842 0.0405019 0.0775729 0.00626838 0.0231106 0.0444845 0.784777
9.9982E-05 0.0485559 0.151343 9.9982E-05 0.0428704 0.0400769 0.716954
0.0148071 0.020375 0.13432 0.130104 0.0123563 0.0557074 0.63233
0.0668466 9.9991E-05 0.0464396 0.0261595 0.117378 0.0168183 0.726258
0.0364925 0.0720785 0.123523 0.0614366 0.0360012 0.056674 0.613794
0.108771 0.0105097 0.148363 0.113137 0.0512623 0.000552894 0.567404
9.9973E-05 0.166005 0.0620625 9.9973E-05 9.9973E-05 0.053022 0.71861
0.0199667 0.0631728 0.126592 0.0777589 0.0326932 9.9991E-05 0.679716
0.0238124 0.11385 0.15182 0.111267 9.9982E-05 9.9982E-05 0.59905
0.105125 9.9982E-05 0.145304 9.9982E-05 0.0442982 0.0536028 0.65147
0.0235567 0.0815617 0.12883 0.0721345 0.0641434 0.0425269 0.587247
9.9991E-05 0.0277485 0.198577 0.0823546 0.0310427 0.0843932 0.575784
0.0593309 0.0527674 0.187032 0.053599 9.9982E-05 9.9982E-05 0.64707
0.0510743 9.9973E-05 0.217508 0.0398405 9.9973E-05 9.9973E-05 0.691277
0.0768661 0.0479619 0.171994 0.132603 9.9991E-05 0.0189188 0.551556
0.0764854 0.0645509 0.165581 0.0506125 0.00484066 0.104731 0.533199
0.0834089 0.102058 0.0494279 0.0736443 0.0219719 0.0607915 0.608697
0.0803231 0.0713964 0.118941 0.0857615 0.0640635 0.0807929 0.498722
0.0640104 0.0812734 0.112255 0.138966 0.00315456 0.116411 0.48393
0.0274251 0.174921 0.309135 0.0205086 0.061809 0.0193533 0.386848
0.0683519 0.197974 0.283486 0.00801984 0.0608519 0.0153387 0.365977
9.9991E-05 0.259106 0.327104 0.000961849 0.0783898 0.0302275 0.304111
0.0716948 0.20309 0.337315 0.0726229 0.0218652 0.0173048 0.276107
0.0102431 0.299935 0.267667 9.9991E-05 0.00925127 0.132769 0.280035
9.9991E-05 0.2482 0.243956 0.0373427 0.0273739 0.102064 0.340963
0.0839667 0.247621 0.261077 0.0227779 0.0143058 0.0937731 0.276479
0.039597 0.236097 0.221851 9.9991E-05 0.0430105 0.0889291 0.370415
0.0174238 0.304154 0.303246 9.9982E-05 9.9982E-05 0.0147572 0.360219
0.0651223 0.205922 0.227512 0.0508539 0.0696078 0.0410897 0.339892
0.0408988 0.16846 0.348974 0.101769 0.0635725 9.9991E-05 0.276225
0.0485094 0.191538 0.387206 0.0313436 9.9991E-05 0.0278492 0.313453
0.0424676 0.177396 0.262661 9.9991E-05 0.0786854 0.0679678 0.370722
0.0369909 0.164425 0.228967 0.00280564 0.0971165 0.118751 0.350943
0.019504 0.290532 0.250466 9.9991E-05 0.0575065 0.0443624 0.337529
0.0252176 0.214692 0.362922 0.0531386 9.9991E-05 0.0199296 0.324
9.9982E-05 0.272315 0.186172 9.9982E-05 0.0814736 0.0680625 0.391777
0.0316611 0.197618 0.227557 0.0905621 0.0783341 0.0209369 0.353331
0.102449 0.224615 0.363585 0.0351359 0.00136494 0.054551 0.218299
0.081372 0.204558 0.320808 0.0268421 0.0495581 0.053087 0.263775
0.0971846 0.24766 0.201209 9.9982E-05 0.108797 9.9982E-05 0.344949
0.0725147 0.108659 0.373095 9.9991E-05 0.0584944 0.0242667 0.36287
0.0821698 0.161423 0.284859 0.00172023 0.133628 9.9991E-05 0.3361
0.0293199 0.23687 0.28664 9.9991E-05 0.0386321 0.0139488 0.394489
0.0280064 0.273714 0.31819 9.99935E-05 0.0149286 0.0893735 0.275687
9.9982E-05 0.313076 0.295625 9.9982E-05 0.0609384 0.0511071 0.279053
0.0557323 0.123217 0.337399 0.0292194 0.047025 0.0283567 0.379051
0.0235838 0.258343 0.244974 0.144247 9.9991E-05 0.0086677 0.320085
0.110288 0.120574 0.362086 0.014173 0.0270784 0.0787668 0.287034
0.127922 0.213591 0.285684 0.0657202 0.0348122 9.9991E-05 0.272171
0.0607286 0.170287 0.325744 9.9991E-05 0.0292781 0.0231231 0.39074
0.0634396 0.233134 0.300543 0.0155194 0.0453243 0.0702749 0.271765
0.133466 0.124422 0.268425 0.0583601 0.0308755 0.0254791 0.358972
0.0233998 0.282638 0.255736 0.0532301 9.9991E-05 0.0232631 0.361634
0.0441971 0.222886 0.283521 9.9991E-05 0.0730906 0.0733733 0.302833
9.9991E-05 0.303365 0.257138 0.0118696 0.039419 0.017408 0.3707
0.0625641 0.260743 0.305224 0.0395133 0.0318308 0.0258424 0.274283
0.0961068 0.206855 0.352977 9.9982E-05 9.9982E-05 0.0762349 0.267626
0.018301 0.335231 0.23982 9.9991E-05 0.0439121 0.0368865 0.32575
0.0661488 0.127193 0.299069 0.0171738 0.0606954 0.0559857 0.373734
0.113308 0.120626 0.240544 0.0854261 0.0668546 0.0529238 0.320317
0.0648239 0.187536 0.266828 9.9991E-05 0.10894 0.0175615 0.354211
0.0603053 0.204437 0.344672 0.00747044 0.0452647 0.038664 0.299187
0.115264 0.13808 0.332167 0.00217198 0.0120491 0.0992717 0.300997
9.9991E-05 0.30556 0.244362 0.0132781 0.0632995 0.0175947 0.355806
0.0748187 0.223565 0.193903 0.000333056 0.0824133 0.0674631 0.357503
0.0275816 0.231472 0.313845 0.0309116 0.0853292 0.0250539 0.285807
9.9973E-05 9.9973E-05 0.133439 0.01421 0.805828 9.9973E-05 0.0462235
0.0749282 0.0196345 0.0496379 0.0570664 0.777158 0.0214755 9.9991E-05
0.0395285 9.9973E-05 9.9973E-05 0.0220576 0.925404 0.0127101 9.9973E-05
0.0243173 0.0249751 9.9964E-05 9.9964E-05 0.950308 9.9964E-05 9.9964E-05
0.0353573 0.0367699 9.9973E-05 9.9973E-05 0.873798 0.0537749 9.9973E-05
0.058973 9.9973E-05 0.0502214 0.0395621 0.850943 9.9973E-05 9.9973E-05
0.050649 0.0551949 0.127343 9.9991E-05 0.708023 0.0299828 0.0287072
0.0296108 0.00504059 0.0799574 9.9982E-05 0.870276 0.0149153 9.9982E-05
0.0318138 0.0554362 9.9964E-05 9.9964E-05 0.91235 9.9964E-05 9.9964E-05
0.0087973 9.9991E-05 0.0259442 0.037529 0.888948 0.0210015 0.0176803
0.0225789 9.9991E-05 0.0745062 0.056666 0.773753 0.026543 0.0458527
0.0218339 0.031639 0.00689012 0.0871889 0.806134 0.00205974 0.0442545
9.9973E-05 9.9973E-05 9.9973E-05 0.0437448 0.897109 0.0244159 0.0344302
0.00777493 0.0429249 9.9973E-05 9.9973E-05 0.944691 0.00430908 9.9973E-05
0.0606432 0.065664 0.0654545 0.00330157 0.802286 9.9991E-05 0.00255105
9.9964E-05 0.0246609 0.00561216 9.9964E-05 0.969327 9.9964E-05 9.9964E-05
9.9964E-05 0.0682496 9.9964E-05 9.9964E-05 0.895651 0.0356991 9.9964E-05
0.032872 0.0446751 9.9973E-05 9.9973E-05 0.895041 0.0271122 9.9973E-05
9.9964E-05 0.0638726 9.9964E-05 9.9964E-05 0.918116 0.0176119 9.9964E-05
0.0345305 0.118692 0.0346671 9.9982E-05 0.780589 9.9982E-05 0.0313208
0.0141019 0.0146244 0.0760866 9.9982E-05 0.840641 9.9982E-05 0.0543467
0.0657439 0.0189794 9.9982E-05 9.9982E-05 0.895755 0.0147358 0.00458629
9.9964E-05 0.0868835 9.9964E-05 9.9964E-05 0.911936 0.000781003 9.9964E-05
9.9964E-05 0.112173 0.0651804 9.9964E-05 0.822246 9.9964E-05 9.9964E-05
0.0186409 9.9991E-05 0.0679028 0.00719809 0.828039 0.0391852 0.0389342
9.9982E-05 0.0286972 0.0466438 9.9982E-05 0.769062 0.0463705 0.109026
0.0207481 9.9982E-05 9.9982E-05 0.0435496 0.908175 0.00612207 0.0212052
0.0436265 0.00890801 9.9982E-05 9.9982E-05 0.892663 0.0520411 0.00256156
9.9955E-05 9.9955E-05 9.9955E-05 0.0486695 0.950831 9.9955E-05 9.9955E-05
0.0667379 0.0314872 9.9991E-05 0.0199007 0.800261 0.0778168 0.00369685
0.0366057 0.00641249 0.0477223 0.0707574 0.801774 0.0281963 0.00853231
0.0247061 0.0325894 9.9991E-05 0.0722772 0.827163 0.0197851 0.0233793
9.9973E-05 0.0382652 9.9973E-05 0.06801 0.827569 9.9973E-05 0.0658561
0.0485571 9.9982E-05 9.9982E-05 0.0266959 0.851035 0.0386463 0.0348658
0.0109719 0.00651341 0.0108544 0.00894368 0.946482 9.9991E-05 0.0161343
0.048443 0.0372997 9.9991E-05 0.0637507 0.735037 0.0141714 0.101199
0.00436725 9.9982E-05 0.0481735 0.011034 0.909098 0.027127 9.9982E-05
0.00301701 9.9982E-05 0.0110926 0.0193089 0.925891 9.9982E-05 0.0404907
0.0139489 0.121509 9.9991E-05 0.0323834 0.673125 0.0499414 0.108993
0.0118293 0.0354345 0.0183125 0.0200587 0.836838 0.00842994 0.0690975
0.0275866 9.9964E-05 9.9964E-05 9.9964E-05 0.950931 9.9964E-05 0.0210825
0.0250169 0.0106211 0.1344 0.126241 0.681514 0.00825355 0.0139533
9.9964E-05 9.9964E-05 9.9964E-05 0.0130804 0.947911 9.9964E-05 0.0386092
0.0556843 0.00665182 0.052174 0.0633413 0.770096 0.036875 0.0151775
9.9964E-05 0.00280601 9.9964E-05 9.9964E-05 0.880701 9.9964E-05 0.116094
0.052751 9.9973E-05 0.0415529 0.0149777 0.890418 9.9973E-05 9.9973E-05
0.0411564 9.9955E-05 9.9955E-05 9.9955E-05 0.958344 9.9955E-05 9.9955E-05
9.9973E-05 0.017939 0.38587 0.156134 0.439757 9.9973E-05 9.9973E-05
0.00809746 0.0436408 0.373351 0.0665866 0.46903 0.0391938 9.9991E-05
0.0115993 0.0452798 0.403237 0.0629022 0.385577 0.0913041 9.9991E-05
0.00320609 0.146725 0.349847 0.115417 0.320703 0.0640019 9.9991E-05
0.0133289 0.0607938 0.31404 0.0909489 0.503605 0.0166402 0.000642863
9.9982E-05 0.104115 0.362464 0.0884063 0.349515 0.0952993 9.9982E-05
0.024915 0.0320543 0.353164 0.0509645 0.471706 0.0670962 9.9991E-05
9.9982E-05 0.0806831 0.232122 0.169017 0.483159 9.9982E-05 0.034819
9.9991E-05 0.0759488 0.317995 0.0996769 0.451903 0.0411821 0.0131946
0.0296339 0.00135262 0.266243 0.101998 0.440494 0.0862364 0.0740419
9.9973E-05 0.163508 0.321034 0.113912 0.401246 9.9973E-05 9.9973E-05
9.9982E-05 0.0302631 0.281618 0.159004 0.431996 0.0969191 9.9982E-05
9.9982E-05 0.0556622 0.408687 0.138879 0.393388 0.00318369 9.9982E-05
9.9982E-05 0.108564 0.312996 0.0769896 0.417605 0.0836456 9.9982E-05
0.0557632 0.0512913 0.214091 0.19818 0.403508 0.0639457 0.0132214
0.0831611 0.0306516 0.357476 0.130393 0.331377 0.0391934 0.0277474
9.9982E-05 0.0844864 0.357629 0.0768269 0.374928 0.105929 9.9982E-05
0.0264443 0.108575 0.254826 0.074456 0.375212 0.144377 0.0161104
9.9982E-05 0.0928115 0.389149 0.145637 0.364159 0.00804379 9.9982E-05
9.9982E-05 0.0713919 0.425491 0.110553 0.349952 0.0424117 9.9982E-05
9.9982E-05 0.0849795 0.375379 0.168713 0.362344 9.9982E-05 0.00838476
9.9991E-05 0.020061 0.381512 0.188678 0.379692 0.0160917 0.0138659
9.9982E-05 0.0293365 0.315701 0.073489 0.484132 0.097142 9.9982E-05
9.9991E-05 0.0938574 0.30439 0.0961661 0.328938 0.069136 0.107412
9.9973E-05 9.9973E-05 0.360836 0.059099 0.469946 0.109819 9.9973E-05
0.0500946 0.0417485 0.310312 0.120047 0.450753 0.011124 0.0159198
0.0495438 0.0712488 0.259452 0.0382521 0.5066 0.074803 9.9991E-05
9.9991E-05 0.0924663 0.207266 0.160196 0.441404 0.0786351 0.0199333
0.0352103 0.0371518 0.194103 0.171141 0.523047 0.0392472 9.9991E-05
0.0234957 0.0763054 0.237582 0.108504 0.507102 0.0339702 0.0130403
0.0749814 0.0412721 0.434262 0.148491 0.256156 0.0129264 0.0319113
9.9982E-05 0.0785081 0.217205 0.183358 0.502982 0.0177467 9.9982E-05
9.9991E-05 0.0468928 0.259577 0.138052 0.372501 0.0936942 0.0891831
9.9982E-05 0.0946398 0.164304 0.185891 0.528805 9.9982E-05 0.0261603
0.0672851 9.9982E-05 0.228278 0.179848 0.484971 0.0394183 9.9982E-05
9.9973E-05 0.109073 0.260563 0.153793 0.476271 9.9973E-05 9.9973E-05
0.0173683 0.123667 0.240641 0.131797 0.353311 0.0510893 0.0821269
0.0473974 0.0602653 0.239808 0.152156 0.379933 0.0732735 0.0471668
0.068998 9.9991E-05 0.237337 0.114354 0.511397 0.0622822 0.0055321
0.046656 0.10051 0.286566 0.0665305 0.3416 0.0903285 0.0678087
9.9982E-05 0.116649 0.165327 0.0833627 0.579569 0.054893 9.9982E-05
0.0222925 0.0280234 0.280919 0.151423 0.49754 0.0197021 9.9991E-05
0.033327 0.119563 0.150967 0.172212 0.428886 0.0449627 0.0500825
0.0301486 0.0467612 0.258088 0.114723 0.415774 0.047563 0.0869426
9.9991E-05 0.0490296 0.370468 0.0659818 0.463353 0.0389071 0.0121604
0.0454281 0.0763321 0.184572 0.0965087 0.398679 0.103259 0.0952218
0.0183716 0.0645364 0.171441 0.127017 0.557622 0.0333681 0.027644
9.9982E-05 0.0328737 0.329774 0.173592 0.408247 0.0553135 9.9982E-05
0.0409951 0.0410913 0.291052 0.150106 0.431808 0.044848 9.9991E-05
0.0272419 0.0299543 0.140917 0.0998903 0.530795 0.0734859 0.0977156
0.0216764 0.0426081 0.0188317 0.0743953 0.0253831 0.795059 0.0220469
0.010989 0.0130871 0.0189101 0.0776828 0.0507214 0.815603 0.0130062
0.00981487 0.0817379 0.0340956 0.0716396 0.0289813 0.637509 0.136222
0.000310561 0.0452614 0.0691869 0.131904 0.0105796 0.742657 9.9991E-05
0.0173201 9.9991E-05 0.073613 0.210264 0.00542789 0.625856 0.0674186
0.0289835 9.9991E-05 0.0415809 0.0699026 0.031163 0.825138 0.00313214
9.9982E-05 0.0501919 0.040124 0.0341842 9.9982E-05 0.855257 0.0200433
0.0210375 0.0237195 9.9982E-05 9.9982E-05 0.0196574 0.883352 0.0520341
9.9982E-05 9.9982E-05 0.0439484 0.0326421 0.0285221 0.795827 0.0988608
0.018743 9.9982E-05 0.0646944 0.0325134 9.9982E-05 0.882622 0.0012276
0.0301347 0.00291475 0.0758552 0.101893 9.9991E-05 0.736102 0.0530003
0.0213452 0.050493 9.9982E-05 0.218261 0.0347266 0.674974 9.9982E-05
9.9964E-05 0.0167293 9.9964E-05 0.0492565 9.9964E-05 0.933614 9.9964E-05
0.0231273 9.9982E-05 0.0142907 0.132314 0.0103375 0.819731 9.9982E-05
0.0127949 0.0655165 0.0109772 9.9982E-05 0.0439822 0.866529 9.9982E-05
0.0352112 0.0359842 9.9982E-05 0.0979918 0.0226407 0.807972 9.9982E-05
9.9973E-05 0.0139051 9.9973E-05 0.0268089 0.0285283 0.930458 9.9973E-05
0.0478987 0.030503 9.9982E-05 0.1922 9.9982E-05 0.66429 0.0649091
9.9973E-05 0.0333177 9.9973E-05 0.0732485 9.9973E-05 0.858744 0.0343903
0.00995038 9.9991E-05 0.0159161 0.0238884 0.035902 0.757735 0.156508
0.0115284 0.0346658 0.0528487 0.0403065 0.000782083 0.859768 9.9991E-05
9.9973E-05 9.9973E-05 9.9973E-05 0.0493892 0.0496263 0.82916 0.0715245
9.9973E-05 9.9973E-05 0.0488274 0.0508809 9.9973E-05 0.821677 0.0783146
0.0037949 0.00448769 0.0107127 0.0646099 9.9991E-05 0.878715 0.0375801
0.000803991 0.0487591 0.0609874 0.104965 0.0521017 0.682103 0.0502793
0.00674231 0.0303401 0.0857383 0.0347724 0.00147821 0.796891 0.0440374
0.0462023 0.0625043 9.9991E-05 0.0821737 0.0128066 0.730763 0.0654497
0.0038556 9.9982E-05 0.158537 0.067 9.9982E-05 0.746072 0.0243351
0.0830852 0.0548819 9.9991E-05 0.106995 0.0176173 0.63444 0.102881
0.0374423 0.0475121 9.9991E-05 0.0761708 0.00855592 0.802648 0.027571
9.9982E-05 0.0515461 0.0266022 0.194134 9.9982E-05 0.646523 0.0809945
9.9982E-05 0.0450095 0.0480176 0.0458368 0.0079717 0.852964 9.9982E-05
0.015993 0.0292568 9.9982E-05 0.174251 9.9982E-05 0.766683 0.0136162
0.0254221 9.9973E-05 0.0168773 9.9973E-05 9.9973E-05 0.914623 0.0427773
0.0185202 0.0782973 0.0936648 0.0902423 0.0124164 0.638744 0.0681145
0.0101229 0.0625921 9.9982E-05 0.0684162 0.0400991 0.81857 9.9982E-05
9.9991E-05 0.0296376 0.0123606 0.0322933 0.00694465 0.851421 0.0672431
0.00646144 9.9973E-05 9.9973E-05 0.0552454 9.9973E-05 0.895363 0.0426298
9.9964E-05 9.9964E-05 0.0668786 9.9964E-05 9.9964E-05 0.91657 0.0161515
0.0512046 9.9982E-05 0.0373647 0.0475989 9.9982E-05 0.827874 0.0357583
9.9973E-05 9.9973E-05 0.0398696 9.9973E-05 0.00184736 0.954419 0.00356421
9.9973E-05 9.9973E-05 0.064894 0.203893 9.9973E-05 0.72692 0.00399364
0.0467388 9.9973E-05 9.9973E-05 0.105502 0.0104199 0.837039 9.9973E-05
0.00637695 0.13156 9.9982E-05 0.0350462 0.034508 0.792309 9.9982E-05
9.9973E-05 0.0716831 0.00739033 0.148757 9.9973E-05 0.771869 9.9973E-05
9.9982E-05 0.0134026 9.9982E-05 0.172026 0.00905538 0.74618 0.0591365
0.0450839 0.0271627 9.9982E-05 0.241203 9.9982E-05 0.684413 0.00193705
9.9982E-05 0.0252385 9.9982E-05 0.0217318 0.0453674 0.89704 0.0104224
0.0324429 9.9982E-05 9.9982E-05 0.102879 0.00653746 0.848882 0.00905956
0.0448075 0.0298439 9.9991E-05 0.0130768 0.031213 0.868836 0.0121228
0.0249578 0.0173102 0.929432 0.0279997 9.9973E-05 9.9973E-05 9.9973E-05
0.0359363 0.0654237 0.759698 0.0376948 0.0417446 0.0089762 0.0505267
0.0271973 9.9982E-05 0.863792 9.9982E-05 0.0439912 0.0610337 0.00378563
0.07739 0.0554359 0.561321 0.0115078 0.0552541 0.0321005 0.20699
0.0515991 9.9991E-05 0.750093 0.0148611 0.0655127 0.0183128 0.0995216
0.0217251 0.0720304 0.76518 9.9973E-05 9.9973E-05 9.9973E-05 0.140765
0.0143024 0.106429 0.764732 0.0528982 9.9991E-05 0.0263196 0.0352186
9.9982E-05 0.118811 0.780189 0.0213286 9.9982E-05 0.0216501 0.0578205
0.0387884 0.0691406 0.754459 0.0878245 9.9991E-05 0.00332174 0.0463659
0.106462 0.0802071 0.758259 9.9982E-05 9.9982E-05 0.0248633 0.0300082
0.00638516 0.107041 0.584031 0.117713 0.0698461 0.0145305 0.100453
0.0270936 0.106263 0.589159 0.0675417 0.0555604 0.0802566 0.074126
0.0639747 0.105491 0.76831 9.9982E-05 0.00714856 0.0548756 9.9982E-05
0.081413 0.0373316 0.697938 0.0595537 0.123564 9.9982E-05 9.9982E-05
0.0345209 9.9982E-05 0.815821 0.0845259 0.030366 9.9982E-05 0.0345664
0.060964 0.0202799 0.751281 0.0696315 0.0374367 0.0603068 9.9991E-05
0.113907 0.0988207 0.525824 0.0795419 0.0976305 0.0532089 0.0310675
0.0384752 0.0745912 0.814118 9.9982E-05 0.0460185 9.9982E-05 0.0265974
0.00100516 0.140955 0.778021 9.9991E-05 0.0356197 0.0348833 0.00941593
0.0352965 0.0419023 0.740309 0.102899 0.0587208 0.0188003 0.0020722
0.0605558 0.0624506 0.723806 9.9982E-05 0.116739 0.036249 9.9982E-05
0.0124196 0.130474 0.803028 9.9973E-05 9.9973E-05 9.9973E-05 0.0537783
0.0107163 0.0844583 0.780543 0.108978 0.00112741 0.0140773 9.9991E-05
0.0551071 9.9982E-05 0.874402 0.0211985 9.9982E-05 0.0466557 0.00243618
0.0466238 0.0795457 0.76981 0.026388 9.9991E-05 0.0241659 0.0533666
0.0691215 9.9982E-05 0.71276 9.9982E-05 0.0580281 0.0321514 0.127739
0.0128269 0.0646448 0.801108 0.0610712 9.9991E-05 0.02591 0.034339
0.0217875 0.0136549 0.734689 0.092643 0.00605211 0.0488698 0.0823035
0.00608134 0.0479129 0.744212 9.9991E-05 0.0755943 0.00751424 0.118585
0.0561618 0.0376925 0.788246 9.9991E-05 0.0210317 0.0635413 0.0332271
0.0201157 0.0640355 0.745553 0.0955855 0.0342621 9.9991E-05 0.040348
0.0336663 0.0329204 0.904096 0.0158716 9.9982E-05 0.0132458 9.9982E-05
0.0321962 0.0374434 0.79442 0.0603689 0.0396102 0.0358607 9.9991E-05
0.0565496 0.0136326 0.8174 0.104698 9.9982E-05 0.00751959 9.9982E-05
0.0220628 9.9991E-05 0.627575 0.0515358 0.0454235 0.0707375 0.182566
0.079616 9.9982E-05 0.796585 0.0413932 0.0090896 9.9982E-05 0.0731163
0.0285874 0.17309 0.774566 9.9982E-05 0.01662 0.00693574 9.9982E-05
0.0500462 9.9973E-05 0.892526 0.0409626 0.0161653 9.9973E-05 9.9973E-05
0.0892228 9.9982E-05 0.762495 0.0649151 0.0660707 9.9982E-05 0.0170964
0.127842 9.9982E-05 0.771986 0.0526852 0.0258013 9.9982E-05 0.0214854
0.122607 9.9982E-05 0.747889 9.9982E-05 0.027121 0.0668092 0.0353746
0.0562535 0.0649908 0.712351 0.0337858 0.0335662 0.0336226 0.0654303
0.0685198 9.9991E-05 0.771529 0.0218731 0.0556708 0.00928308 0.0730245
0.00178458 0.111237 0.796074 0.00532888 9.9991E-05 0.0555667 0.0299092
0.0501787 0.011662 0.64657 9.9991E-05 0.0277193 0.0708234 0.192947
0.050366 0.0418371 0.74982 9.9982E-05 0.125133 0.0326438 9.9982E-05
0.0100631 0.0689099 9.9991E-05 0.677158 0.0195396 0.163728 0.0605015
0.0350453 0.067599 0.110536 0.618609 0.0144117 0.0523413 0.101458
0.0269643 0.0274656 0.0237697 0.854412 9.9991E-05 0.0566182 0.0106699
0.0112611 0.0721771 9.9982E-05 0.859818 0.000771288 0.0557729 9.9982E-05
9.9982E-05 0.0512686 0.0142406 0.782703 9.9982E-05 0.106063 0.0455245
9.9982E-05 0.0300735 0.047101 0.86047 9.9982E-05 0.0596947 0.00246116
0.0256644 9.9982E-05 0.0864107 0.749613 0.0365591 0.101553 9.9982E-05
0.0430242 9.9973E-05 0.0695447 0.795856 9.9973E-05 0.091275 9.9973E-05
0.0402428 9.9982E-05 0.0288048 0.709828 0.00966894 0.211256 9.9982E-05
0.0467128 0.0212733 0.0689399 0.646571 0.0367997 0.131051 0.0486519
9.9991E-05 0.0869647 0.0304829 0.626938 0.0316336 0.188859 0.0350217
0.00951515 9.9982E-05 9.9982E-05 0.763637 0.0718799 0.120456 0.0343122
0.0336981 9.9982E-05 0.0276209 0.868119 9.9982E-05 0.0502795 0.0200826
0.0181007 0.0616171 9.9973E-05 0.912691 9.9973E-05 0.00729147 9.9973E-05
0.0112398 0.0351196 0.0330307 0.714144 0.0264822 0.0637782 0.116206
0.0573356 0.0600419 0.0980547 0.557687 0.0324333 0.165112 0.0293356
0.03235 0.0745739 0.106258 0.534927 0.0700154 0.0645585 0.117316
9.9991E-05 0.0466157 0.0604854 0.759073 0.00886163 0.102065 0.0227992
0.000495271 9.9991E-05 0.0429846 0.805197 0.0434407 0.060126 0.0476569
0.0278189 9.9982E-05 9.9982E-05 0.766461 0.0394353 0.141492 0.0245929
0.00692762 0.0171387 9.9991E-05 0.737035 0.0560714 0.139453 0.0432746
0.0241765 0.0438184 0.0217933 0.65058 0.0502692 0.157751 0.0516116
9.9982E-05 0.0282394 9.9982E-05 0.715155 0.0569916 0.148029 0.0513849
9.9982E-05 9.9982E-05 0.0538769 0.820291 0.0140171 0.0882334 0.0233815
0.0022688 0.0242089 9.9991E-05 0.884678 0.0326369 0.0225079 0.0335995
0.0163062 9.9982E-05 9.9982E-05 0.896139 0.0483049 0.0245352 0.0145147
0.00751958 9.9982E-05 9.9982E-05 0.850299 0.0247728 0.0209345 0.0962737
0.053257 0.0124773 9.9991E-05 0.710032 0.0158403 0.0711985 0.137095
0.0246833 0.00612611 0.0163892 0.871494 0.00853177 0.0406316 0.0321442
0.0386619 9.9991E-05 0.0272199 0.76632 0.0528472 0.0982512 0.0166
0.0056874 9.9973E-05 0.038334 0.903478 0.0522006 9.9973E-05 9.9973E-05
0.0102213 9.9964E-05 0.0543953 0.934984 9.9964E-05 9.9964E-05 9.9964E-05
0.0076963 9.9973E-05 9.9973E-05 0.861687 9.9973E-05 0.0480151 0.0823013
0.0268034 0.0558515 0.0167165 0.736675 0.0536916 0.0344719 0.0757897
0.0147838 0.0384627 0.0131981 0.874105 0.0456165 0.0137341 9.9991E-05
9.9982E-05 0.0645333 0.0427308 0.814727 0.0302359 9.9982E-05 0.0475727
0.001032 9.9982E-05 9.9982E-05 0.850173 0.0209038 0.115474 0.0122173
9.9973E-05 9.9973E-05 0.0234835 0.926961 9.9973E-05 0.0377514 0.0115038
0.00259586 0.00716121 0.0215688 0.852124 9.9991E-05 0.0976094 0.0188405
9.9982E-05 9.9982E-05 0.0138018 0.805631 0.015932 0.139019 0.025416
9.9982E-05 0.0162343 0.00575793 0.922983 0.0204506 0.0343739 9.9982E-05
0.00279157 9.9982E-05 9.9982E-05 0.872975 0.028475 0.0947574 0.000800872
9.9973E-05 9.9973E-05 9.9973E-05 0.897677 0.0526916 0.0299175 0.0194142
9.9964E-05 0.0265558 9.9964E-05 0.918203 9.9964E-05 0.054841 9.9964E-05
9.9982E-05 0.00234598 9.9982E-05 0.780472 0.0419915 0.0884109 0.0865799
0.788908 0.0581914 0.00282412 9.9991E-05 0.0601404 0.0490096 0.0408265
0.842023 0.0471567 9.9973E-05 9.9973E-05 0.0755358 9.9973E-05 0.0349848
0.730432 0.080816 0.0892834 9.9982E-05 9.9982E-05 0.0480168 0.051252
0.77244 0.0743104 0.0448027 9.9982E-05 0.0943171 9.9982E-05 0.0139302
0.876921 0.0424677 0.0540092 0.0118673 0.0145353 9.9982E-05 9.9982E-05
0.91009 9.9973E-05 0.00291128 0.00520486 9.9973E-05 9.9973E-05 0.0814938
0.846108 0.0930076 0.060485 9.9964E-05 9.9964E-05 9.9964E-05 9.9964E-05
0.532481 0.19061 0.0586988 9.9991E-05 0.0487878 0.0385631 0.13076
0.802717 0.0625312 9.9973E-05 0.055633 9.9973E-05 9.9973E-05 0.0788187
0.85385 0.122895 9.9964E-05 9.9964E-05 9.9964E-05 0.0228552 9.9964E-05
0.610112 0.155377 0.0731373 9.9991E-05 0.0765223 0.0295517 0.0551997
0.590198 0.179278 0.0632497 0.0468277 0.0220577 0.0359828 0.0624055
0.872686 0.0321101 9.9982E-05 0.0344558 0.00346861 9.9982E-05 0.0570792
0.837135 0.109639 0.0375422 0.0153839 9.9973E-05 9.9973E-05 9.9973E-05
0.814427 0.00702319 0.0775666 9.9982E-05 9.9982E-05 0.00466837 0.0961145
0.898953 0.0761068 9.9973E-05 9.9973E-05 0.0173388 9.9973E-05 0.00730195
0.690097 0.184458 9.9982E-05 9.9982E-05 0.00904031 0.0272342 0.0889706
0.81834 0.131491 9.9973E-05 0.0488624 0.00100686 9.9973E-05 9.9973E-05
0.710873 0.181533 0.0417073 0.0202926 0.0157246 0.0297698 9.9991E-05
0.93447 0.0595466 9.9964E-05 9.9964E-05 9.9964E-05 9.9964E-05 0.00558337
0.876015 0.078679 9.9973E-05 0.0197849 9.9973E-05 9.9973E-05 0.0252208
0.712018 0.215744 0.0680301 9.9973E-05 9.9973E-05 9.9973E-05 0.0039084
0.711483 0.138643 0.0495908 0.00677102 0.0265913 9.9991E-05 0.0668201
0.883959 0.115541 9.9955E-05 9.9955E-05 9.9955E-05 9.9955E-05 9.9955E-05
0.725792 0.0509583 0.0533868 0.0310858 0.0465034 0.033873 0.0584009
0.796723 0.0552523 0.0273017 0.000834243 9.9982E-05 9.9982E-05 0.119689
0.73749 0.227705 0.0320214 0.0024829 9.9973E-05 9.9973E-05 9.9973E-05
0.632471 0.192681 0.00186708 0.0603076 0.0333503 0.0113991 0.0679235
0.857901 0.103859 9.9982E-05 0.0354325 0.00223812 0.00036947 9.9982E-05
0.793827 0.149097 9.9982E-05 9.9982E-05 0.0091829 0.0393751 0.00831826
0.796312 0.14086 0.0140975 0.0353385 9.9982E-05 0.0131917 9.9982E-05
0.878616 0.0148165 0.0368245 0.0239561 9.9982E-05 0.0455874 9.9982E-05
0.910147 0.0472574 9.9964E-05 9.9964E-05 9.9964E-05 0.0421959 9.9964E-05
0.836743 0.141596 0.00661076 0.0147496 9.9973E-05 9.9973E-05 9.9973E-05
0.926342 9.9973E-05 9.9973E-05 0.0136829 0.0329807 9.9973E-05 0.0266941
0.676136 0.323364 9.9955E-05 9.9955E-05 9.9955E-05 9.9955E-05 9.9955E-05
0.765215 0.165823 0.0565185 9.9973E-05 9.9973E-05 9.9973E-05 0.0121441
0.903284 9.9973E-05 9.9973E-05 9.9973E-05 0.0203269 0.0170338 0.059055
0.877352 0.0939601 9.9964E-05 9.9964E-05 9.9964E-05 0.0282881 9.9964E-05
0.816439 0.0787489 9.9982E-05 9.9982E-05 0.00966755 0.0527559 0.0421882
0.75694 0.170332 0.00745107 0.0143582 0.0271538 9.9991E-05 0.023665
0.564522 0.202121 0.0412738 9.9991E-05 0.024624 0.0690191 0.0983398
0.668434 0.0884152 0.109294 9.9991E-05 0.0381361 0.00804445 0.0875765
0.830697 0.125075 0.0278691 0.0160594 9.9973E-05 9.9973E-05 9.9973E-05
0.80275 0.185462 9.9964E-05 9.9964E-05 0.0113876 9.9964E-05 9.9964E-05
0.816689 0.0894913 0.0238175 9.9991E-05 0.0515929 0.000340419 0.0179685
0.981072 9.9955E-05 9.9955E-05 9.9955E-05 9.9955E-05 0.0184281 9.9955E-05
0.783461 0.113939 0.00603759 0.0263615 0.0211745 0.0489257 9.9991E-05
0.0122999 0.751503 0.00549029 0.00779901 0.00324523 0.073742 0.14592
0.0488992 0.73818 9.9991E-05 0.0342231 0.00385361 0.034661 0.140084
0.103692 0.630964 0.0168109 0.0358514 9.9991E-05 0.000322852 0.212258
0.0493874 0.648772 9.9982E-05 9.9982E-05 0.0434798 0.0265528 0.231608
0.00202624 0.680166 0.0146372 0.0341915 9.9982E-05 9.9982E-05 0.268779
0.109559 0.519715 0.0565206 0.0806842 0.019851 9.9991E-05 0.213571
0.0604995 0.668601 0.066954 9.9982E-05 9.9982E-05 0.0810329 0.122713
0.0751244 0.711489 0.0050493 0.0357997 0.0263665 0.053464 0.0927068
0.0901605 0.639056 0.00982339 0.0504834 9.9991E-05 0.0432596 0.167117
0.00423271 0.611379 0.0687147 0.0728885 0.0393706 9.9991E-05 0.203315
0.0519355 0.744854 0.0122196 0.0499626 0.0974491 9.9991E-05 0.0434795
0.00933715 0.792148 0.0671808 0.00423107 0.0107114 9.9991E-05 0.116291
9.9973E-05 0.804861 9.9973E-05 0.0546672 0.0020778 9.9973E-05 0.138094
0.0473709 0.62141 0.0149757 9.99922E-05 0.0489882 0.0862509 0.180904
9.9973E-05 0.782017 9.9973E-05 0.027526 9.9973E-05 0.0434136 0.146744
0.00239391 0.624901 0.0401218 0.00530268 9.9991E-05 0.0721879 0.254993
0.0317279 0.645194 9.9982E-05 0.0322511 0.0418507 9.9982E-05 0.248776
0.0289901 0.718584 9.9982E-05 0.00220862 0.0561985 9.9982E-05 0.193819
0.0562327 0.56754 0.0573734 0.0558664 0.0777678 0.0388918 0.146328
0.013045 0.808574 0.0118145 0.0104555 0.0468225 0.0749988 0.0342893
9.9973E-05 0.795089 0.0277434 9.9973E-05 9.9973E-05 0.0715593 0.105308
0.0672771 0.702017 9.9982E-05 0.0347231 9.9982E-05 0.0373852 0.158398
0.0365511 0.681837 0.0289522 0.025573 0.0217161 0.0407655 0.164605
0.127891 0.513813 0.0418457 0.0327925 0.019922 0.0525918 0.211143
0.0360366 0.601205 0.069531 0.0184123 9.9991E-05 0.0138036 0.260911
0.01477 0.817803 0.082748 9.9982E-05 9.9982E-05 0.020294 0.0641846
0.0729705 0.770916 0.00593387 9.9982E-05 0.000306986 9.9982E-05 0.149673
0.0953174 0.704432 0.0855556 0.0368455 9.9982E-05 9.9982E-05 0.0776491
0.0235669 0.823272 9.9982E-05 0.038373 0.0272492 9.9982E-05 0.0873385
0.0791889 0.749346 0.0164757 9.9991E-05 0.0133292 0.038177 0.103383
0.00877886 0.784772 9.9991E-05 0.0558134 0.00886971 0.0604137 0.0812523
0.0267323 0.734277 0.115785 9.9991E-05 0.00760369 0.000151138 0.115351
0.0458167 0.681196 9.9982E-05 9.9982E-05 0.0389564 0.030507 0.203324
0.0197268 0.704581 0.0185389 9.9991E-05 0.00965942 0.0451843 0.202209
0.0659111 0.737606 0.0566309 9.9982E-05 0.0341542 9.9982E-05 0.105498
0.0710786 0.615895 0.131594 9.9982E-05 9.9982E-05 0.0107193 0.170513
0.0901348 0.530248 0.051895 0.0301567 0.0887713 0.0633361 0.145458
0.0492466 0.724122 0.0463188 0.0272902 9.9991E-05 0.0650279 0.0878942
0.00517173 0.676844 0.0118459 0.0115434 0.0983136 0.0467563 0.149525
0.0807725 0.641613 0.0406246 0.00624926 9.9982E-05 9.9982E-05 0.230541
0.0811495 0.716809 0.00445475 0.0248085 0.0296042 0.0352855 0.107888
0.0825652 0.620178 0.046053 0.0511025 0.0470094 9.9991E-05 0.152992
0.0220461 0.741801 0.00138844 0.0820297 9.9991E-05 0.064417 0.0882173
0.0235403 0.585555 9.9991E-05 0.0306616 0.0628143 0.0886832 0.208645
0.0243331 0.832752 9.9991E-05 0.0867414 0.0010529 0.0530571 0.00196314
0.00483808 0.784721 9.9973E-05 9.9973E-05 9.9973E-05 0.0456167 0.164525
0.0264926 0.674691 0.0441418 0.0353211 9.9991E-05 0.0604038 0.15885
9.9991E-05 0.806093 0.0419157 0.0124355 0.00807914 0.0260367 0.105339
0.0815092 0.723853 9.9991E-05 0.0535184 0.0369432 0.0109498 0.0931266
0.0708269 0.657946 9.9991E-05 0.0468036 0.05398 0.0951229 0.0752207
0.0642918 0.0531258 0.12665 0.117842 0.093863 0.0306768 0.513551
0.112377 0.0434162 0.183883 0.0474869 9.9991E-05 0.0214618 0.591275
0.0862844 0.057359 0.208051 9.9991E-05 0.016718 0.0736459 0.557842
0.0493133 0.228535 0.0601623 9.9982E-05 0.0423252 9.9982E-05 0.619465
0.076157 0.0759602 0.118976 0.0294296 0.0591522 0.0918174 0.548508
0.0750206 0.102167 0.183132 9.9973E-05 9.9973E-05 9.9973E-05 0.639381
0.087752 0.0695642 0.146185 0.0121748 0.0499241 0.073842 0.560558
0.0276348 0.120381 0.134887 9.9991E-05 0.00785097 0.056297 0.652849
0.0451146 0.135249 0.196915 0.0195609 9.9991E-05 0.0580071 0.545054
0.0731908 0.107638 0.160916 0.00642319 9.9991E-05 0.0924754 0.559257
0.0999301 0.118815 0.0403006 9.9991E-05 0.0294462 0.0689854 0.642422
0.0364341 0.154988 0.106198 9.9982E-05 9.9982E-05 0.0645694 0.637611
0.100247 0.108291 0.12369 0.101727 9.9991E-05 0.0249356 0.541009
0.0380476 0.233624 0.0656772 0.0521362 9.9991E-05 0.0410783 0.569337
0.0105948 0.17744 0.159554 0.0631756 0.0192388 9.9991E-05 0.569897
0.110501 0.0937265 0.110809 9.9991E-05 0.0659643 0.0718453 0.547054
0.0391919 0.155101 0.109348 9.9991E-05 0.0356305 0.0424718 0.618157
0.109899 0.097183 0.141104 0.10649 9.9982E-05 9.9982E-05 0.545125
0.0604318 0.1207 0.124669 0.0169118 9.9982E-05 9.9982E-05 0.677087
0.0956224 0.0908359 0.219598 0.00268312 9.9982E-05 9.9982E-05 0.59106
0.0192191 0.155772 0.0785711 0.0197356 0.00599049 0.0784454 0.642266
0.0259385 0.102914 0.0884486 0.0609608 0.00201842 0.0423547 0.677365
0.0566151 9.9982E-05 9.9982E-05 0.0788346 0.0303344 0.0767481 0.757268
0.033421 0.0585776 0.0458611 0.156229 0.0508492 0.00255057 0.652512
0.0187575 0.0692335 0.0767776 0.118368 0.091343 0.0486172 0.576904
0.0586181 9.9991E-05 0.0984835 0.112285 0.0186755 0.0391855 0.672653
0.0710417 9.9991E-05 0.0783194 0.0638506 0.0194083 0.120002 0.647278
0.0316758 0.0342751 0.0646904 0.129274 0.081236 0.00124839 0.657601
0.0773336 9.9982E-05 0.118192 9.9982E-05 0.0575334 0.0781347 0.668606
0.0786842 0.0111404 9.9982E-05 0.163328 0.012681 9.9982E-05 0.733967
0.0891547 9.9991E-05 0.0277895 0.0748243 0.0432973 0.0250991 0.739735
0.0118283 9.9991E-05 0.0568634 0.0813445 0.0665615 0.0838234 0.699479
0.048899 9.9991E-05 0.0615269 0.194801 0.0238701 0.0392642 0.631539
0.0373797 9.9991E-05 0.0117781 0.0391953 0.0468951 0.0785118 0.78614
0.0886414 9.9964E-05 9.9964E-05 9.9964E-05 0.112299 9.9964E-05 0.79866
0.0635656 0.0675368 0.00903719 0.10358 0.0436288 0.0127213 0.69993
0.0575938 0.0305799 0.0781123 0.0680121 0.053038 0.0575845 0.655079
0.062655 9.9991E-05 0.0539133 0.134758 0.0737617 0.0176836 0.657129
0.0465563 9.9991E-05 0.0640482 0.0833066 0.0103782 0.0507077 0.744903
0.0798582 9.9991E-05 0.00476501 0.0801041 0.102201 0.0446799 0.688292
0.077198 9.9991E-05 0.0789067 0.0307208 0.0411459 0.0654945 0.706434
0.0426538 9.9973E-05 9.9973E-05 0.137888 9.9973E-05 0.0631797 0.755978
0.0344537 0.0727611 0.061518 0.034813 0.0218647 0.0617565 0.712833
0.00726278 0.245737 0.128067 0.0328841 0.0461113 0.10753 0.432408
0.0045845 0.138589 0.121852 0.00221853 9.9991E-05 0.0835346 0.649121
0.0473603 0.200322 0.102458 0.0171492 9.9991E-05 0.0840463 0.548565
0.00819555 0.093904 0.127879 9.9982E-05 0.0376425 9.9982E-05 0.732179
0.0960603 0.0948397 0.0558664 9.9991E-05 0.0336097 0.0871394 0.632384
0.0454813 0.0667097 0.129585 9.9991E-05 0.0324748 0.0607534 0.664896
0.0586064 0.0864217 0.12716 0.00442739 0.0288937 0.0720562 0.622435
0.107661 0.0793242 0.0575932 9.9982E-05 9.9982E-05 0.0670722 0.688149
0.0805225 0.163159 0.117408 0.0119653 9.9991E-05 0.0291167 0.597729
0.0709345 0.0607432 0.213364 0.10989 9.9991E-05 0.0846283 0.46034
0.0676823 0.147726 0.114863 9.9982E-05 9.9982E-05 0.0813678 0.58816
0.0539715 0.0877373 0.199398 0.117795 9.9991E-05 0.0886706 0.452328
0.040739 0.159964 0.128445 9.9991E-05 0.0264544 0.0181221 0.626176
0.0548418 0.165207 0.113409 0.0740216 9.9991E-05 0.0409286 0.551493
0.0820144 0.0847087 0.0970184 0.0420496 0.0309696 0.0453063 0.617933
0.0728514 0.108906 0.0902495 0.0428545 0.00843603 0.165412 0.511291
0.0597896 0.165809 0.100335 0.0837283 0.00406815 0.0318915 0.554378
0.0699788 0.135155 0.142776 0.0367283 0.0644978 0.00197526 0.548889
