0.464695 0.100677 0.125408 9.9982E-05 0.0196327 9.9982E-05 0.174928 0.114459
0.0510805 0.053776 0.155698 0.175001 0.0231067 0.159854 9.9991E-05 0.381383
0.209118 0.21441 9.9982E-05 0.118644 0.0299274 0.136695 9.9982E-05 0.291006
0.0756894 0.324451 9.9982E-05 0.175016 0.0945005 0.0800881 9.9982E-05 0.250055
0.100802 0.287686 0.172116 0.0807506 9.9982E-05 0.132568 9.9982E-05 0.225877
0.270507 0.127731 0.0744143 0.0813551 0.00402755 9.9991E-05 0.291614 0.150251
0.258284 0.234873 0.0721529 0.069856 0.194157 9.9982E-05 0.170477 9.9982E-05
0.196332 0.132326 0.0168622 9.9982E-05 9.9982E-05 0.111232 0.202583 0.340466
0.180899 0.265204 9.9982E-05 0.0967872 0.148404 0.0507663 9.9982E-05 0.25774
9.9973E-05 0.0413637 9.9973E-05 0.0500883 9.9973E-05 0.0969119 0.378707 0.43263
0.236821 0.445272 0.0360585 0.0444185 9.9982E-05 9.9982E-05 0.0669115 0.170318
0.0122142 0.417039 9.99641E-05 0.10328 9.99641E-05 9.99641E-05 9.99641E-05 0.467068
9.9973E-05 0.160529 0.137654 0.110216 0.306751 0.28455 9.9973E-05 9.9973E-05
0.0761038 9.9973E-05 0.00602977 9.9973E-05 0.202394 9.9973E-05 0.177152 0.538021
0.108496 0.474447 0.0162466 0.0419996 0.128934 9.9991E-05 0.0851489 0.144628
9.99551E-05 0.378756 9.99551E-05 9.99551E-05 9.99551E-05 9.99551E-05 0.0173876 0.603357
0.105312 0.403085 9.99729E-05 0.136682 9.99729E-05 9.99729E-05 0.10754 0.247081
0.0117783 0.0983769 0.06396 9.9982E-05 9.9982E-05 0.169589 0.226755 0.429341
0.349776 9.9982E-05 0.023135 0.0338651 9.9982E-05 0.106514 0.0842943 0.402215
0.0478354 0.266914 0.0393205 0.125806 0.0731949 0.000221555 9.9991E-05 0.446607
0.0402137 0.328455 0.122888 0.136359 9.9982E-05 0.080004 9.9982E-05 0.291881
9.9982E-05 0.241549 0.077503 0.0296475 0.211058 9.9982E-05 0.239044 0.200999
0.273835 9.9964E-05 9.9964E-05 9.9964E-05 0.207335 9.9964E-05 0.022774 0.495655
0.108473 0.21119 0.106366 0.0150623 0.0938909 9.9991E-05 0.229415 0.235503
9.9973E-05 0.267465 9.9973E-05 0.169309 0.279573 0.0642292 9.9973E-05 0.219123
0.181631 9.9973E-05 0.0791333 0.136907 9.9973E-05 0.17777 9.9973E-05 0.424259
0.215829 0.183137 0.135351 0.142184 0.0118191 9.9982E-05 9.9982E-05 0.311481
0.0823931 0.192439 0.10582 0.0607179 9.99731E-05 9.99731E-05 9.99731E-05 0.558329
0.140696 0.121245 0.0982801 0.138089 0.0448393 9.9991E-05 0.291776 0.164976
0.20912 0.278237 0.041589 9.9982E-05 9.9982E-05 0.0550973 0.0129999 0.402756
9.9982E-05 0.0830745 0.0922406 9.9982E-05 0.0604129 0.159419 0.0894317 0.515221
0.128919 0.0654453 9.9982E-05 9.9982E-05 0.17417 0.0891949 0.00360333 0.538467
0.230295 0.242862 0.028684 0.225544 0.181504 0.0148218 9.9991E-05 0.0761891
9.9964E-05 0.0797971 9.9964E-05 9.9964E-05 9.9964E-05 0.102312 0.271171 0.546321
0.286679 0.0125087 0.0337221 0.0204947 9.9982E-05 0.311022 9.9982E-05 0.335374
0.143625 0.00309816 0.0273794 0.089381 0.295192 0.32661 9.9991E-05 0.114614
0.329013 0.0380624 0.0400973 9.9982E-05 0.17442 9.9982E-05 0.367459 0.0507491
0.19577 0.0185643 0.0794324 0.0332261 0.0860452 0.226094 0.102383 0.258484
9.9973E-05 0.211174 0.145772 0.148793 9.9973E-05 0.170359 9.9973E-05 0.323603
9.9973E-05 0.387665 0.0211896 0.107816 9.9973E-05 0.201932 9.9973E-05 0.281097
0.0738146 0.13994 0.0797767 0.136507 0.0683609 9.9991E-05 0.449381 0.0521194
0.135617 0.431972 0.0683117 9.9973E-05 0.258617 9.9973E-05 0.105182 9.9973E-05
9.9964E-05 0.584312 0.16912 0.049871 9.9964E-05 9.9964E-05 9.9964E-05 0.196297
0.157395 0.259355 0.154385 0.129805 0.0149487 9.9991E-05 0.0497492 0.234262
0.268635 9.9991E-05 0.139054 0.0115882 0.135984 0.117359 0.18031 0.146969
0.127889 0.121245 9.9982E-05 0.0298676 0.400195 0.186155 9.9982E-05 0.134448
0.152888 0.0774204 9.9973E-05 0.0303745 9.9973E-05 0.262131 0.476886 9.9973E-05
9.9964E-05 0.14168 0.117341 9.9964E-05 9.9964E-05 0.569386 9.9964E-05 0.171193
0.0304959 0.190421 9.9982E-05 9.9982E-05 0.00551819 0.308269 0.324455 0.140641
0.25277 9.9964E-05 9.9964E-05 9.9964E-05 9.9964E-05 0.301285 0.30154 0.144005
9.9964E-05 9.9964E-05 0.0275807 9.9964E-05 0.224113 0.443592 9.9964E-05 0.304314
0.305728 0.294333 9.9964E-05 9.9964E-05 9.9964E-05 0.27624 9.9964E-05 0.1233
0.239563 9.9964E-05 9.9964E-05 9.9964E-05 0.20313 0.286982 0.269926 9.9964E-05
0.181059 0.117789 9.9964E-05 9.9964E-05 0.270531 0.430221 9.9964E-05 9.9964E-05
0.378701 0.0693726 0.0197344 9.9991E-05 0.00663012 0.211026 0.161695 0.152741
0.0343694 0.532575 0.133844 9.9973E-05 9.9973E-05 0.287668 0.0112441 9.9973E-05
0.370521 9.9973E-05 9.9973E-05 0.0845807 0.085742 0.194705 0.264152 9.9973E-05
0.150009 0.205982 9.9982E-05 0.00416322 9.9982E-05 0.279662 0.0777919 0.282191
0.460279 0.0765028 9.9982E-05 9.9982E-05 0.148031 0.140144 0.00690217 0.167942
0.0924124 0.194471 9.9964E-05 9.9964E-05 9.9964E-05 0.601978 9.9964E-05 0.110739
0.000753176 0.243629 9.9973E-05 9.9973E-05 0.127162 0.4828 0.145356 9.9973E-05
9.9973E-05 9.9973E-05 9.9973E-05 0.0160953 0.185007 0.483372 0.0988629 0.216363
9.9964E-05 9.9964E-05 9.9964E-05 9.9964E-05 0.297655 0.463228 0.223189 0.0155281
0.213425 0.441757 9.9964E-05 0.128571 9.9964E-05 0.215847 9.9964E-05 9.9964E-05
0.0946036 0.0682774 0.0499886 9.9982E-05 0.407453 0.141371 0.238107 9.9982E-05
0.282459 0.163883 0.0599296 0.0449408 0.164125 0.284463 9.9982E-05 9.9982E-05
0.38775 0.204047 9.9982E-05 0.129466 0.131949 0.0663056 0.0802833 9.9982E-05
9.9973E-05 9.9973E-05 0.0447051 9.9973E-05 0.0610531 0.416897 0.272152 0.204893
9.9973E-05 0.35449 0.126623 9.9973E-05 0.0266732 0.106598 0.385316 9.9973E-05
0.114183 0.486455 0.0475355 9.9982E-05 0.0750981 0.204615 0.0719138 9.9982E-05
0.317097 0.330551 9.9973E-05 9.9973E-05 0.194132 9.9973E-05 0.133482 0.0244376
0.364568 0.0191213 0.0571066 0.0777457 0.080329 0.154507 0.246522 9.9991E-05
0.356384 9.9964E-05 9.9964E-05 9.9964E-05 0.0277884 0.495587 0.11984 9.9964E-05
9.99641E-05 0.275116 9.99641E-05 0.0543912 9.99641E-05 0.592616 9.99641E-05 0.0774778
0.330822 0.205772 0.0775197 0.116349 0.0446058 0.224731 9.9982E-05 9.9982E-05
0.209337 0.133165 9.9982E-05 9.9982E-05 0.229316 0.220541 0.0454112 0.162029
9.9973E-05 0.0302108 0.0148168 9.9973E-05 0.687592 0.204773 0.0623072 9.9973E-05
0.138325 9.9973E-05 9.9973E-05 0.048455 9.9973E-05 0.35248 0.206378 0.254061
9.99641E-05 0.346154 9.99641E-05 0.142239 9.99641E-05 9.99641E-05 0.5039 0.00730689
0.282574 0.503484 9.9973E-05 0.100241 0.0766425 0.036759 9.9973E-05 9.9973E-05
0.133115 0.31039 0.145206 9.9982E-05 0.010774 9.9982E-05 0.313724 0.0865927
0.382128 0.186078 9.9973E-05 0.109361 0.0154033 0.30673 9.9973E-05 9.9973E-05
9.9955E-05 0.0249221 9.9955E-05 9.9955E-05 0.749591 0.224987 9.9955E-05 9.9955E-05
0.105717 0.113306 9.9982E-05 0.0356754 0.187305 0.367783 0.190013 9.9982E-05
0.210434 0.402538 9.9964E-05 9.9964E-05 0.125788 9.9964E-05 0.26084 9.9964E-05
0.0454859 0.0410151 9.9973E-05 0.671946 0.240682 9.9973E-05 9.9973E-05 0.00057136
0.0337369 0.0153173 9.9982E-05 0.637279 0.130438 0.124822 9.9982E-05 0.0582069
0.157671 0.00127856 0.116052 0.58766 9.9982E-05 0.0801845 0.056953 9.9982E-05
9.9973E-05 0.109681 9.9973E-05 0.336201 0.137986 9.9973E-05 0.270551 0.145281
9.99461E-05 9.99461E-05 9.99461E-05 0.731274 0.268126 9.99461E-05 9.99461E-05 9.99461E-05
0.109706 9.9973E-05 0.0366839 0.655856 0.0914614 9.9973E-05 0.105993 9.9973E-05
0.120904 9.9982E-05 0.00219534 0.504959 0.0317736 0.186248 9.9982E-05 0.15372
9.9964E-05 0.177189 0.0817244 0.703544 9.9964E-05 0.0371427 9.9964E-05 9.9964E-05
0.0978257 0.030696 0.0381228 0.652643 0.180413 9.9973E-05 9.9973E-05 9.9973E-05
0.0889282 9.9982E-05 0.0593216 0.566242 9.9982E-05 0.101488 0.149046 0.0347748
9.99461E-05 9.99461E-05 9.99461E-05 0.764896 9.99461E-05 9.99461E-05 0.234504 9.99461E-05
0.0800824 0.235982 0.000572813 0.492262 0.190801 9.9973E-05 9.9973E-05 9.9973E-05
0.0599048 0.00123232 0.186398 0.422735 0.0957426 9.9982E-05 9.9982E-05 0.233788
9.9982E-05 9.9982E-05 0.0773006 0.616137 0.190942 0.0588722 0.0193761 0.0371727
9.99551E-05 0.11815 9.99551E-05 0.76353 9.99551E-05 9.99551E-05 0.11782 9.99551E-05
9.99551E-05 0.0266039 9.99551E-05 0.902898 9.99551E-05 0.069998 9.99551E-05 9.99551E-05
9.9964E-05 9.9964E-05 9.9964E-05 0.697621 0.0282812 0.264118 9.9964E-05 0.00957972
0.217962 0.167507 0.139863 0.44032 9.9982E-05 9.9982E-05 0.0318822 0.00226556
0.280541 0.0183547 0.0934321 0.607272 9.9964E-05 9.9964E-05 9.9964E-05 9.9964E-05
0.143276 9.9964E-05 0.000641096 0.811945 9.9964E-05 9.9964E-05 0.0437384 9.9964E-05
9.9964E-05 0.187189 9.9964E-05 0.720219 0.0734097 0.018783 9.9964E-05 9.9964E-05
0.165505 9.9982E-05 0.00193975 0.421507 9.9982E-05 0.215851 0.194603 0.000394416
9.99641E-05 0.14737 9.99641E-05 0.671512 0.0994607 9.99641E-05 0.081257 9.99641E-05
0.0520495 9.99821E-05 0.109871 0.591604 0.0298899 9.99821E-05 0.0204158 0.195969
9.99641E-05 9.99641E-05 0.0457325 0.733515 0.0606614 9.99641E-05 0.159691 9.99641E-05
9.9982E-05 9.9982E-05 0.0313385 0.678133 0.102022 0.0139327 0.0265207 0.147853
9.9982E-05 0.00224273 0.0403783 0.574121 9.9982E-05 0.229181 0.0478881 0.105989
0.0999675 9.9964E-05 0.0166539 0.717061 9.9964E-05 9.9964E-05 0.165918 9.9964E-05
0.226629 0.0782763 9.9964E-05 0.617482 9.9964E-05 9.9964E-05 9.9964E-05 0.0772133
0.0920025 9.99641E-05 9.99641E-05 0.876767 0.00754313 9.99641E-05 9.99641E-05 0.023287
9.9991E-05 0.147268 0.112325 0.477705 0.0712897 0.00317501 0.0624349 0.125702
0.0520305 9.9973E-05 9.9973E-05 0.661418 0.108619 0.0444119 9.9973E-05 0.133221
9.9964E-05 9.9964E-05 0.0412956 0.489631 9.9964E-05 0.208519 9.9964E-05 0.260154
0.0324708 0.0482526 0.0153807 0.617498 9.9991E-05 0.00625249 0.222659 0.0573867
0.274781 9.9973E-05 0.0904486 0.49968 9.9973E-05 0.00490984 0.129881 9.9973E-05
0.163128 9.9982E-05 0.0127948 0.520913 9.9982E-05 0.075035 0.126957 0.100972
0.00337443 0.0182195 9.9991E-05 0.628398 0.190722 0.0068274 0.111291 0.0410672
0.184547 0.0292995 9.9973E-05 0.562036 0.0686594 9.9973E-05 0.155158 9.9973E-05
0.111861 9.9964E-05 9.9964E-05 0.370975 9.9964E-05 9.9964E-05 0.452042 0.0647217
0.0221751 0.0295407 9.99731E-05 0.680624 9.99731E-05 9.99731E-05 0.160854 0.106507
0.0495699 9.9973E-05 0.191226 0.465522 0.0618431 9.9973E-05 0.23154 9.9973E-05
0.340961 0.161426 9.9973E-05 9.9973E-05 9.9973E-05 0.263995 0.166203 0.0671148
0.385981 0.284468 0.0260794 0.0754171 9.9982E-05 0.108418 0.119436 9.9982E-05
0.190659 0.248106 0.0614115 0.0331891 0.213342 0.149856 0.0993027 0.00413405
9.99731E-05 0.353758 0.0570797 0.188704 9.99731E-05 0.0628198 0.337339 9.99731E-05
0.266785 0.0416948 0.0125911 0.081366 0.265127 0.114257 0.218079 9.9991E-05
0.220123 0.247531 0.0258156 9.9982E-05 0.0670717 0.295939 0.143319 9.9982E-05
0.162311 0.213701 0.142236 9.9982E-05 9.9982E-05 0.36434 0.0294415 0.0877706
0.261679 0.0205146 9.9973E-05 9.9973E-05 0.251144 0.35353 9.9973E-05 0.112832
0.372627 0.255942 0.0887881 0.023352 9.9991E-05 0.140365 0.103289 0.0155378
0.0931004 9.9973E-05 0.101338 9.9973E-05 0.223587 0.317012 0.264663 9.9973E-05
0.140046 0.113221 0.0320612 9.9982E-05 0.514502 0.0370496 0.16292 9.9982E-05
0.0586803 0.0826524 0.087977 9.9973E-05 0.171106 0.599284 9.9973E-05 9.9973E-05
9.9964E-05 0.304099 9.9964E-05 0.114186 9.9964E-05 0.185734 0.395581 9.9964E-05
0.31436 9.9982E-05 0.0172791 0.0329344 9.9982E-05 0.403335 0.131899 0.0999915
0.292645 0.287236 9.9973E-05 9.9973E-05 0.110664 0.0443573 0.264798 9.9973E-05
0.0776788 0.305318 9.9973E-05 9.9973E-05 0.17605 0.419758 0.0208952 9.9973E-05
0.243602 9.9973E-05 9.9973E-05 9.9973E-05 0.127973 0.277991 0.223283 0.12685
0.481211 0.115327 0.00945273 0.0108504 0.155823 0.0755917 0.151643 9.9991E-05
0.190554 0.0416763 0.0111693 9.9991E-05 0.103764 0.248913 0.373013 0.0308102
0.0822407 0.0107143 0.0550527 0.0767453 0.200706 0.107644 0.139609 0.327288
0.251468 0.0863293 0.0131857 0.152864 9.9982E-05 9.9982E-05 0.278049 0.217904
0.195205 0.147065 0.0569431 0.221449 0.0481723 9.9991E-05 0.0783585 0.252708
9.99731E-05 9.99731E-05 0.103475 0.157571 0.373976 0.0133227 9.99731E-05 0.351355
9.9982E-05 0.0358824 0.0464024 0.317424 0.14995 9.9982E-05 0.278326 0.171815
0.0938849 9.9973E-05 0.0902901 0.184758 9.9973E-05 9.9973E-05 0.187557 0.44321
0.060865 9.9982E-05 0.0213295 0.240473 0.298718 9.9982E-05 0.00422555 0.374189
9.99641E-05 9.99641E-05 0.0649042 0.208845 9.99641E-05 9.99641E-05 0.530054 0.195797
9.9982E-05 9.9982E-05 0.136001 0.309867 0.243614 0.0906665 0.139279 0.0803724
0.258105 9.9973E-05 0.0932012 0.141032 0.223749 9.9973E-05 9.9973E-05 0.283613
0.137892 9.9982E-05 0.00201886 0.19118 0.215472 0.146838 9.9982E-05 0.3064
9.9964E-05 9.9964E-05 9.9964E-05 9.9964E-05 0.223101 0.00272271 0.18007 0.593707
9.9973E-05 0.21868 0.0679741 0.193016 0.389043 9.9973E-05 9.9973E-05 0.130987
0.00292113 9.9991E-05 0.151613 0.12191 0.280618 0.104172 0.152964 0.185702
0.0563103 0.0254546 0.137491 0.0873348 0.207297 9.9991E-05 0.123075 0.362937
0.119988 0.315291 0.122099 0.180009 0.0717844 0.0733996 0.117329 9.9991E-05
0.0678459 0.141307 0.0662128 0.175605 0.338975 0.00334784 0.172066 0.0346403
9.99729E-05 0.137088 0.0125111 0.322604 9.99729E-05 9.99729E-05 0.307876 0.219622
0.330777 0.214978 0.062768 0.273126 9.9982E-05 9.9982E-05 0.0322898 0.085861
9.9973E-05 9.9973E-05 0.304024 0.271712 0.251692 9.9973E-05 0.0686626 0.10361
0.270526 9.99731E-05 0.0131226 0.133961 9.99731E-05 9.99731E-05 0.161115 0.420975
0.0982507 0.154184 0.0633204 0.232555 0.106262 9.9982E-05 9.9982E-05 0.345227
9.9982E-05 0.0112113 0.119274 0.106582 0.031961 0.427072 9.9982E-05 0.303701
9.99641E-05 9.99641E-05 0.123409 0.221493 9.99641E-05 0.400014 9.99641E-05 0.254684
0.108798 0.180354 0.106337 0.13116 0.27748 9.9982E-05 9.9982E-05 0.195671
9.9973E-05 9.9973E-05 0.139125 0.252394 0.101232 0.00964425 9.9973E-05 0.497304
9.9982E-05 0.0384271 0.20785 0.444029 9.9982E-05 0.115194 0.116133 0.0781662
0.171845 9.9982E-05 0.00653282 0.357381 0.164422 0.250384 9.9982E-05 0.0492358
0.122189 9.99859E-05 0.0902271 0.111434 0.315738 9.99859E-05 0.240845 0.119366
9.99641E-05 9.99641E-05 0.0475653 0.311466 9.99641E-05 9.99641E-05 0.0221534 0.618416
9.9982E-05 0.105526 0.124725 0.111928 0.287412 0.121539 9.9982E-05 0.24867
9.99551E-05 9.99551E-05 0.0333599 9.99551E-05 9.99551E-05 9.99551E-05 0.280048 0.686092
9.9982E-05 9.9982E-05 0.143036 0.193952 0.455895 0.0417044 0.0339633 0.131249
9.99641E-05 9.99641E-05 0.0998084 0.222032 0.441109 9.99641E-05 9.99641E-05 0.23665
9.9982E-05 9.9982E-05 0.0150235 0.11887 0.232358 0.0823759 0.351422 0.19975
0.0726688 9.9973E-05 9.9973E-05 0.0810867 0.512076 9.9973E-05 0.000388384 0.33348
9.9982E-05 0.217234 0.0188328 0.182984 0.135288 9.9982E-05 0.0384529 0.407007
0.135732 9.9982E-05 0.0574064 0.170873 0.128003 9.9982E-05 0.159333 0.348453
0.103272 0.16821 0.0886467 0.382853 0.0290491 9.9991E-05 0.00308939 0.22478
9.99551E-05 9.99551E-05 9.99551E-05 0.152739 9.99551E-05 9.99551E-05 0.392048 0.454714
9.9973E-05 0.30674 0.000570058 0.247501 0.328474 9.9973E-05 0.116415 9.9973E-05
0.0407103 0.113099 0.124666 0.186141 0.0826964 0.0956133 0.165887 0.191188
0.299596 0.006684 9.9991E-05 0.0530806 0.0855782 0.161284 0.00938765 0.384289
9.9973E-05 9.9973E-05 0.099074 0.228795 0.203923 0.16783 0.300078 9.9973E-05
0.647458 0.11219 9.99641E-05 0.154586 9.99641E-05 9.99641E-05 9.99641E-05 0.0853659
0.0335354 0.350432 9.9991E-05 0.138077 0.0949496 0.00843786 0.0304835 0.343985
0.103102 9.9973E-05 0.0231081 0.189522 0.545682 9.9973E-05 9.9973E-05 0.138286
0.276466 9.9991E-05 0.0225802 0.0600057 0.0690038 0.397198 0.0103956 0.164251
0.468693 0.259162 0.0441216 0.0982436 0.129479 9.99731E-05 9.99731E-05 9.99731E-05
0.365855 0.116649 9.9982E-05 0.254299 0.102038 9.9982E-05 0.00931168 0.151648
0.210765 9.9982E-05 9.9982E-05 0.0826601 0.242947 0.193114 0.0827151 0.187599
0.526751 9.99641E-05 9.99641E-05 0.225184 0.143265 9.99641E-05 9.99641E-05 0.1044
0.251094 9.99731E-05 0.106369 0.159322 0.336214 9.99731E-05 9.99731E-05 0.1467
0.169701 0.354989 9.99729E-05 0.230783 0.233464 9.99729E-05 9.99729E-05 0.0107627
0.00609713 9.9982E-05 0.200995 0.152627 0.330069 0.0667753 0.243237 9.9982E-05
0.275835 0.242866 9.99731E-05 0.0670158 0.337709 9.99731E-05 9.99731E-05 0.0762733
0.0878045 9.99821E-05 0.0346156 0.151807 0.188495 0.2218 9.99821E-05 0.315278
0.44232 9.9982E-05 0.0106003 0.116789 9.9982E-05 0.181532 0.10674 0.141818
0.208233 0.1964 9.9964E-05 0.296436 0.298531 9.9964E-05 9.9964E-05 9.9964E-05
0.443364 0.287132 9.9964E-05 0.0568487 0.212255 9.9964E-05 9.9964E-05 9.9964E-05
0.391432 9.9964E-05 9.9964E-05 0.180355 0.396573 9.9964E-05 9.9964E-05 0.0312401
0.260537 0.0501124 9.9991E-05 0.0985827 0.362904 0.00929501 0.0271115 0.191357
0.545657 9.9982E-05 0.0350613 0.0146291 0.203212 9.9982E-05 0.0102456 0.190995
0.341416 0.144391 0.109124 0.0811103 0.112814 0.0782325 0.0243042 0.108608
0.246694 0.144207 0.0782568 0.30588 0.177323 9.9982E-05 0.0474387 9.9982E-05
0.224639 0.0670664 9.9982E-05 0.118453 0.202257 0.0522942 9.9982E-05 0.33509
0.411106 9.99712E-05 9.99712E-05 0.0283458 0.334858 9.99712E-05 9.99712E-05 0.22529
0.562833 9.9964E-05 0.054028 9.9964E-05 0.342269 9.9964E-05 9.9964E-05 0.0404701
0.313377 0.0196018 0.0769474 0.0888163 0.500958 9.9973E-05 9.9973E-05 9.9973E-05
0.0377895 9.99731E-05 9.99731E-05 0.0975072 0.357605 9.99731E-05 0.156394 0.350405
0.345908 9.9982E-05 0.0725161 0.0971534 0.0500308 0.147327 9.9982E-05 0.286865
0.605113 9.9973E-05 0.0198577 9.9973E-05 0.188812 9.9973E-05 0.0145808 0.171336
0.235553 0.0138825 9.99731E-05 0.00717486 0.574321 9.99731E-05 9.99731E-05 0.168769
0.489878 9.9973E-05 9.9973E-05 0.133101 0.143779 9.9973E-05 0.127907 0.105034
0.382012 0.140029 9.9964E-05 0.0154537 9.9964E-05 9.9964E-05 9.9964E-05 0.462106
0.391109 0.232399 0.113617 0.170926 9.9973E-05 9.9973E-05 9.9973E-05 0.0916493
0.447142 0.0679913 0.0823971 0.10775 9.9991E-05 0.184947 0.066908 0.0427649
0.614671 9.9973E-05 9.9973E-05 0.254715 0.0884307 0.0326788 9.9973E-05 0.00920491
0.48117 9.9991E-05 0.0682785 0.0424653 0.074726 0.00207248 0.274986 0.0562016
0.25342 9.9982E-05 0.0743921 0.0747714 0.257312 0.231333 9.9982E-05 0.108571
0.519058 9.9991E-05 0.0967783 0.0634842 0.109182 0.0894328 0.0829605 0.0390042
0.47233 9.9982E-05 0.0434573 0.0657414 0.184873 9.9982E-05 0.0782148 0.155184
0.00771456 9.9982E-05 0.0931277 0.00711944 0.388347 9.9982E-05 0.476695 0.0267966
0.11625 0.172621 9.9991E-05 0.0241012 0.208443 0.0542602 0.0826873 0.341536
0.247687 0.580958 0.0887137 9.99731E-05 9.99731E-05 0.0208664 9.99731E-05 0.0614754
0.153488 0.395995 0.083085 9.9991E-05 0.0332387 0.196355 0.123117 0.0146212
0.0850341 0.241575 0.0490369 0.101957 0.0716726 0.228937 0.145718 0.0760695
0.172511 0.005401 9.9982E-05 9.9982E-05 0.0161807 0.206741 0.17186 0.427106
0.0855576 0.211528 9.99731E-05 0.0935626 9.99731E-05 0.399117 9.99731E-05 0.209935
0.343705 0.0719563 0.114278 9.9991E-05 0.0347917 0.119798 0.0224234 0.292948
0.0729353 0.596322 0.093288 9.9982E-05 0.139804 0.0748009 0.0226502 9.9982E-05
0.227063 9.9973E-05 0.00851451 9.9973E-05 9.9973E-05 0.358828 0.161564 0.243731
9.9964E-05 0.543734 0.137207 9.9964E-05 0.131326 9.9964E-05 0.187334 9.9964E-05
0.183449 0.188785 0.00325478 0.0080208 9.9982E-05 9.9982E-05 0.198834 0.417456
0.437812 0.228755 0.0854969 9.9982E-05 9.9982E-05 0.183801 0.0167192 0.0472163
0.0882483 0.613063 0.0210705 0.0275629 0.057794 0.129329 9.9991E-05 0.0628317
9.99641E-05 0.537236 0.0327097 9.99641E-05 9.99641E-05 0.12452 9.99641E-05 0.305135
0.317084 0.383058 0.0545056 9.9991E-05 0.000464585 0.0085566 0.00182696 0.234404
0.156414 0.558844 0.0787772 9.9982E-05 9.9982E-05 0.0471138 0.0957992 0.0628521
0.373185 0.299198 9.99641E-05 9.99641E-05 9.99641E-05 0.290779 9.99641E-05 0.0364379
0.19775 0.297671 0.147182 9.9982E-05 0.0636763 0.0819481 9.9982E-05 0.211573
0.290943 0.540014 0.0504663 9.9964E-05 9.9964E-05 9.9964E-05 9.9964E-05 0.118176
0.34736 0.0474604 0.00942245 0.010198 9.9982E-05 0.149893 0.435466 9.9982E-05
0.0830898 0.0453285 0.189333 0.0865601 0.146608 0.305936 9.9991E-05 0.143045
0.493373 0.152464 9.99642E-05 0.0631157 9.99642E-05 9.99642E-05 0.290648 9.99642E-05
0.326385 0.229795 0.0367826 0.031132 9.9991E-05 0.158674 0.174752 0.0423794
0.118289 0.458969 9.99821E-05 9.99821E-05 0.111711 0.158437 0.0939472 0.058446
0.164169 0.0188133 0.0409553 9.9982E-05 9.9982E-05 0.171387 0.0437604 0.560715
0.152261 9.9973E-05 0.119823 9.9973E-05 9.9973E-05 0.461517 0.223893 0.0422069
0.360078 0.00557109 9.9982E-05 0.0267714 0.0710656 0.245612 9.9982E-05 0.290702
0.097656 0.42346 9.9982E-05 0.0533449 9.9982E-05 0.0466465 0.189994 0.188698
0.0414842 0.47384 9.9973E-05 0.0183725 9.9973E-05 0.381325 9.9973E-05 0.0846785
0.191731 0.123628 0.0600874 0.0177337 0.108649 0.227408 0.270663 9.9991E-05
0.152275 0.304293 9.99641E-05 9.99641E-05 0.134367 9.99641E-05 9.99641E-05 0.408665
0.0721393 9.99641E-05 0.782759 0.0401624 9.99641E-05 0.104539 9.99641E-05 9.99641E-05
0.303098 0.074698 0.596668 9.9973E-05 0.0112484 9.9973E-05 0.0139883 9.9973E-05
0.138221 0.179093 0.343921 9.99731E-05 9.99731E-05 9.99731E-05 0.173004 0.165461
0.123569 9.9973E-05 0.653585 9.9973E-05 0.131692 0.0676484 9.9973E-05 0.0232057
0.0391098 9.9973E-05 0.903667 0.0309556 9.9973E-05 0.000406597 9.9973E-05 0.0255609
9.9955E-05 9.9955E-05 0.615597 9.9955E-05 9.9955E-05 0.243158 9.9955E-05 0.140745
9.99641E-05 9.99641E-05 0.778968 9.99641E-05 0.0169533 0.0283622 9.99641E-05 0.175317
9.99551E-05 9.99551E-05 0.624932 9.99551E-05 9.99551E-05 9.99551E-05 0.203525 0.171044
9.9964E-05 0.0228133 0.758802 9.9964E-05 0.103471 9.9964E-05 0.114513 9.9964E-05
9.9964E-05 0.0169045 0.853429 0.0327707 9.9964E-05 9.9964E-05 9.9964E-05 0.0964957
9.99461E-05 9.99461E-05 0.951109 9.99461E-05 9.99461E-05 9.99461E-05 0.0482916 9.99461E-05
0.0707645 0.0875368 0.841199 9.99551E-05 9.99551E-05 9.99551E-05 9.99551E-05 9.99551E-05
0.173571 0.0979281 0.505341 0.102158 9.9982E-05 0.066137 9.9982E-05 0.0546648
0.0351707 9.9982E-05 0.856568 0.0333115 0.0203852 0.0131805 0.0411844 9.9982E-05
0.187638 0.286383 0.344335 0.120741 9.9973E-05 9.9973E-05 9.9973E-05 0.0606036
9.9964E-05 0.124563 0.721524 9.9964E-05 0.0622042 0.0913095 9.9964E-05 9.9964E-05
0.14004 9.9973E-05 0.404612 0.0633028 9.9973E-05 0.107902 9.9973E-05 0.283844
0.209016 0.0354462 0.575346 0.0249462 9.9991E-05 0.000941905 0.0357509 0.118453
0.186503 9.9973E-05 0.600018 0.0278323 9.9973E-05 0.121479 0.0638678 9.9973E-05
0.119228 0.240454 0.610864 9.9973E-05 0.0213162 9.9973E-05 9.9973E-05 0.00783857
0.0207071 0.193416 0.629833 0.0678524 0.087892 9.9973E-05 9.9973E-05 9.9973E-05
9.9973E-05 0.0485755 0.69443 0.0215111 9.9973E-05 9.9973E-05 0.0487523 0.186431
9.9955E-05 9.9955E-05 0.807431 9.9955E-05 9.9955E-05 9.9955E-05 0.0823553 0.109713
9.99461E-05 9.99461E-05 0.842105 9.99461E-05 0.157296 9.99461E-05 9.99461E-05 9.99461E-05
0.14367 9.99731E-05 0.688804 0.0152688 9.99731E-05 0.116844 0.0351132 9.99731E-05
0.0539465 9.9964E-05 0.882857 0.0357059 9.9964E-05 0.0270908 9.9964E-05 9.9964E-05
0.137231 9.9982E-05 0.543828 0.00125471 0.0968607 0.125818 0.0948086 9.9982E-05
0.0211752 0.107992 0.831757 9.99641E-05 9.99641E-05 9.99641E-05 0.0386756 9.99641E-05
0.152769 0.132405 0.696338 0.0180882 9.99641E-05 9.99641E-05 9.99641E-05 9.99641E-05
9.9991E-05 0.019585 0.690334 0.17398 0.00815603 0.0830484 0.0052229 0.0195741
9.9973E-05 0.224242 0.65165 0.0959032 9.9973E-05 9.9973E-05 0.00618744 0.021717
0.226245 0.0816467 0.645396 9.9982E-05 9.9982E-05 0.0166411 0.0152812 0.0145898
0.0773717 9.9955E-05 0.762962 9.9955E-05 0.159167 9.9955E-05 9.9955E-05 9.9955E-05
0.0581116 9.99551E-05 0.876443 0.064946 9.99551E-05 9.99551E-05 9.99551E-05 9.99551E-05
9.99551E-05 9.99551E-05 0.825038 9.99551E-05 9.99551E-05 0.151364 9.99551E-05 0.023098
0.0957591 9.99641E-05 0.695538 9.99641E-05 9.99641E-05 0.0287868 9.99641E-05 0.179517
9.9964E-05 0.149553 0.66886 9.9964E-05 9.9964E-05 9.9964E-05 0.0834562 0.0977304
0.189106 9.9964E-05 0.498924 9.9964E-05 9.9964E-05 0.291993 9.9964E-05 0.0195775
9.9973E-05 0.325503 0.129616 0.0170015 0.404598 0.122983 9.9973E-05 9.9973E-05
0.266885 0.2884 9.99641E-05 9.99641E-05 9.99641E-05 0.0708952 0.37342 9.99641E-05
0.287196 0.145773 9.9982E-05 9.9982E-05 0.14207 0.181305 0.0193379 0.224118
0.14022 0.337775 0.0657232 9.9982E-05 0.138909 9.9982E-05 0.244116 0.073057
0.108908 0.0542327 0.0250893 9.9982E-05 0.141235 0.44378 9.9982E-05 0.226555
0.446162 0.138005 9.9973E-05 0.0298372 9.9973E-05 0.168341 0.217355 9.9973E-05
9.99641E-05 9.99641E-05 9.99641E-05 9.99641E-05 0.311126 0.226419 0.321683 0.140373
0.164645 0.184467 0.0385706 0.104739 0.0236043 0.326877 0.0825901 0.0745073
0.14084 0.120976 9.9973E-05 9.9973E-05 0.26675 0.274204 9.9973E-05 0.19693
0.537147 0.0886761 0.0384473 0.0637548 9.9973E-05 0.271675 9.9973E-05 9.9973E-05
0.107597 0.0224473 9.9982E-05 9.9982E-05 0.278447 0.148929 0.370554 0.0718257
0.30085 0.171904 0.0619087 9.9982E-05 9.9982E-05 0.34179 0.0636101 0.0597373
0.360886 0.162531 9.99641E-05 9.99641E-05 9.99641E-05 0.438734 9.99641E-05 0.0374496
0.058504 0.30036 0.0260579 9.9991E-05 0.109529 0.362061 0.0807095 0.0626784
0.486909 0.222563 0.0458097 0.00253764 0.114721 0.0790494 0.028629 0.0197815
9.99731E-05 0.168809 9.99731E-05 9.99731E-05 0.0869342 0.277158 0.399013 0.0677859
0.0432691 0.325684 9.9991E-05 0.00305721 0.123232 0.369395 0.117143 0.0181189
9.9982E-05 9.9982E-05 0.0782357 0.138321 0.390025 0.20228 0.15888 0.0320575
0.378204 0.127181 9.9973E-05 0.0551362 0.0693559 0.369823 9.9973E-05 9.9973E-05
0.200126 0.0300807 0.0386164 0.0230038 0.378277 0.000520948 0.277391 0.0519836
0.0229524 0.221562 0.165126 0.00820295 9.9982E-05 0.266103 0.315854 9.9982E-05
0.181434 0.0296113 0.085844 0.00394225 0.163564 0.320314 0.126751 0.0885391
9.9982E-05 0.0679449 0.148297 9.9982E-05 0.249526 0.28263 0.144946 0.106457
9.9982E-05 0.38887 0.00935614 9.9982E-05 0.0784837 0.256399 0.194526 0.0721653
0.205146 0.337612 9.9982E-05 9.9982E-05 0.112011 0.203914 0.0406042 0.100513
0.495657 9.9964E-05 9.9964E-05 9.9964E-05 0.127086 0.192646 0.184211 9.9964E-05
0.389138 0.0383205 0.104292 9.9973E-05 9.9973E-05 0.0980651 0.369884 9.9973E-05
0.0250968 0.349637 0.0313297 9.9991E-05 0.277732 0.236797 0.0658443 0.0134624
0.5196 0.222288 9.99551E-05 9.99551E-05 9.99551E-05 0.257612 9.99551E-05 9.99551E-05
0.360866 0.0523868 9.9982E-05 0.070813 9.9982E-05 0.317005 0.193711 0.00501734
0.304213 0.18147 0.0401121 9.9991E-05 0.0678444 0.311532 0.0885078 0.00622078
0.119962 0.290842 0.0476067 9.9991E-05 0.0207538 0.162294 0.250811 0.107631
0.0788556 0.414501 9.9991E-05 0.119697 0.0688207 0.131997 0.180322 0.00570652
0.127563 0.140492 9.9982E-05 0.0231096 0.0931027 0.249368 0.366165 9.9982E-05
0.233603 9.9973E-05 9.9973E-05 0.0492141 0.254566 0.45151 0.0108074 9.9973E-05
0.106384 0.113965 0.0268804 9.9982E-05 0.123082 0.561288 0.0682015 9.9982E-05
0.106189 0.351678 0.0678122 9.9973E-05 0.165938 0.308083 9.9973E-05 9.9973E-05
9.9973E-05 0.493026 0.0180801 0.068156 0.134653 0.285786 9.9973E-05 9.9973E-05
0.132694 0.219823 0.000679188 9.9973E-05 0.556569 9.9973E-05 0.0899351 9.9973E-05
9.9964E-05 0.355311 9.9964E-05 9.9964E-05 0.0876627 0.27087 0.285756 9.9964E-05
0.155499 0.369263 0.0887918 9.9982E-05 0.160641 0.183818 0.0417878 9.9982E-05
9.99641E-05 0.531911 9.99641E-05 9.99641E-05 0.123845 9.99641E-05 0.285836 0.0580069
0.10745 9.9982E-05 0.0613882 0.00441789 0.0986842 0.00477751 0.723082 9.9982E-05
9.9973E-05 0.254377 0.0154669 9.9973E-05 0.17313 0.542391 0.0143346 9.9973E-05
0.288628 0.332477 0.0311284 9.9982E-05 0.0612652 0.147266 9.9982E-05 0.139036
0.124315 0.192199 0.0864709 0.110545 0.171568 0.146214 0.168587 9.9991E-05
0.21859 0.369843 9.9973E-05 0.154679 0.117624 0.138965 9.9973E-05 9.9973E-05
0.228947 9.99731E-05 0.146382 9.99731E-05 0.0248271 0.551994 0.0475497 9.99731E-05
0.463463 0.276879 9.9982E-05 0.0386842 9.9982E-05 0.0880081 0.0474168 0.0853488
0.20607 0.0181614 9.9982E-05 9.9982E-05 0.0769689 0.0636972 0.421836 0.213067
0.409697 0.259371 0.00159808 9.9982E-05 0.0633984 0.163087 0.102648 9.9982E-05
0.428088 0.116188 0.000600367 9.9982E-05 0.0682772 0.343199 9.9982E-05 0.0434478
0.114454 0.0230332 0.158459 0.0659005 0.0290568 0.456947 0.15205 9.9991E-05
0.324118 0.05785 0.0887645 9.9982E-05 9.9982E-05 0.418679 0.0484918 0.0618969
9.9964E-05 0.289897 9.9964E-05 9.9964E-05 0.168569 0.346763 0.194372 9.9964E-05
9.9982E-05 0.236515 0.0300577 0.109149 0.0746232 0.479241 0.0702133 9.9982E-05
0.141236 0.139107 0.0523842 9.9991E-05 0.0893673 0.38218 0.127817 0.067809
0.00709823 0.240722 0.0296809 9.9982E-05 0.552843 0.0686662 9.9982E-05 0.10079
0.296015 0.221122 9.99827E-05 0.0252493 0.0836407 0.140561 0.233212 9.99827E-05
0.261534 0.074264 9.99731E-05 9.99731E-05 0.476296 0.0617712 0.125834 9.99731E-05
9.9973E-05 0.237779 9.9973E-05 9.9973E-05 0.180918 0.487843 0.00274589 0.0904136
0.218665 0.04826 0.178214 0.0832231 0.160373 0.0842438 0.121153 0.105868
0.0483314 0.279435 0.0451457 9.9982E-05 0.500308 0.118779 0.00780134 9.9982E-05
0.077308 0.19946 0.0855637 9.9982E-05 9.9982E-05 0.366445 0.199541 0.0714821
0.196729 0.032369 9.9973E-05 0.0151858 0.353753 9.9973E-05 0.401663 9.9973E-05
0.195026 0.176005 0.00689388 9.99731E-05 0.277211 0.344564 9.99731E-05 9.99731E-05
0.122264 0.260498 9.9982E-05 9.9982E-05 0.137822 0.140332 0.0891675 0.249716
0.284455 0.0122538 0.139417 9.9982E-05 0.153004 0.197636 0.213034 9.9982E-05
0.0715374 0.237134 0.0480845 0.0432526 0.00621347 0.487555 0.106124 9.9991E-05
9.9964E-05 0.0654121 9.9964E-05 9.9964E-05 0.148615 9.9964E-05 0.681995 0.103578
9.9973E-05 0.516981 0.0848197 9.9973E-05 0.0213073 0.287529 0.0890631 9.9973E-05
9.9973E-05 0.285434 0.149866 9.9973E-05 0.151596 0.205317 0.207486 9.9973E-05
0.499751 0.118708 9.9991E-05 0.0311877 0.0370452 0.0802008 0.0698247 0.163182
9.9982E-05 0.207915 0.080537 9.9982E-05 0.21541 0.181403 0.308733 0.0058018
0.054379 0.0577936 0.138655 9.9991E-05 0.137907 0.266643 0.235928 0.108594
0.153047 0.108729 9.9991E-05 0.174999 0.0970528 0.341084 0.01724 0.107748
0.0960669 9.9982E-05 0.084564 0.0744067 0.093588 0.329366 0.321809 9.9982E-05
9.9982E-05 0.118153 0.172882 0.0399346 9.9982E-05 0.0542228 0.499338 0.11527
0.315651 0.100706 0.19055 0.0913838 0.0713651 0.145984 0.0842604 9.9991E-05
0.180151 0.190201 9.9991E-05 0.0516852 0.0254605 0.0198247 0.50832 0.024257
0.153716 0.049546 9.9982E-05 0.033601 0.168352 0.338306 0.256279 9.9982E-05
9.99731E-05 0.453577 0.183744 9.99731E-05 0.00552478 0.169122 0.187733 9.99731E-05
0.101441 0.30583 0.0603866 0.0386597 0.167349 0.325907 0.000326126 9.9991E-05
0.1776 0.465237 0.0679136 9.9973E-05 0.101565 0.187384 9.9973E-05 9.9973E-05
0.00603197 0.456048 0.088251 0.180894 9.9982E-05 0.195167 0.0734079 9.9982E-05
0.0657992 0.207044 0.0523805 0.0238383 0.327428 0.0675921 0.255818 9.9991E-05
0.0642146 0.352568 0.0554928 0.0639069 0.169616 0.283557 0.0105443 9.9991E-05
0.340216 0.0207437 0.0421709 0.124104 0.287673 0.103639 0.0813535 9.9991E-05
0.423949 0.0415167 0.0229317 9.9982E-05 0.0331566 0.377846 0.1004 9.9982E-05
