0.0638612 0.0621973 9.9964E-05 0.635008 0.0966395 9.9964E-05 9.9964E-05 9.9964E-05 0.141894
0.0746466 9.9982E-05 0.0691819 0.664727 0.0111792 0.0792721 0.00878959 0.0920036 9.9982E-05
0.0975508 9.9982E-05 0.0364262 0.650863 9.9982E-05 0.0746378 0.0159345 0.0344824 0.0899056
9.9973E-05 9.9973E-05 0.020013 0.535263 0.181612 0.01945 9.9973E-05 0.0203013 0.223061
0.0682359 9.9982E-05 0.000484387 0.750259 0.0357052 0.0158992 0.013742 9.9982E-05 0.115474
0.0755478 9.9982E-05 9.9982E-05 0.603852 0.0149606 0.0522955 0.0753724 0.0609611 0.116811
0.0574593 0.00454726 9.9982E-05 0.784779 0.00721028 0.0334689 9.9982E-05 0.103836 0.00849915
0.0561572 0.0482306 0.00040284 0.740263 0.0560925 0.0380786 0.0605755 9.9982E-05 9.9982E-05
0.0732066 9.9973E-05 9.9973E-05 0.725852 0.0573155 0.100744 0.00137864 0.0412041 9.9973E-05
0.0343358 9.9964E-05 9.9964E-05 0.853539 0.0547134 9.9964E-05 9.9964E-05 0.0371194 0.019892
0.0094064 9.9982E-05 9.9982E-05 0.692009 0.00577519 0.0911432 0.00529206 0.0117359 0.184438
0.09243 9.9982E-05 0.0426522 0.747481 0.00331616 0.00421377 9.9982E-05 0.0178783 0.0918287
0.0583612 0.0229874 0.0482058 0.663977 0.112732 0.0162464 0.0240602 0.0533303 9.9991E-05
0.0176846 9.9973E-05 0.0826825 0.710722 9.9973E-05 0.10164 9.9973E-05 0.0565492 0.0304213
9.9964E-05 9.9964E-05 0.0889928 0.57649 9.9964E-05 0.0662286 0.0449774 9.9964E-05 0.222912
0.0771628 9.9982E-05 0.0424777 0.742592 0.060152 9.9982E-05 0.0240552 0.0507239 0.00263686
0.110171 9.9982E-05 0.0276738 0.741364 0.0154769 0.0565413 0.0162566 0.0323159 9.9982E-05
0.0264308 0.0582564 0.0379566 0.540391 0.0115512 0.0268715 0.0206493 0.00526898 0.272625
0.068831 9.9982E-05 9.9982E-05 0.671872 0.0791128 0.0423822 0.00942222 0.0480002 0.0801798
0.0278427 9.9991E-05 0.0180839 0.726487 0.0999458 0.0277475 0.00649745 0.0144929 0.0788028
9.9991E-05 0.0426063 0.10174 0.619295 0.0531683 0.0295451 0.0290483 0.102411 0.0220855
0.0279276 0.0280743 9.9973E-05 0.806735 9.9973E-05 0.0391597 0.00780179 9.9973E-05 0.090002
0.022972 9.9982E-05 0.061765 0.680864 0.0222536 0.00779294 0.0644985 9.9982E-05 0.139654
0.07783 0.0266527 0.0136901 0.698842 0.0113447 0.0833283 0.0278992 9.9991E-05 0.0603128
0.0426927 9.9982E-05 0.0324436 0.758294 0.113958 0.000801849 9.9982E-05 0.00219385 0.0494158
0.0527243 0.0122166 0.0211466 0.0476357 0.0391723 0.0809982 0.051252 9.9991E-05 0.694754
0.128718 0.0874034 0.0193075 0.241089 9.9982E-05 0.0419144 0.0182461 9.9982E-05 0.463122
0.0166772 0.016672 0.060762 0.154878 0.0863756 0.0411004 0.0164837 0.0321423 0.574908
0.0767586 0.00378239 0.0348761 0.177659 0.0310013 0.0681752 0.0859923 0.00257053 0.519185
0.0155641 0.0274204 0.0156741 0.163829 0.0176284 0.0416325 0.00122228 0.0517923 0.665237
0.0555053 9.9982E-05 0.0721868 0.0423945 0.0225293 0.0537904 9.9982E-05 0.103354 0.65004
0.112049 0.0425542 0.0591302 0.0982614 0.016656 0.0238851 9.9991E-05 0.033303 0.614061
0.0675758 0.129564 0.0412222 0.178392 0.0428552 0.0465618 0.0305281 0.0671835 0.396117
9.999E-05 0.0532783 0.0239777 0.0378681 0.0221815 0.0719861 0.0289127 0.0618682 0.699827
0.041394 9.9991E-05 0.0277424 0.169603 0.0894323 0.0111464 0.0310754 0.00898828 0.620518
0.0232321 0.0345911 0.0265588 0.0679835 0.0286492 0.0484099 9.9982E-05 9.9982E-05 0.770375
9.9955E-05 9.9955E-05 0.0755638 0.201748 9.9955E-05 0.0182239 9.9955E-05 9.9955E-05 0.703965
0.0683816 0.104215 0.0152833 0.0793228 0.0743923 0.0533855 0.025779 9.9991E-05 0.57914
0.0993142 0.0255128 0.0297397 0.207978 0.0108507 0.0573411 9.9982E-05 9.9982E-05 0.569064
0.100545 0.00509981 0.024411 9.9973E-05 0.0952995 9.9973E-05 0.0355761 9.9973E-05 0.738769
0.0560461 0.00944717 0.0494123 0.0858873 0.0617117 0.0282909 0.00997855 0.0602103 0.639016
0.096165 0.00884183 9.9964E-05 0.08065 0.107406 9.9964E-05 9.9964E-05 9.9964E-05 0.706537
0.0531429 9.9973E-05 0.0439088 0.150363 0.0685959 0.0444298 9.9973E-05 9.9973E-05 0.63926
0.0914133 9.9982E-05 0.0186537 0.105908 0.0180096 0.0452598 9.9982E-05 0.0428405 0.677715
0.0442412 9.9973E-05 9.9973E-05 0.204125 0.0276924 9.9973E-05 0.0392003 0.0495613 0.63488
0.0503708 0.227368 9.9982E-05 0.153961 0.010499 9.9982E-05 0.0710906 0.389523 0.0969872
0.103652 0.283404 0.0323959 0.112105 9.9982E-05 9.9982E-05 0.073629 0.282819 0.111795
0.0861801 0.236658 0.0641868 9.9973E-05 9.9973E-05 0.00260486 9.9973E-05 0.402911 0.207159
0.0491174 0.185545 9.9982E-05 0.093355 0.0332948 9.9982E-05 0.0858011 0.375957 0.176729
9.9973E-05 0.242015 0.056817 0.0311637 9.9973E-05 0.00931309 9.9973E-05 0.377026 0.283365
9.9973E-05 0.221849 9.9973E-05 9.9973E-05 0.0544997 0.0208018 0.0226896 0.41241 0.26745
0.127834 0.172436 0.0111191 0.0512401 9.9973E-05 9.9973E-05 9.9973E-05 0.545828 0.0912436
0.0554024 0.182035 0.0505634 0.0252197 9.9991E-05 0.047 0.077038 0.324327 0.238315
0.0125935 0.168285 0.0406393 0.0248485 9.9991E-05 0.00729381 0.0936782 0.322484 0.330078
9.9973E-05 0.221988 0.0221202 0.0392642 9.9973E-05 9.9973E-05 0.0244755 0.389325 0.302528
0.0876031 0.186544 0.00240938 0.072275 9.9991E-05 0.0240298 0.0307315 0.376913 0.219394
0.00204937 0.064133 0.00805969 0.0506712 9.9982E-05 9.9982E-05 0.132947 0.404034 0.337906
0.0280911 0.117232 0.0731971 9.9991E-05 0.0929563 0.00238595 0.0310536 0.431075 0.223909
0.081245 0.216446 0.0351524 9.9973E-05 9.9973E-05 9.9973E-05 0.081946 0.371772 0.213139
0.0153289 0.311774 9.9964E-05 9.9964E-05 9.9964E-05 9.9964E-05 0.0467019 0.420792 0.205003
0.0329301 0.146512 9.9973E-05 0.060268 9.9973E-05 9.9973E-05 0.064555 0.514809 0.180626
0.0266232 0.0834723 0.0133588 9.9973E-05 9.9973E-05 9.9973E-05 0.00883707 0.589817 0.277592
0.113167 0.219949 9.9982E-05 0.108333 0.00426092 9.9982E-05 0.116219 0.272797 0.165074
0.053039 0.137785 0.0481561 0.0959091 0.0121383 9.9991E-05 0.0373154 0.349709 0.265848
0.0936311 0.230834 9.9973E-05 0.0762668 9.9973E-05 9.9973E-05 0.0382998 0.358337 0.202331
9.9964E-05 0.249075 0.021009 9.9964E-05 9.9964E-05 9.9964E-05 0.0018391 0.40885 0.318827
0.0343261 0.155448 0.0481918 0.174256 9.9991E-05 0.0315908 0.00445963 0.516014 0.0356135
0.0971465 0.158889 0.0381643 0.0604089 0.0287608 0.0381783 0.0464182 0.374009 0.158024
0.0372257 0.120372 9.9991E-05 0.0788199 0.0307458 0.00724565 0.0533181 0.43329 0.238883
0.0174805 0.0720818 9.9991E-05 0.0696525 0.0929991 0.0092766 0.0439246 0.386321 0.308164
0.0133024 0.140321 0.0320281 0.0937697 0.0366803 9.9991E-05 0.0664871 0.55897 0.0583418
0.0600693 0.12234 0.0437673 0.104441 0.018596 9.9982E-05 9.9982E-05 0.473829 0.176757
9.9973E-05 0.130173 0.00912039 9.9973E-05 0.0242947 9.9973E-05 0.0744039 0.418682 0.343026
0.108844 0.13888 0.0397169 0.0822596 0.0687262 0.0186389 0.092878 0.351083 0.0989733
0.0724954 0.184271 9.9973E-05 0.0830594 9.9973E-05 9.9973E-05 0.090496 0.401737 0.16764
0.132282 0.0427292 9.9973E-05 0.0124362 9.9973E-05 9.9973E-05 0.063445 0.531564 0.217244
0.0767352 0.311222 0.0183285 9.9991E-05 0.0497081 0.0231386 0.0607967 0.219555 0.240416
9.9964E-05 0.164617 9.9964E-05 0.122457 9.9964E-05 0.0909033 9.9964E-05 0.360826 0.260796
0.0208413 0.0461322 9.9982E-05 0.0351258 9.9982E-05 0.0705858 0.0822293 0.471406 0.27348
0.0803084 0.20786 0.0536389 0.141834 0.0561948 9.9991E-05 0.0376039 0.3405 0.0819598
0.0420901 0.13554 0.0762314 0.109131 9.9982E-05 9.9982E-05 0.0648305 0.364593 0.207384
0.0530993 0.168579 9.9973E-05 0.0233931 9.9973E-05 9.9973E-05 0.151879 0.305374 0.297377
0.0868244 0.1817 0.0758806 9.9991E-05 0.00143641 0.0400749 0.0763803 0.0549859 0.482618
9.9973E-05 0.215888 9.9973E-05 0.192283 0.0243903 9.9973E-05 0.151582 0.403468 0.0120884
0.11498 0.122471 0.0586016 0.0374308 9.9991E-05 0.0776096 0.0439161 0.200949 0.343943
0.16256 0.132637 0.021773 0.022677 9.9982E-05 9.9982E-05 0.00723004 0.473795 0.179128
0.0842011 0.112281 0.0534213 0.0924738 0.0198502 0.00329436 0.146693 0.248437 0.239349
0.0966519 0.223505 0.0342021 0.0245048 9.9982E-05 9.9982E-05 0.0450106 0.359995 0.21593
9.9991E-05 0.18966 0.0397668 0.144395 0.0633993 0.0131007 0.115228 0.363577 0.070774
0.0292941 0.153098 0.00287683 0.126902 9.9982E-05 9.9982E-05 0.0956959 0.431124 0.160809
0.0487849 0.0898057 0.0751574 0.321819 0.0271391 9.9982E-05 0.050394 9.9982E-05 0.3867
9.9982E-05 0.0944509 0.0563122 0.1666 0.0768587 0.0184444 9.9982E-05 0.0850496 0.502084
0.0886982 0.0712839 0.032059 0.310096 0.026915 0.0234166 0.0148503 0.0448949 0.387786
0.0272634 0.103342 0.0267697 0.18236 0.105841 0.0339881 0.0299731 0.0378171 0.452645
0.0441082 0.0389611 0.0643963 0.25096 0.0310725 9.9973E-05 9.9973E-05 9.9973E-05 0.570201
9.9973E-05 0.189139 0.0129401 0.260823 0.0948136 9.9973E-05 0.0139906 9.9973E-05 0.427993
0.112077 0.0939657 0.0449254 0.209879 0.0566888 0.0266483 0.0258879 9.9991E-05 0.429827
0.0942845 0.10157 0.0673021 0.265823 9.9973E-05 9.9973E-05 9.9973E-05 0.0286066 0.442113
0.103047 9.9982E-05 0.0458478 0.340788 0.00126419 9.9982E-05 0.0472912 0.0237616 0.4378
0.109402 0.0857023 0.0193609 0.461308 9.9991E-05 0.00613893 0.0265381 0.00174063 0.289709
0.0381956 0.151101 0.0717566 0.347558 9.9991E-05 0.0410034 0.000514792 0.0197455 0.330025
9.9982E-05 0.0308146 0.0516238 0.310457 0.00190819 0.0862215 9.9982E-05 0.0582333 0.460542
0.0874436 0.0951879 0.0372341 0.32382 0.0546911 0.038054 0.0580629 9.9991E-05 0.305406
0.0567624 0.0843312 0.0106294 0.373011 0.0517053 9.9991E-05 0.00194669 0.00599278 0.415522
0.170179 0.204778 9.9973E-05 0.0606335 0.0220744 9.9973E-05 9.9973E-05 0.0431949 0.49884
0.0212777 0.0114283 0.0148462 0.366532 0.016859 9.9991E-05 0.0248261 0.0407935 0.503337
9.9982E-05 0.109094 0.0565493 0.358198 0.0359596 9.9982E-05 0.0335637 0.0717674 0.334668
0.118593 0.0939457 0.045883 0.333812 9.9982E-05 0.0151652 9.9982E-05 0.0698249 0.322575
0.131595 0.082325 0.00632425 0.161164 9.9973E-05 9.9973E-05 0.0293465 9.9973E-05 0.588945
0.0133833 0.0298331 0.0677974 0.29002 9.9991E-05 0.00938996 0.028426 0.0963547 0.464695
0.137585 0.0697886 9.9973E-05 0.276841 0.056757 9.9973E-05 9.9973E-05 0.0517696 0.406959
0.0786833 0.0282572 0.0294732 0.239661 9.9982E-05 0.0657051 9.9982E-05 0.165867 0.392154
0.0614572 0.0152579 0.00231735 0.448129 0.0475793 0.0460845 0.0745257 9.9991E-05 0.304549
0.0607857 0.0484519 0.02354 0.494302 0.0651574 0.0585071 9.9991E-05 0.0223145 0.226841
9.9973E-05 0.173722 0.0272128 0.443688 0.132594 9.9973E-05 0.011625 9.9973E-05 0.210858
0.0255487 0.0961598 0.0218506 0.427431 0.041356 0.021456 0.0198093 9.9991E-05 0.346289
0.0122905 0.0418857 9.9982E-05 0.605092 0.00252665 0.027999 0.0309795 9.9982E-05 0.279027
0.00316817 0.0554587 9.9982E-05 0.502612 9.9982E-05 0.0277082 0.00571993 0.0756928 0.32944
9.9982E-05 0.0282026 9.9982E-05 0.51677 0.0903144 0.0591993 0.0125337 0.0365411 0.256239
9.9964E-05 9.9964E-05 0.0274139 0.613406 9.9964E-05 9.9964E-05 0.0927989 0.029864 0.236117
0.000740397 9.9982E-05 0.00378463 0.324676 0.0691629 0.0291921 9.9982E-05 0.140747 0.431498
0.0525323 0.0787621 0.0772204 0.484684 0.0862005 9.9991E-05 0.00970173 0.0499172 0.160882
0.140106 0.047705 9.9964E-05 0.612577 9.9964E-05 0.0219889 9.9964E-05 9.9964E-05 0.177223
0.0647977 0.0569064 9.9973E-05 0.632253 0.0191735 9.9973E-05 0.0211743 9.9973E-05 0.205395
0.0834458 0.0956484 0.0226896 0.464168 0.0672294 9.9982E-05 9.9982E-05 0.0361491 0.23047
9.9982E-05 0.0739898 0.0628875 0.375177 9.9982E-05 0.0399449 0.0219535 0.0218053 0.404042
0.041638 0.0806389 9.9991E-05 0.529175 0.00267066 0.097579 0.00148674 0.0817206 0.164991
0.0029299 0.0756236 9.9982E-05 0.467566 0.0422868 0.0810594 9.9982E-05 0.101052 0.229282
0.0316804 0.104685 0.0123396 0.445966 0.0252915 9.9982E-05 9.9982E-05 0.0216615 0.358176
9.9964E-05 0.146255 0.0253784 0.515648 0.0101075 9.9964E-05 9.9964E-05 9.9964E-05 0.302212
9.9982E-05 0.129672 0.039187 0.406996 0.11785 0.0250735 0.0242191 9.9982E-05 0.256802
0.103729 0.0957524 0.0381443 0.411724 9.9982E-05 0.0827136 9.9982E-05 0.071789 0.195947
0.0764179 0.0237822 0.0865178 0.469528 0.0694333 0.0505478 0.0228148 9.9991E-05 0.200858
0.0512323 0.0201469 0.0443609 0.346064 0.0264419 0.129757 0.0642063 0.0334505 0.28434
0.0260658 0.0880016 0.0687307 0.392985 0.0858419 0.107246 0.0197822 0.0171236 0.194223
0.0831903 0.166645 0.0313244 0.0777272 0.0412206 9.9982E-05 9.9982E-05 0.159611 0.440081
0.101006 0.153547 0.0502459 0.00502896 0.0247231 0.00624036 0.0353505 0.117849 0.506009
0.162049 0.201448 9.9973E-05 9.9973E-05 0.0286509 9.9973E-05 0.0950119 0.05885 0.45369
0.161486 0.239408 0.0466432 0.024794 0.062464 0.00478913 0.0269494 0.0564418 0.377024
0.269102 0.178881 9.9973E-05 0.125428 9.9973E-05 0.111454 9.9973E-05 0.0933068 0.221528
0.179347 0.110851 9.9982E-05 0.119645 0.072108 0.0534851 9.9982E-05 0.122013 0.34235
0.191334 0.153754 0.0806389 0.0153641 0.0337396 0.0666148 0.0223981 0.0506516 0.385505
0.183913 0.103891 0.00806162 0.039971 0.0339347 0.0583513 0.0649594 0.0239962 0.482923
0.242424 0.266981 9.9964E-05 0.146557 9.9964E-05 0.000402827 9.9964E-05 9.9964E-05 0.343236
0.102394 0.0379697 0.0640401 0.0435162 0.0448071 0.0283069 0.00129465 0.204879 0.472793
0.0748775 0.200287 0.0287386 9.9982E-05 0.0721334 9.9982E-05 0.0376107 0.135204 0.450949
0.10826 0.274397 0.0100997 9.9982E-05 0.0463393 0.0171613 9.9982E-05 0.0248117 0.51873
0.111015 0.149481 0.0200847 0.0992854 9.9991E-05 0.0456431 0.0225094 0.178834 0.373048
0.101375 0.16797 0.0172277 0.076493 0.0379624 0.0816722 0.0814814 0.0565427 0.379275
0.181297 0.148056 0.0178929 0.125146 9.9991E-05 0.0327819 0.0397442 0.091618 0.363363
0.0607531 0.238002 0.00704798 9.9973E-05 0.0673152 9.9973E-05 9.9973E-05 0.0536398 0.572942
0.215087 0.091764 9.9982E-05 0.0970496 9.9982E-05 0.0715722 0.100141 0.013879 0.410308
0.116996 0.153698 0.0191432 0.174909 0.100946 9.9991E-05 0.0301467 0.107369 0.29669
0.123055 0.269737 0.106458 9.9973E-05 0.0869356 9.9973E-05 9.9973E-05 0.0323878 0.381126
0.142663 0.206927 0.0643098 0.0969655 0.0363293 0.0493165 9.9991E-05 0.153931 0.249458
0.097166 0.0955152 0.104066 9.9973E-05 9.9973E-05 9.9973E-05 0.107927 0.0465397 0.548486
0.0351577 0.236264 0.0516529 0.0373153 9.9991E-05 0.00924007 0.00226262 0.16066 0.467347
0.106648 0.198992 0.0480534 0.164973 9.9982E-05 9.9982E-05 0.0598486 0.150711 0.270573
0.126655 0.149323 0.027522 0.107243 9.9973E-05 9.9973E-05 9.9973E-05 0.13961 0.449346
0.193211 0.22899 0.0116938 9.9982E-05 0.0113401 0.061539 9.9982E-05 0.0739125 0.419114
0.152941 0.163331 9.9982E-05 9.9982E-05 0.00134022 0.0270565 0.00793944 0.151215 0.495977
0.056593 0.206718 0.0135923 0.0021241 9.9991E-05 0.0365473 0.0595367 0.0657566 0.559032
0.25425 0.200319 0.00665668 0.116833 0.146995 9.9991E-05 0.0100578 0.0414767 0.223313
0.0750195 0.283385 0.0789408 0.106132 0.0160601 0.0660699 0.034759 0.0392711 0.300363
0.104329 0.149383 0.101401 9.9973E-05 0.0653912 9.9973E-05 9.9973E-05 0.155296 0.4239
0.0544638 0.162556 0.0558833 0.0637204 0.0028722 0.0288596 9.9991E-05 0.158073 0.473471
0.136932 0.187945 0.0682489 9.9991E-05 0.0362022 0.0467475 0.0248139 0.0859674 0.413044
0.0236739 0.108709 0.117154 0.0108991 0.0591921 9.9982E-05 9.9982E-05 0.148298 0.531874
0.140604 0.144757 0.0154669 9.9982E-05 0.0654596 0.0327028 0.0384226 9.9982E-05 0.562387
0.178063 0.166514 0.0318643 9.99861E-05 9.99861E-05 0.0645193 0.0872764 0.0649979 0.406566
0.224453 0.157007 9.9982E-05 0.0866211 0.00778326 0.00731091 9.9982E-05 0.123646 0.392978
0.116798 0.208468 0.0538153 9.9982E-05 0.0189933 0.0448372 0.0637556 9.9982E-05 0.493133
0.066556 0.238355 0.0840945 9.9982E-05 9.9982E-05 0.0688409 0.0403588 0.00613855 0.495457
0.169203 0.204221 0.0222586 9.9973E-05 0.0263239 9.9973E-05 0.0879943 9.9973E-05 0.489699
0.0612186 0.221185 0.0408213 0.122969 9.9991E-05 0.0727429 0.0646028 0.0119212 0.404439
0.036542 0.180631 0.0617012 0.0904527 0.11471 0.0190949 0.0415156 0.0819417 0.373411
0.155852 0.117113 0.0385917 0.137208 9.9982E-05 0.0058155 9.9982E-05 0.261854 0.283367
0.0568072 0.240717 0.0780501 0.0590453 9.9982E-05 0.0693469 9.9982E-05 0.142594 0.35324
0.0382742 0.254528 0.0862945 0.0274497 0.0352848 0.0577811 0.00554563 0.0919782 0.402864
0.199988 0.0954566 9.9982E-05 9.9982E-05 0.0329657 0.0112822 0.0516265 0.107583 0.500897
0.165052 0.133583 0.0675081 0.150491 0.0345328 0.0262399 0.0491069 0.0547203 0.318765
0.156022 0.15664 0.0134807 0.0421013 0.0126049 0.0371897 0.0196697 0.158147 0.404144
9.9955E-05 0.0593651 9.9955E-05 9.9955E-05 9.9955E-05 9.9955E-05 0.680215 0.18528 0.0746398
0.00824143 0.0185599 0.0635315 0.040051 0.0283289 0.00806635 0.651964 0.181157 9.9991E-05
9.9964E-05 9.9964E-05 0.0441369 9.9964E-05 0.0442344 0.00829421 0.897386 0.00554866 9.9964E-05
9.9964E-05 0.00262356 0.0276565 9.9964E-05 9.9964E-05 9.9964E-05 0.847758 0.119374 0.00218868
0.0389996 9.9964E-05 0.0173595 9.9964E-05 9.9964E-05 0.0407626 0.810415 0.0920637 9.9964E-05
9.9964E-05 0.0495648 0.0307486 9.9964E-05 0.0277149 9.9964E-05 0.765614 0.125958 9.9964E-05
0.0499652 0.108912 0.0153187 9.9982E-05 9.9982E-05 0.0269216 0.640023 0.0856728 0.0729867
9.9973E-05 0.0594697 0.00650971 9.9973E-05 9.9973E-05 0.0206226 0.795678 0.081435 0.0359851
0.0444944 9.9964E-05 0.0396255 0.00109815 9.9964E-05 9.9964E-05 0.863272 0.0511105 9.9964E-05
9.9964E-05 0.0806201 9.9964E-05 0.00839984 0.0357348 0.0129652 0.86188 9.9964E-05 9.9964E-05
9.9964E-05 0.0748155 9.9964E-05 9.9964E-05 0.0401357 0.0283001 0.764909 9.9964E-05 0.0914396
0.0056222 0.0299668 0.0383443 0.0482764 0.0473963 9.9982E-05 0.789996 9.9982E-05 0.0401978
9.9955E-05 9.9955E-05 9.9955E-05 0.0546607 0.0527049 9.9955E-05 0.790666 0.101468 9.9955E-05
0.0511482 9.9973E-05 9.9973E-05 9.9973E-05 0.0121837 0.00806302 0.901559 0.0106031 0.016143
0.0812714 0.00792138 0.040267 9.9973E-05 0.0191203 9.9973E-05 0.677171 0.173949 9.9973E-05
9.9946E-05 0.0623233 9.9946E-05 9.9946E-05 9.9946E-05 9.9946E-05 0.913129 0.0239484 9.9946E-05
0.0629112 9.9964E-05 9.9964E-05 0.015061 9.9964E-05 0.0106156 0.810008 0.101005 9.9964E-05
0.0121546 9.9964E-05 0.0470439 9.9964E-05 9.9964E-05 0.020005 0.794095 0.126302 9.9964E-05
0.0687299 9.9955E-05 9.9955E-05 9.9955E-05 9.9955E-05 0.0142271 0.896665 0.019878 9.9955E-05
0.0980883 0.075435 0.0117402 9.9973E-05 9.9973E-05 9.9973E-05 0.694452 0.0836241 0.0363601
0.0107098 9.9955E-05 9.9955E-05 0.052836 9.9955E-05 9.9955E-05 0.681495 0.25446 9.9955E-05
0.033124 0.016136 0.0403317 9.9973E-05 9.9973E-05 0.0204404 0.835715 0.0539534 9.9973E-05
0.0865131 9.9955E-05 9.9955E-05 9.9955E-05 9.9955E-05 0.00166161 0.830135 0.0811908 9.9955E-05
0.0885287 0.0558115 9.9964E-05 9.9964E-05 9.9964E-05 9.9964E-05 0.705609 0.123787 0.0258635
9.9991E-05 0.0328336 0.0262417 0.0333853 0.00221727 0.0262121 0.719933 0.147824 0.0112528
9.9964E-05 9.9964E-05 9.9964E-05 0.0357801 9.9964E-05 0.0511831 0.746502 0.0417115 0.124423
9.9964E-05 0.0384476 9.9964E-05 0.0207485 0.059134 9.9964E-05 0.877137 9.9964E-05 0.00413331
0.0494238 0.00240568 0.00691333 0.0166926 9.9973E-05 0.0295171 0.894748 9.9973E-05 9.9973E-05
9.9937E-05 9.9937E-05 9.9937E-05 9.9937E-05 0.0549746 9.9937E-05 0.944326 9.9937E-05 9.9937E-05
0.0580158 0.0104842 0.0325843 0.0198278 0.00745493 0.0688822 0.802551 9.9982E-05 9.9982E-05
9.9982E-05 0.0620282 0.0295665 9.9982E-05 0.0664482 0.00715072 0.763158 0.0156543 0.0557943
0.0140831 9.9982E-05 0.0153232 0.0270173 0.0732444 0.0148205 0.739109 0.116203 9.9982E-05
0.0512782 9.9955E-05 9.9955E-05 0.0553231 0.0584828 9.9955E-05 0.834416 9.9955E-05 9.9955E-05
9.9982E-05 9.9982E-05 0.0315282 0.0198528 0.016079 0.0329835 0.780116 0.0910968 0.0281443
9.9955E-05 0.028768 9.9955E-05 9.9955E-05 9.9955E-05 9.9955E-05 0.890486 0.00695422 0.0732918
0.0667944 9.99789E-05 0.0375597 0.138682 0.0444212 9.99789E-05 0.688981 0.0232612 9.99789E-05
9.9964E-05 0.0468598 9.9964E-05 0.0286664 9.9964E-05 0.00284282 0.817198 0.104033 9.9964E-05
9.9955E-05 0.0418583 9.9955E-05 0.0202145 0.0347509 9.9955E-05 0.902677 9.9955E-05 9.9955E-05
0.0946192 0.03234 9.9991E-05 0.0343777 0.0924936 0.0284939 0.596217 0.0236664 0.0976926
0.0152664 0.0141623 9.9982E-05 0.0957561 9.9982E-05 0.00140897 0.753391 0.116812 0.00300264
9.9964E-05 9.9964E-05 0.0116142 9.9964E-05 0.0202205 9.9964E-05 0.844062 0.12065 0.00305375
9.9982E-05 0.0930285 9.9982E-05 0.0111614 0.122587 0.0153736 0.607867 0.129991 0.0197913
9.9937E-05 9.9937E-05 9.9937E-05 0.0524184 9.9937E-05 9.9937E-05 0.946882 9.9937E-05 9.9937E-05
0.0300616 0.0093295 0.0622815 0.0454102 0.0769537 9.9973E-05 0.775664 9.9973E-05 9.9973E-05
9.9973E-05 0.0101579 9.9973E-05 0.0261568 9.9973E-05 0.0163802 0.831131 0.00645587 0.109419
9.9955E-05 0.0488228 0.042967 9.9955E-05 9.9955E-05 9.9955E-05 0.823472 0.0842381 9.9955E-05
9.9955E-05 0.0610128 0.0209665 9.9955E-05 9.9955E-05 9.9955E-05 0.914038 0.00348277 9.9955E-05
9.9955E-05 0.0143256 9.9955E-05 9.9955E-05 0.0791381 9.9955E-05 0.0189733 0.887063 9.9955E-05
9.9964E-05 9.9964E-05 0.0201829 9.9964E-05 0.00386536 0.0334069 0.037281 0.904864 9.9964E-05
9.9946E-05 9.9946E-05 0.00654773 9.9946E-05 9.9946E-05 0.0578355 9.9946E-05 0.935017 9.9946E-05
0.0697046 0.0754588 0.0137305 0.0470699 0.0285575 0.0287264 0.0124564 0.724196 9.9991E-05
9.9964E-05 9.9964E-05 9.9964E-05 0.0269274 0.00631078 0.019168 0.0810641 0.86613 9.9964E-05
0.0208329 0.0816438 9.9982E-05 9.9982E-05 0.0132936 0.0933793 0.0575448 0.68043 0.0526757
9.9955E-05 9.9955E-05 0.00931793 9.9955E-05 9.9955E-05 0.0497594 9.9955E-05 0.933633 0.00678997
0.00127798 9.9973E-05 9.9973E-05 0.0922577 0.0645021 0.0127001 0.12321 0.705752 9.9973E-05
9.9973E-05 0.0481518 9.9973E-05 9.9973E-05 0.0443892 0.0402459 0.20028 0.556923 0.10971
9.9991E-05 0.0100382 0.0271738 0.0725042 0.0582627 0.0592811 0.130421 0.628558 0.0136606
0.0840822 0.0438751 9.9973E-05 9.9973E-05 0.0346513 9.9973E-05 0.113772 0.665328 0.0579921
9.9982E-05 0.0108901 0.00482321 9.9982E-05 0.0604945 0.0947315 0.160623 0.628765 0.0394732
0.0216883 0.167407 9.9973E-05 9.9973E-05 0.0710111 0.0152853 0.11282 0.611488 9.9973E-05
0.0538384 0.0103049 9.9982E-05 0.0171715 0.0066256 0.0625566 0.0535525 0.795751 9.9982E-05
0.0250858 9.9991E-05 0.0627074 0.0360002 0.14719 0.0387394 0.174097 0.504546 0.0115335
0.0175366 0.049141 0.0607596 9.9991E-05 0.0886678 0.0321926 0.0385535 0.630409 0.0826404
0.0329013 0.169989 9.9982E-05 0.00717755 0.0487856 0.0766858 0.151503 0.512758 9.9982E-05
0.0425781 9.9991E-05 0.0353053 0.0383507 0.0235301 0.114628 0.0334975 0.700234 0.0117762
0.0319331 0.0791832 9.9982E-05 9.9982E-05 0.0620192 0.00902596 0.0579852 0.676668 0.0829852
0.012386 9.9955E-05 9.9955E-05 9.9955E-05 0.0231066 0.037684 9.9955E-05 0.926324 9.9955E-05
0.0299535 0.146863 0.00237548 9.9982E-05 0.127604 9.9982E-05 0.114386 0.554111 0.0245074
9.9964E-05 0.101824 9.9964E-05 9.9964E-05 0.103334 9.9964E-05 0.128219 0.600644 0.0655792
9.9964E-05 0.0171003 9.9964E-05 0.00413864 9.9964E-05 0.100454 0.123163 0.754744 9.9964E-05
0.0278348 0.115401 9.9991E-05 0.0467607 0.044781 0.0596799 0.123294 0.498477 0.0836718
9.9964E-05 0.10153 0.00157518 9.9964E-05 9.9964E-05 0.0913754 0.152897 0.652222 9.9964E-05
9.9964E-05 9.9964E-05 0.040442 9.9964E-05 0.0613975 0.0149891 0.0692216 0.81355 9.9964E-05
0.0227544 0.00946427 0.0375556 9.9973E-05 9.9973E-05 0.0693547 0.151968 0.708603 9.9973E-05
9.9973E-05 9.9973E-05 0.0117583 9.9973E-05 0.104641 0.0635727 0.166581 0.601913 0.0512334
9.9964E-05 9.9964E-05 0.0107522 9.9964E-05 0.107664 0.039712 0.17035 0.671122 9.9964E-05
0.00554241 9.9982E-05 0.0245762 0.070911 0.0250027 0.0385594 0.164435 0.670773 9.9982E-05
0.0734968 0.227241 0.0762966 0.0322567 0.100561 9.9982E-05 0.0372408 0.452707 9.9982E-05
0.0287088 9.9964E-05 9.9964E-05 0.0402697 0.122272 9.9964E-05 0.198032 0.610318 9.9964E-05
0.0017273 0.06268 0.0174155 0.155213 0.0895505 0.0415996 0.188621 0.443094 9.9991E-05
0.0586894 9.9964E-05 9.9964E-05 9.9964E-05 0.137515 9.9964E-05 0.266075 0.49576 0.0415602
9.9973E-05 9.9973E-05 0.0511882 0.0247038 0.0975692 0.0422231 0.205511 0.578505 9.9973E-05
0.0403807 0.0508736 9.9973E-05 0.0185089 0.0866721 9.9973E-05 0.129165 0.674099 9.9973E-05
0.0494131 0.0124505 0.00553923 0.142436 0.100902 0.044489 0.112769 0.531902 9.9991E-05
0.0162816 9.9991E-05 0.034729 0.0400934 0.0817792 0.0780988 0.0905788 0.614254 0.0440851
9.9973E-05 9.9973E-05 0.0457504 9.9973E-05 0.0733028 0.0242722 0.178762 0.656574 0.0210382
0.0848658 0.1203 0.0331358 0.0145916 0.0343888 0.0921761 0.159806 0.394124 0.0666112
0.0733387 9.9964E-05 9.9964E-05 9.9964E-05 0.0185593 0.0338085 0.258046 0.615847 9.9964E-05
9.9991E-05 0.0603649 0.0103677 0.00760338 0.0729807 0.030392 0.24491 0.566523 0.00675839
0.0266484 9.9991E-05 0.0731542 0.0582392 0.10572 0.0386918 0.149102 0.507709 0.0406352
0.0501225 0.071638 9.9991E-05 0.029045 0.094601 0.038789 0.183797 0.450257 0.0816503
0.00503331 0.120579 9.9982E-05 0.00374967 9.9982E-05 0.0575593 0.175088 0.629026 0.00876427
0.0280284 9.9991E-05 0.0593266 0.0748846 0.0730257 0.0931469 0.0971595 0.523394 0.0509341
9.9964E-05 9.9964E-05 0.0176266 9.9964E-05 0.0993025 9.9964E-05 0.252894 0.562574 0.067203
9.9964E-05 0.0944826 9.9964E-05 9.9964E-05 0.102319 0.0550371 0.0917713 0.65599 9.9964E-05
9.9973E-05 9.9973E-05 0.0276125 0.0112635 0.0641249 0.0391729 0.0252641 0.832262 9.9973E-05
9.9982E-05 9.9982E-05 0.012331 0.0628696 0.0462356 0.0582241 0.235904 0.534747 0.0494885
0.0130831 9.9982E-05 0.0264022 0.0102988 0.0673697 0.771875 9.9982E-05 0.0835366 0.0272348
0.017437 9.9991E-05 0.0106563 0.0199991 0.0769963 0.766516 0.0402878 0.027742 0.0402658
0.054012 0.056487 9.9991E-05 0.142459 0.102257 0.591839 0.00948347 0.0363706 0.00699171
0.0455304 0.0669143 0.00222079 0.00250038 0.0958058 0.730496 0.0322419 0.0241903 9.9991E-05
9.9973E-05 0.0414242 9.9973E-05 0.0479859 0.181028 0.613629 9.9973E-05 0.071234 0.0443984
9.9973E-05 0.0139244 9.9973E-05 9.9973E-05 0.0677218 0.79801 0.00914707 0.0310863 0.0798101
0.0304573 0.0566211 9.9982E-05 0.044563 0.0364584 0.799017 9.9982E-05 0.024032 0.0086513
9.9964E-05 9.9964E-05 0.0274642 0.0304004 9.9964E-05 0.874144 9.9964E-05 0.0350384 0.032553
9.9973E-05 9.9973E-05 9.9973E-05 0.0261622 0.0324228 0.762578 0.0115419 0.0619534 0.105042
9.9955E-05 0.0229642 9.9955E-05 9.9955E-05 0.0150588 0.870383 9.9955E-05 9.9955E-05 0.0910938
9.9982E-05 0.0275392 0.0261729 0.0395608 0.113339 0.724863 9.9982E-05 0.0318099 0.0365148
9.9964E-05 9.9964E-05 0.0196181 0.0435244 0.182829 0.661736 9.9964E-05 0.0918929 9.9964E-05
0.0295888 9.9964E-05 9.9964E-05 0.0219758 0.0094762 0.922891 0.0156684 9.9964E-05 9.9964E-05
9.9964E-05 0.0215514 0.0187948 9.9964E-05 0.111166 0.805395 9.9964E-05 0.0426928 9.9964E-05
0.0352795 0.0169645 0.0187508 9.9973E-05 9.9973E-05 0.849759 0.0285734 0.0503727 9.9973E-05
0.0362753 0.00952803 0.0334783 9.9973E-05 0.083256 0.819172 0.0179904 9.9973E-05 9.9973E-05
0.00276254 9.9973E-05 0.0106836 9.9973E-05 0.0275335 0.898969 0.0280542 9.9973E-05 0.0316967
0.0138028 9.9982E-05 0.0310691 0.0280725 0.151208 0.673752 9.9982E-05 0.0152684 0.0866271
0.018837 9.9982E-05 0.00155897 0.0431191 0.0633347 0.82401 9.9982E-05 0.0317321 0.0172086
9.9982E-05 9.9982E-05 0.03553 0.1135 0.0136147 0.7282 0.00695369 0.0457583 0.0562441
9.9973E-05 0.0112015 0.0316616 9.9973E-05 0.0359278 0.792093 9.9973E-05 0.0602838 0.0685319
9.9964E-05 9.9964E-05 9.9964E-05 0.0992213 0.0280788 0.811845 0.0170715 0.0433841 9.9964E-05
9.9955E-05 9.9955E-05 9.9955E-05 9.9955E-05 0.0787014 0.74885 9.9955E-05 0.0131998 0.158749
9.9964E-05 0.0217039 9.9964E-05 0.0474781 0.0435226 0.868919 0.0179766 9.9964E-05 9.9964E-05
9.9982E-05 0.00947579 0.01148 9.9982E-05 0.0764652 0.674595 0.0267418 0.0611738 0.139868
0.0031861 0.0649856 0.0091535 0.0487974 0.0498628 0.762804 9.9991E-05 0.0367303 0.02438
0.0715157 9.9982E-05 0.0111495 0.0483948 0.0647114 0.72817 0.0220324 9.9982E-05 0.0538263
9.9964E-05 0.117051 9.9964E-05 0.0758017 0.0855868 0.70242 9.9964E-05 0.0187411 9.9964E-05
9.9973E-05 9.9973E-05 0.0910298 0.00166871 0.100604 0.614473 0.037391 9.9973E-05 0.154534
0.0607615 0.00843239 0.0230073 0.025802 0.0983509 0.771034 9.9982E-05 9.9982E-05 0.0124117
0.0493487 0.0263346 9.9973E-05 0.128443 0.170183 0.619572 9.9973E-05 0.00581933 9.9973E-05
0.0336982 0.0781097 9.9973E-05 0.00747271 0.0115485 0.836863 0.0320075 9.9973E-05 9.9973E-05
0.0079683 9.9973E-05 0.000144898 9.9973E-05 0.191162 0.7184 9.9973E-05 0.00378059 0.0782444
9.9964E-05 0.0141788 0.0292956 0.0370821 9.9964E-05 0.883958 9.9964E-05 9.9964E-05 0.0350859
0.0271119 0.0863222 0.00946874 9.9982E-05 0.0822357 0.631866 0.0348165 9.9982E-05 0.127979
0.0295466 0.00962651 0.00902876 0.0234313 0.0919874 0.788015 0.0336561 0.0146079 9.9991E-05
9.9973E-05 0.0245717 9.9973E-05 0.0160773 0.0560743 0.802247 0.0237226 9.9973E-05 0.077007
9.9973E-05 9.9973E-05 0.0125518 0.0552702 0.019549 0.889822 9.9973E-05 0.00421326 0.0182936
9.9964E-05 0.0529129 0.00970753 0.0139201 9.9964E-05 0.906105 9.9964E-05 9.9964E-05 0.0169548
9.9973E-05 0.0420032 0.0347371 0.0816516 0.0543916 0.786509 0.000407327 9.9973E-05 9.9973E-05
9.9946E-05 0.0109976 9.9946E-05 0.0922181 9.9946E-05 0.896185 9.9946E-05 9.9946E-05 9.9946E-05
9.9955E-05 0.0601315 9.9955E-05 9.9955E-05 0.197093 0.71726 9.9955E-05 9.9955E-05 0.0250162
9.9955E-05 0.0179193 0.0524892 9.9955E-05 0.130016 0.799076 9.9955E-05 9.9955E-05 9.9955E-05
0.0718533 9.9982E-05 0.0133937 9.9982E-05 0.0173433 0.777585 0.00753132 0.0428238 0.0692692
0.0636889 0.0152858 9.9982E-05 0.0322258 0.158217 0.724414 9.9982E-05 0.00389247 0.0020762
0.0192216 9.9973E-05 9.9973E-05 0.0787531 0.162744 0.703907 0.0122289 9.9973E-05 0.0228452
9.9955E-05 9.9955E-05 0.0409573 9.9955E-05 0.237878 0.658542 9.9955E-05 9.9955E-05 0.0621225
0.0373296 9.9964E-05 9.9964E-05 0.06476 0.0137569 0.83506 0.0486941 9.9964E-05 9.9964E-05
0.0150908 9.9973E-05 0.00958872 0.0413706 0.0890335 0.826463 0.0181536 9.9973E-05 9.9973E-05
9.9964E-05 9.9964E-05 0.0334854 9.9964E-05 0.0184802 0.82552 9.9964E-05 0.0337508 0.0883637
0.0185987 0.909752 9.9955E-05 9.9955E-05 9.9955E-05 0.00904536 9.9955E-05 0.062104 9.9955E-05
0.0659655 0.625769 0.00033652 0.0418543 0.00030946 0.0250542 9.9991E-05 0.190577 0.050034
9.9964E-05 0.807421 9.9964E-05 9.9964E-05 9.9964E-05 0.0442339 0.0689967 0.016518 0.062431
9.9991E-05 0.512877 0.0902683 0.0306225 0.060351 0.0163042 0.0617079 0.00819686 0.219572
9.9973E-05 0.673234 0.0282731 0.134631 9.9973E-05 0.0139892 0.0161929 0.13338 9.9973E-05
0.0795181 0.727992 0.00303983 0.137002 9.9982E-05 0.000964313 9.9982E-05 0.0160692 0.0352149
0.0756649 0.768313 9.9973E-05 0.00869082 0.0554652 9.9973E-05 0.00313171 9.9973E-05 0.0884348
0.0910135 0.767604 9.9964E-05 0.101393 9.9964E-05 0.0181091 9.9964E-05 0.0214812 9.9964E-05
0.028039 0.7659 0.0218431 0.0788755 0.0861567 0.0024423 9.9982E-05 0.0165438 9.9982E-05
0.0557009 0.782809 0.0856113 0.0293137 0.0102866 9.9982E-05 0.00481942 9.9982E-05 0.0312588
0.0581191 0.516957 0.0177036 0.0678988 0.0806437 9.9991E-05 0.0494466 0.101175 0.107957
0.105276 0.583059 9.9991E-05 0.0461635 0.076807 0.0519164 0.0424833 0.0522971 0.0418974
0.0818482 0.758502 0.0448867 0.0497219 9.9982E-05 0.0210651 0.0197017 0.0240747 9.9982E-05
0.00645794 0.697297 0.0559369 9.9982E-05 0.0341578 9.9982E-05 0.153363 0.00232328 0.0502636
9.9982E-05 0.747359 0.00485981 0.128056 0.0172805 0.0115305 0.00477827 0.0859353 9.9982E-05
9.9982E-05 0.72918 0.040909 0.0473542 0.0338173 0.0613476 0.0685522 0.0186393 9.9982E-05
0.0509885 0.52388 0.0681193 9.9991E-05 0.0972626 0.0243431 0.0926441 0.0372769 0.105386
0.0490842 0.746886 9.9964E-05 0.10587 9.9964E-05 9.9964E-05 0.0385944 0.0591661 9.9964E-05
0.0698485 0.787846 9.9973E-05 0.0369795 9.9973E-05 0.0173146 0.0284591 0.059252 9.9973E-05
9.9973E-05 0.674749 9.9973E-05 9.9973E-05 0.0651636 0.01813 0.0568359 0.0982345 0.0865866
0.00232114 0.683895 0.0362057 9.9982E-05 9.9982E-05 0.0163788 0.0783115 0.109588 0.0731003
0.0900428 0.743629 9.9964E-05 0.0537026 9.9964E-05 9.9964E-05 9.9964E-05 0.0807054 0.0315199
9.9973E-05 0.756725 9.9973E-05 9.9973E-05 0.082552 0.00584175 0.0303358 0.00808908 0.116156
9.9964E-05 0.843165 9.9964E-05 9.9964E-05 0.0193461 0.00395453 0.0346617 9.9964E-05 0.0984727
0.0593161 0.776316 9.9973E-05 0.0292879 0.0622228 9.9973E-05 0.00660627 9.9973E-05 0.0659514
9.9973E-05 0.668351 0.042017 0.117862 9.9973E-05 9.9973E-05 0.0286406 0.0743152 0.0685149
0.0053993 0.807696 9.9964E-05 9.9964E-05 0.0678296 0.0275937 9.9964E-05 9.9964E-05 0.0910811
0.00502194 0.716266 0.000283576 9.9982E-05 0.103879 0.0293595 0.0416954 9.9982E-05 0.103294
9.9964E-05 0.625619 9.9964E-05 0.00434087 9.9964E-05 9.9964E-05 0.0901709 0.0771225 0.202347
9.9973E-05 0.685656 0.015685 9.9973E-05 9.9973E-05 0.0402618 0.0390423 0.0595268 0.159529
0.0262702 0.738458 9.9973E-05 0.0960985 0.0734601 0.0104444 0.0549694 9.9973E-05 9.9973E-05
0.0405539 0.891777 9.9946E-05 0.067069 9.9946E-05 9.9946E-05 9.9946E-05 9.9946E-05 9.9946E-05
0.0283362 0.746339 0.0145601 0.0336894 9.9982E-05 0.0670729 0.0130281 0.0967742 9.9982E-05
0.0279223 0.788777 0.0352877 9.9973E-05 0.110672 0.0059905 9.9973E-05 0.0310508 9.9973E-05
9.9973E-05 0.607777 9.9973E-05 0.119021 0.0560135 0.0163015 0.0830797 9.9973E-05 0.117507
9.9973E-05 0.766721 0.0239194 0.109383 0.00474991 9.9973E-05 9.9973E-05 0.0762952 0.0186311
0.135495 0.733458 0.0118796 9.9964E-05 9.9964E-05 9.9964E-05 9.9964E-05 0.0825083 0.0362591
9.9964E-05 0.899835 0.0155664 9.9964E-05 0.00960028 9.9964E-05 0.0233273 0.0512717 9.9964E-05
9.9982E-05 0.760573 0.0407209 0.0508059 0.0415081 9.9982E-05 0.077103 0.0190777 0.010011
9.9964E-05 0.669808 0.0936816 9.9964E-05 0.0330301 9.9964E-05 9.9964E-05 0.126779 0.0763021
9.9973E-05 0.759146 0.0968222 0.0489651 0.00730399 0.0642143 0.0232482 9.9973E-05 9.9973E-05
0.0645955 0.73712 0.0161764 0.0899613 0.023505 0.0265123 0.0178251 9.9991E-05 0.0242043
9.9982E-05 0.744018 0.0245148 0.109398 0.00254942 9.9982E-05 0.00505078 0.106644 0.00762516
0.100774 0.78307 9.9955E-05 0.0895164 9.9955E-05 0.0261398 9.9955E-05 9.9955E-05 9.9955E-05
0.015935 0.581743 0.0206426 0.0198835 0.00468674 0.0468658 0.0608679 0.0368135 0.212562
0.026717 0.673493 0.0293594 9.9973E-05 9.9973E-05 0.0211947 0.0606827 0.188253 9.9973E-05
0.0215296 9.9964E-05 9.9964E-05 9.9964E-05 0.673458 0.130244 9.9964E-05 0.043164 0.131205
0.0348102 0.0315262 9.9982E-05 9.9982E-05 0.614221 0.0314189 0.0150803 0.134384 0.138359
9.9964E-05 9.9964E-05 0.0379922 9.9964E-05 0.849501 0.0258423 9.9964E-05 0.0641892 0.0220748
0.0618815 0.0207971 9.9964E-05 9.9964E-05 0.893506 0.0134708 0.00994446 9.9964E-05 9.9964E-05
0.0501374 9.9973E-05 9.9973E-05 0.0169303 0.797451 0.0540857 9.9973E-05 0.0538509 0.0272448
0.025246 0.0394798 9.9973E-05 0.00113773 0.862573 0.0178648 9.9973E-05 0.0533989 9.9973E-05
9.9982E-05 0.0497851 0.0164549 9.9982E-05 0.752903 0.0966005 0.0206216 0.0392757 0.0241588
9.9973E-05 0.0341182 0.0392426 9.9973E-05 0.829143 0.0447873 9.9973E-05 0.0100865 0.0423227
9.9982E-05 0.00918608 0.0290046 9.9982E-05 0.728721 0.15051 0.00531184 0.0288626 0.0482036
0.0390303 0.0823847 0.0175045 0.092352 0.615363 0.108365 0.0396622 0.00523859 9.9991E-05
0.0242829 0.00905221 9.9982E-05 9.9982E-05 0.626206 0.13941 0.0114534 0.0716833 0.117712
9.9973E-05 9.9973E-05 0.00194045 9.9973E-05 0.767765 0.0851016 0.0566593 0.0263815 0.0618522
9.9973E-05 0.0607505 0.00862218 0.000143075 0.864019 0.0291313 9.9973E-05 9.9973E-05 0.0370335
0.0344427 0.0257284 0.0220288 9.9964E-05 0.9142 0.00320068 9.9964E-05 9.9964E-05 9.9964E-05
9.9973E-05 9.9973E-05 0.0126546 0.0775966 0.701008 0.0484856 9.9973E-05 0.0743127 0.0856422
0.040388 0.126432 0.00458442 0.058673 0.52951 0.147666 9.9982E-05 0.0925465 9.9982E-05
0.0769597 0.041546 0.0351048 0.107732 0.494262 0.0534335 0.0401712 0.111653 0.0391377
0.0327833 0.000907494 9.9973E-05 9.9973E-05 0.741878 0.0557619 9.9973E-05 0.0855119 0.0828574
9.9982E-05 0.0567844 9.9982E-05 0.0432052 0.763678 0.0489908 0.0409397 0.0330669 0.0131351
9.9982E-05 0.00598234 0.02099 0.0377275 0.782464 0.0992005 0.0466971 9.9982E-05 0.00673827
9.9964E-05 0.0127525 9.9964E-05 9.9964E-05 0.749971 0.100504 0.0629988 9.9964E-05 0.0733734
0.0455442 9.9973E-05 9.9973E-05 9.9973E-05 0.636698 0.145201 0.0360161 0.0762933 0.0599471
9.9973E-05 9.9973E-05 9.9973E-05 0.00391925 0.732358 0.113076 0.0323392 0.0399619 0.0780458
9.9973E-05 0.00104179 9.9973E-05 9.9973E-05 0.850156 0.0571412 0.0291876 0.0292752 0.0328986
0.0484692 9.9982E-05 0.00445591 0.0203236 0.868738 0.00982308 0.0453582 0.00263242 9.9982E-05
9.9955E-05 9.9955E-05 0.00968334 0.0457697 0.887032 9.9955E-05 0.0570155 9.9955E-05 9.9955E-05
0.0132701 9.9964E-05 9.9964E-05 0.015628 0.866164 9.9964E-05 0.0508966 9.9964E-05 0.0536414
0.0841419 9.9973E-05 0.0191021 0.121055 0.73376 0.040595 0.00104604 9.9973E-05 9.9973E-05
0.0451354 0.00290547 0.0161155 0.0158834 0.862434 0.0477154 0.00452337 9.9991E-05 0.00518763
9.9982E-05 0.0225736 0.015973 0.0321122 0.775027 0.0843764 0.0107453 0.0589922 9.9982E-05
9.9946E-05 0.0301118 9.9946E-05 9.9946E-05 0.885918 9.9946E-05 0.0833706 9.9946E-05 9.9946E-05
9.9955E-05 0.0500495 9.9955E-05 9.9955E-05 0.925519 9.9955E-05 0.0137036 0.0102286 9.9955E-05
0.00858544 9.9973E-05 0.0161395 0.0513034 0.907275 0.0108996 0.00549697 9.9973E-05 9.9973E-05
0.0779577 0.0279504 9.9973E-05 0.0403606 0.745172 0.0459969 0.0622624 9.9973E-05 9.9973E-05
0.00609765 0.0267758 0.0134978 0.00531558 0.87073 0.0124176 0.0572513 0.00781421 9.9991E-05
0.0484193 0.0507757 0.000758547 0.0521812 0.801752 9.9982E-05 0.0258845 0.0200284 9.9982E-05
9.9973E-05 9.9973E-05 0.0136922 0.00969254 0.884273 0.0427989 9.9973E-05 0.0367462 0.012497
9.9955E-05 0.0195405 9.9955E-05 0.0490866 0.920417 0.0104556 9.9955E-05 9.9955E-05 9.9955E-05
0.0117067 0.0264201 9.9973E-05 0.0437844 0.826874 0.0788986 9.9973E-05 0.0120163 9.9973E-05
9.9973E-05 0.000934176 9.9973E-05 0.0357648 0.795888 0.123391 0.0346893 0.00903335 9.9973E-05
9.9964E-05 0.006648 9.9964E-05 0.0118432 0.945951 9.9964E-05 0.00746229 0.0276954 9.9964E-05
0.00660232 9.9964E-05 9.9964E-05 0.0122582 0.899712 0.0520266 0.0290015 9.9964E-05 9.9964E-05
0.00195056 9.9955E-05 9.9955E-05 0.034561 0.9081 9.9955E-05 0.0548887 9.9955E-05 9.9955E-05
0.0228405 9.9946E-05 9.9946E-05 9.9946E-05 0.928342 0.0482176 9.9946E-05 9.9946E-05 9.9946E-05
0.0185398 9.9964E-05 9.9964E-05 0.111543 0.77841 0.0665287 0.024578 9.9964E-05 9.9964E-05
0.0392569 0.0276811 0.790569 0.0267937 9.9982E-05 0.0321496 0.0585906 9.9982E-05 0.0247592
9.9946E-05 9.9946E-05 0.829386 9.9946E-05 9.9946E-05 9.9946E-05 0.0949062 9.9946E-05 0.075108
0.0535202 0.058356 0.743769 9.9964E-05 9.9964E-05 0.0465969 9.9964E-05 9.9964E-05 0.0973586
0.0358436 9.9964E-05 0.754708 9.9964E-05 9.9964E-05 9.9964E-05 0.0429673 0.0782009 0.0878805
0.0130774 0.0602541 0.875769 0.0149112 0.0180389 9.9973E-05 0.0176493 9.9973E-05 9.9973E-05
9.9946E-05 9.9946E-05 0.89626 0.0846598 9.9946E-05 9.9946E-05 0.0184802 9.9946E-05 9.9946E-05
0.0731137 9.9955E-05 0.830733 9.9955E-05 9.9955E-05 9.9955E-05 9.9955E-05 0.0849402 0.0107132
0.125515 0.0107038 0.529819 0.0496438 9.9991E-05 0.0332671 0.045098 0.0666586 0.139195
0.0113195 9.9964E-05 0.787495 0.119378 0.0661456 9.9964E-05 9.9964E-05 9.9964E-05 0.0152626
0.137072 0.00214974 0.854362 9.9955E-05 9.9955E-05 0.00591594 9.9955E-05 9.9955E-05 9.9955E-05
0.0779315 0.0544517 0.666959 0.0111212 0.00812434 0.0243219 0.0499077 0.0499258 0.057257
0.154765 0.0217847 0.603692 0.0806531 9.9991E-05 0.0316447 0.0255411 0.0519637 0.0298552
9.9955E-05 9.9955E-05 0.853282 9.9955E-05 0.0362074 9.9955E-05 0.0152458 9.9955E-05 0.0947651
0.132671 0.0284844 0.813963 9.9955E-05 0.0243819 9.9955E-05 9.9955E-05 9.9955E-05 9.9955E-05
9.9964E-05 0.0395623 0.810473 0.0453087 9.9964E-05 9.9964E-05 9.9964E-05 0.0330262 0.0712299
0.0282389 9.9955E-05 0.922212 0.0337494 9.9955E-05 9.9955E-05 0.0152995 9.9955E-05 9.9955E-05
0.220839 9.9964E-05 0.665944 0.0792798 9.9964E-05 0.0211239 0.0124133 9.9964E-05 9.9964E-05
0.120206 9.9964E-05 0.812348 9.9964E-05 0.0119095 0.00297189 9.9964E-05 0.0521647 9.9964E-05
0.153749 0.0210482 0.717639 9.9991E-05 0.0190892 0.0127305 0.0246489 0.00868188 0.042313
0.0150575 9.9964E-05 0.954136 0.006846 9.9964E-05 9.9964E-05 0.00503342 9.9964E-05 0.0185277
0.0361502 9.9964E-05 0.86191 9.9964E-05 0.0290136 9.9964E-05 0.00868885 9.9964E-05 0.0638376
0.173771 0.00605316 0.734564 9.9964E-05 9.9964E-05 9.9964E-05 9.9964E-05 0.0262076 0.0590042
