0.0770086 0.11864 9.9964E-05 0.561455 9.9964E-05 0.139373 0.0291581 9.9964E-05 0.0739649 9.9964E-05
0.0147578 0.0951662 0.0623878 0.613544 0.0629194 9.9982E-05 9.9982E-05 0.0224038 0.023424 0.105197
0.00800698 9.9973E-05 0.0397116 0.640746 0.0493238 0.127506 9.9973E-05 9.9973E-05 0.0888374 0.0455681
0.156545 0.209909 0.0201727 0.487755 0.0402633 0.0849545 9.9964E-05 9.9964E-05 9.9964E-05 9.9964E-05
0.0529626 0.0404492 0.00844351 0.71452 9.9964E-05 0.153176 9.9964E-05 9.9964E-05 0.0300495 9.9964E-05
0.00293058 0.0828968 9.9982E-05 0.578803 0.040095 0.11099 9.9982E-05 0.0771972 0.0499778 0.0569104
9.9964E-05 0.0117662 9.9964E-05 0.797178 0.0234921 9.9964E-05 0.0338156 9.9964E-05 0.0613861 0.0719618
0.0448515 0.00733069 9.9982E-05 0.751236 0.0387356 9.9982E-05 0.0538279 0.0306998 0.0426305 0.0304881
0.0332502 0.105735 9.9964E-05 0.683191 0.0636219 9.9964E-05 9.9964E-05 9.9964E-05 0.0675515 0.0462513
0.0344814 9.9955E-05 9.9955E-05 0.810728 9.9955E-05 0.0912981 9.9955E-05 9.9955E-05 0.0389536 0.0240395
9.9973E-05 0.205248 9.9973E-05 0.565381 0.0954809 0.0847262 9.9973E-05 0.00280003 0.033023 0.0130412
9.9964E-05 0.264115 0.0340286 0.581099 9.9964E-05 0.0298508 9.9964E-05 9.9964E-05 0.0692241 0.0212827
0.118269 9.9982E-05 0.031566 0.673665 0.00477705 9.9982E-05 0.0204494 0.0315083 0.0569827 0.062582
9.9964E-05 0.164075 0.067826 0.648602 0.0746009 9.9964E-05 9.9964E-05 9.9964E-05 0.0151702 0.0293254
9.9955E-05 9.9955E-05 0.0615761 0.569386 0.0515712 0.275587 9.9955E-05 0.0413805 9.9955E-05 9.9955E-05
0.0542198 0.109076 0.0262404 0.692456 9.9982E-05 9.9982E-05 0.0255424 0.0320786 0.0388377 0.0213489
9.9964E-05 0.189827 0.0373723 0.568897 0.0526691 9.9964E-05 9.9964E-05 0.0458479 0.104987 9.9964E-05
9.9991E-05 0.0633397 0.00964807 0.465702 0.0248892 0.285762 0.0701564 0.0300803 0.0289688 0.0213532
0.039106 0.101342 9.9982E-05 0.621777 0.0520611 0.0577293 0.0191412 9.9982E-05 0.0666554 0.0419887
0.0673228 0.123441 0.00470619 0.686787 0.0169568 0.0782148 9.9991E-05 0.00828633 0.000860132 0.0133247
0.0577479 0.0837245 0.0746968 0.590148 0.0132212 9.9982E-05 0.0512251 0.0731379 9.9982E-05 0.0558987
9.9964E-05 0.25294 9.9964E-05 0.709199 0.0167039 0.00930614 0.0112101 0.000241486 9.9964E-05 9.9964E-05
0.00780033 0.0750615 0.0659038 0.608873 0.0207691 0.106014 9.9982E-05 0.0666146 0.0487646 9.9982E-05
0.029357 9.9973E-05 9.9973E-05 0.695534 0.0457583 0.0526954 0.0325764 0.0388325 0.104946 9.9973E-05
0.0663341 0.145193 0.0240734 0.702436 9.9964E-05 9.9964E-05 9.9964E-05 9.9964E-05 0.0233299 0.0382338
0.0435511 0.174511 0.00489448 0.047251 0.060398 0.548848 0.00651681 0.0402052 0.0737243 9.9991E-05
9.9964E-05 0.0411162 9.9964E-05 0.246928 0.0282957 0.45514 0.0854555 9.9964E-05 0.142664 9.9964E-05
0.105212 0.0778133 0.0549475 0.1835 0.00597925 0.472092 0.0112297 0.00685143 0.0518883 0.0304863
0.0351227 0.04854 0.0215802 0.199483 0.0640798 0.465513 9.9982E-05 0.093544 0.0719369 9.9982E-05
9.9982E-05 0.107259 0.0238361 0.193308 0.0193855 0.556218 0.0534411 9.9982E-05 0.0234085 0.0229438
0.0728877 9.9964E-05 0.0556409 9.9964E-05 0.0217851 0.699928 9.9964E-05 9.9964E-05 0.101726 0.0476321
0.0293113 0.0184371 0.0524933 0.179226 0.0137327 0.559538 0.0731007 9.9982E-05 0.073961 9.9982E-05
0.0660613 0.0449263 0.0358807 0.171509 0.000922457 0.361842 0.144806 0.00807383 0.0567878 0.10919
0.0739573 9.9973E-05 0.0199763 0.0747726 9.9973E-05 0.699509 0.0491244 0.00601448 9.9973E-05 0.076346
0.0731472 9.9982E-05 0.000147124 0.152388 0.00705944 0.694404 9.9982E-05 0.0358465 0.0248608 0.0119463
0.0261449 0.135524 0.0213101 0.0656004 0.0355073 0.653924 0.017842 9.9982E-05 0.0439475 9.9982E-05
9.9964E-05 0.161252 0.0468955 0.189401 0.0332521 0.531272 9.9964E-05 9.9964E-05 0.0375284 9.9964E-05
0.0491644 0.117268 0.0168321 0.117191 0.0551467 0.465172 0.0834632 0.0401543 0.0555092 9.9991E-05
0.0271213 0.05338 0.0184469 0.241425 0.00188656 0.521111 0.0317958 9.9982E-05 0.104634 9.9982E-05
0.084674 9.9964E-05 0.0287524 0.0117939 9.9964E-05 0.773772 9.9964E-05 0.0183678 0.0822401 9.9964E-05
0.0715842 9.9982E-05 0.0456563 0.0906405 9.9982E-05 0.655993 0.0226834 0.00450534 0.0299696 0.0787676
0.0826012 9.9973E-05 9.9973E-05 0.161454 9.9973E-05 0.626175 0.0336581 0.00208545 0.0846929 0.00903302
0.076401 9.9955E-05 0.0212673 0.23053 9.9955E-05 0.607453 9.9955E-05 9.9955E-05 0.0638484 9.9955E-05
0.00938153 9.9973E-05 0.0186058 0.172011 0.0200385 0.619413 9.9973E-05 9.9973E-05 0.075858 0.0843929
0.0120945 0.148637 0.00179556 0.186412 9.9991E-05 0.552733 0.00839716 0.0244568 0.0442133 0.0211609
9.9973E-05 0.181947 9.9973E-05 0.0861203 9.9973E-05 0.0438073 0.190493 0.0864514 0.0463977 0.364483
9.9982E-05 0.153288 0.0293371 0.0432704 9.9982E-05 0.0583101 0.263548 0.068065 0.112408 0.271573
9.9973E-05 0.231421 0.0781434 9.9973E-05 0.00761828 0.0600581 0.198487 9.9973E-05 0.0464943 0.377478
0.0529387 0.122728 9.9982E-05 0.0604389 9.9982E-05 0.109144 0.163032 0.0977728 0.00742183 0.386324
9.9964E-05 0.128122 0.0451432 9.9964E-05 9.9964E-05 0.223663 0.265733 0.0052948 9.9964E-05 0.331644
0.0242975 0.0609492 9.9991E-05 0.0559438 0.0325348 0.164406 0.233016 0.0464027 0.0166923 0.365657
9.9973E-05 0.204417 0.0176367 9.9973E-05 0.0145203 0.0218472 0.150116 9.9973E-05 0.1175 0.473663
9.999E-05 0.0752802 0.0341319 0.0236768 0.0911022 0.233069 0.18297 0.062003 0.0379086 0.259759
9.9964E-05 0.163937 0.0386301 9.9964E-05 9.9964E-05 0.237129 0.154864 0.115255 9.9964E-05 0.289786
9.99639E-05 0.292284 0.00567876 9.99639E-05 9.99639E-05 0.157641 0.155084 0.0062831 9.99639E-05 0.38263
9.9973E-05 0.184761 9.9973E-05 9.9973E-05 0.0217223 0.124305 0.170181 0.055891 0.108155 0.334685
9.9973E-05 0.0939559 0.00549612 0.0356136 9.9973E-05 0.287421 0.0686224 0.122574 9.9973E-05 0.386017
0.0667088 0.304604 0.0463821 9.9982E-05 0.00488999 9.9982E-05 0.118019 0.0263833 0.0290931 0.40372
9.9973E-05 0.228928 0.0179696 9.9973E-05 9.9973E-05 0.0501684 0.181606 0.0535287 0.0758465 0.391653
9.9964E-05 0.133769 9.9964E-05 9.9964E-05 9.9964E-05 0.141081 0.245983 0.0258357 0.0283093 0.424622
9.9973E-05 0.199662 9.9973E-05 0.0073658 9.9973E-05 0.0802024 0.13717 0.058632 0.028763 0.487905
9.9973E-05 0.19766 0.0353406 9.9973E-05 9.9973E-05 0.0851985 0.11493 0.00684949 0.0230537 0.536668
0.00530897 0.164989 9.9982E-05 0.0143973 9.9982E-05 0.132659 0.231046 0.099736 0.113172 0.238492
0.0305048 0.110146 0.0438489 9.9982E-05 9.9982E-05 0.283067 0.158031 0.06432 0.0186615 0.291221
9.9973E-05 0.00822977 9.9973E-05 0.0856537 9.9973E-05 0.180501 0.269482 0.0274092 0.0979942 0.330431
9.9964E-05 0.0192032 0.0267764 0.0473989 9.9964E-05 0.257176 0.234343 9.9964E-05 9.9964E-05 0.414703
9.9991E-05 0.104513 0.0353865 0.0845175 0.0308909 0.0887852 0.139447 0.0414002 0.017132 0.457827
0.0134471 0.0254552 0.0357523 0.129989 0.0459353 0.0682269 0.175191 0.0925204 0.115367 0.298116
0.0272023 0.101556 9.9982E-05 0.0543393 9.9982E-05 0.195891 0.119202 0.0446182 0.0432688 0.413723
0.0619853 0.209046 9.9991E-05 0.0715634 0.00431847 0.12504 0.0983221 0.0403614 0.0379488 0.351315
0.0227047 0.117556 0.0119755 0.0981497 9.9973E-05 9.9973E-05 0.16117 0.0584935 9.9973E-05 0.52965
9.9982E-05 0.148112 0.0530862 0.104516 9.9982E-05 0.133348 0.114342 0.0249569 0.0154215 0.406018
0.0197972 0.215015 0.00883754 9.9973E-05 9.9973E-05 0.202052 0.0773243 0.0440761 9.9973E-05 0.432598
0.0527629 0.104728 0.0239499 0.0380526 0.0132794 0.117275 0.10779 0.127324 0.127299 0.287539
9.9964E-05 0.3387 0.00390487 9.9964E-05 9.9964E-05 9.9964E-05 0.178737 0.107209 0.0714938 0.299555
9.9973E-05 0.080319 9.9973E-05 0.0143488 9.9973E-05 0.144193 0.0360735 0.0225394 0.155606 0.546621
0.0421199 0.109933 0.0131071 9.9991E-05 0.0472165 0.160476 0.305126 0.0296827 0.0488728 0.243366
9.9964E-05 0.193881 9.9964E-05 0.0618766 0.0811316 0.139578 0.189316 9.9964E-05 9.9964E-05 0.333816
9.9982E-05 0.143337 9.9982E-05 0.0391038 0.0437695 0.143852 0.0175368 0.0574007 0.0340364 0.520764
0.066518 0.227294 0.0447988 0.00126106 9.9991E-05 0.0439177 0.172716 0.0441621 0.0831468 0.316086
9.9964E-05 0.419387 0.0505006 9.9964E-05 9.9964E-05 9.9964E-05 0.0776674 0.0956519 0.0284337 0.32796
9.9973E-05 0.200419 9.9973E-05 0.0187483 9.9973E-05 0.149541 0.130304 0.12988 0.051871 0.318937
9.9982E-05 0.245333 0.0631579 9.9982E-05 0.0491365 0.292895 0.18807 0.049103 0.0612469 0.0508586
0.0211566 0.138269 9.9964E-05 0.098692 9.9964E-05 9.9964E-05 0.237881 0.154038 9.9964E-05 0.349563
9.9982E-05 0.17695 0.0406439 9.9982E-05 0.0660169 0.252261 0.0843984 0.0433449 0.13464 0.201545
9.9973E-05 0.110455 0.0299625 9.9973E-05 9.9973E-05 0.138945 0.144646 0.0116506 0.109742 0.454299
9.9982E-05 0.175475 0.0600863 0.0448049 9.9982E-05 0.162434 0.0965153 0.168721 0.068006 0.223758
9.9973E-05 0.218133 0.0460532 9.9973E-05 9.9973E-05 0.0679229 0.195273 0.0282947 0.0901289 0.353894
0.0543437 0.117265 0.0314959 0.110734 0.00857384 0.0250637 0.205457 0.100661 9.9991E-05 0.346306
0.00940835 0.309939 0.0145704 9.9982E-05 9.9982E-05 0.0570194 0.108102 0.11383 0.0332363 0.353695
0.0282323 0.336867 0.0615068 0.164592 9.9982E-05 0.24213 0.0883017 0.0316194 0.0465506 9.9982E-05
0.0533018 0.188643 0.0494074 0.151079 0.00418434 0.39712 0.0907008 9.9982E-05 9.9982E-05 0.065364
0.0226015 0.280564 0.00729294 0.248272 9.9991E-05 0.275853 0.021279 0.0137932 0.0802825 0.0499615
0.0838825 0.383916 0.0271446 0.0828616 0.0441783 0.256074 0.0450968 0.0229822 9.9991E-05 0.0537637
9.9955E-05 0.487491 0.0596622 0.0761649 9.9955E-05 0.328026 9.9955E-05 9.9955E-05 0.0481564 9.9955E-05
0.0618093 0.374567 0.0137429 0.146072 9.9973E-05 0.204057 0.163657 0.0357943 9.9973E-05 9.9973E-05
0.075997 0.312599 0.024775 0.12721 0.00610029 0.240749 0.0888489 0.00867487 0.114946 9.9991E-05
9.9973E-05 0.237831 0.0775451 0.158356 9.9973E-05 0.364701 0.0883851 0.00859307 0.0642884 9.9973E-05
9.9973E-05 0.402066 0.0346621 0.150059 9.9973E-05 0.264845 9.9973E-05 0.0236555 0.109259 0.0151533
9.9964E-05 0.426603 0.0221793 0.276314 9.9964E-05 0.108356 0.0721467 9.9964E-05 0.0940016 9.9964E-05
0.0040383 0.425181 0.0584554 0.134508 0.0205222 0.200173 0.0966024 9.9991E-05 0.0183561 0.0420637
9.9982E-05 0.463292 0.0516715 0.136047 0.0826597 0.21288 0.0155976 0.0105846 9.9982E-05 0.0270681
0.0445938 0.452655 0.0268986 0.113369 0.0383917 0.133612 0.0490619 0.0339969 0.107321 9.9991E-05
0.0408725 0.457877 0.0101644 0.231147 9.9982E-05 0.187014 0.0435739 0.0108944 0.0182573 9.9982E-05
0.0020356 0.386105 9.9964E-05 9.9964E-05 9.9964E-05 0.299246 0.120968 9.9964E-05 0.162143 0.0291024
9.9973E-05 0.537551 0.00626804 0.154139 9.9973E-05 0.228906 9.9973E-05 0.0164632 0.0121952 0.0441779
0.0263043 0.586365 0.0417926 0.135274 9.9982E-05 0.0635542 0.0675435 0.0207532 9.9982E-05 0.0582132
9.9982E-05 0.471778 0.0566578 0.122146 0.0245604 0.148779 0.034971 9.9982E-05 0.0492517 0.0916565
9.9973E-05 0.278811 0.0168309 0.0885706 9.9973E-05 0.396691 0.070061 0.0187421 0.129994 9.9973E-05
9.9976E-05 0.366727 0.0575725 0.161711 9.9976E-05 0.294726 9.9976E-05 0.0349229 0.0179665 0.0660742
0.0387778 0.550088 9.9973E-05 0.0284175 0.00901978 0.17782 9.9973E-05 9.9973E-05 0.0977553 0.0978218
9.9991E-05 0.243893 0.0171202 0.200961 0.0675661 0.210721 0.000557546 0.00297094 0.155105 0.101005
0.0665047 0.531648 0.0126786 0.156843 0.0303803 0.126199 9.9982E-05 0.0709069 0.00463971 9.9982E-05
0.0810826 0.778162 0.019022 0.0854052 0.0332119 9.9964E-05 9.9964E-05 9.9964E-05 9.9964E-05 0.00271604
0.116447 0.614183 0.0106142 0.142755 0.00969401 0.0295675 0.072494 0.00404498 9.9982E-05 9.9982E-05
0.0355276 0.469765 9.9982E-05 0.179924 0.0187732 0.166743 0.0319027 0.0345897 0.0625741 9.9982E-05
9.9955E-05 0.612208 9.9955E-05 0.319648 0.00626863 0.0383696 9.9955E-05 0.0230058 9.9955E-05 9.9955E-05
9.9964E-05 0.550354 9.9964E-05 0.249862 0.0214249 0.133591 9.9964E-05 0.0148745 9.9964E-05 0.0294938
0.105063 0.641501 9.9955E-05 0.191226 0.0424389 0.0192714 9.9955E-05 9.9955E-05 9.9955E-05 9.9955E-05
9.9955E-05 0.599266 0.0159611 0.285299 9.9955E-05 0.0227461 9.9955E-05 0.076228 9.9955E-05 9.9955E-05
0.0496211 0.523747 9.9964E-05 0.119721 0.0295543 0.176102 9.9964E-05 9.9964E-05 9.9964E-05 0.100855
0.0737886 0.665292 0.0550518 0.126968 0.00317981 9.9982E-05 9.9982E-05 0.0360938 0.0109926 0.0284337
9.9946E-05 0.733311 9.9946E-05 0.182219 0.0131797 9.9946E-05 9.9946E-05 9.9946E-05 0.070691 9.9946E-05
9.9928E-05 0.947516 9.9928E-05 0.0516849 9.9928E-05 9.9928E-05 9.9928E-05 9.9928E-05 9.9928E-05 9.9928E-05
0.0740245 0.66197 0.0127408 0.149172 9.9964E-05 9.9964E-05 0.0262866 9.9964E-05 0.0754066 9.9964E-05
0.00476584 0.756909 0.0627423 0.0469386 0.0126214 0.0987913 9.9982E-05 0.0164846 9.9982E-05 0.000546822
9.9973E-05 0.580028 9.9973E-05 0.196596 0.0747057 0.00587188 9.9973E-05 0.0137989 0.0368296 0.0918694
0.0470452 0.535701 9.9973E-05 0.22563 0.0543021 0.00644174 0.0603121 9.9973E-05 9.9973E-05 0.0702684
0.00168318 0.634442 0.00957781 0.185958 9.9973E-05 0.0712145 0.0383677 9.9973E-05 0.0584569 9.9973E-05
9.9946E-05 0.826735 9.9946E-05 0.117686 9.9946E-05 0.00249807 0.0524811 9.9946E-05 9.9946E-05 9.9946E-05
0.129904 0.794947 0.0455159 9.9955E-05 9.9955E-05 9.9955E-05 0.0185724 0.0105609 9.9955E-05 9.9955E-05
9.9982E-05 0.420211 0.0525645 0.206895 0.0882335 0.0397157 0.0594096 9.9982E-05 0.0865103 0.0462597
0.0592377 0.439419 0.0428015 0.241424 0.049657 0.0869815 9.9982E-05 0.0215095 0.05877 9.9982E-05
0.0611093 0.445015 0.0468918 0.195014 0.0802055 9.9982E-05 9.9982E-05 0.0444592 0.074746 0.0523595
0.0600179 0.511266 0.0314586 0.195813 0.120027 9.9982E-05 0.0217849 0.0519795 0.00745345 9.9982E-05
0.022811 0.2647 0.0214906 9.9973E-05 9.9973E-05 0.333375 0.121167 9.9973E-05 0.0723884 0.163768
0.0128316 0.173558 0.0498517 9.9982E-05 9.9982E-05 0.425149 0.0765414 0.0497239 0.11013 0.102013
0.0185033 0.185523 9.9973E-05 9.9973E-05 9.9973E-05 0.317247 0.179868 0.0613532 0.154256 0.0829497
0.00287825 0.238683 0.0563957 0.0136576 0.0538051 0.226833 0.206479 0.0446048 0.124021 0.0326432
9.9973E-05 0.24616 9.9973E-05 0.0299466 0.120183 0.105843 0.143202 9.9973E-05 0.266221 0.0881445
0.0451402 0.0293994 9.9991E-05 0.113011 0.0787969 0.283413 0.13287 0.0069823 0.232683 0.0776037
0.0153534 0.0870771 0.0656401 0.0268352 0.0735975 0.333456 0.142991 0.0128833 0.16893 0.0732364
9.9982E-05 9.9982E-05 0.0133986 0.104635 0.0514448 0.454694 0.14606 0.0684916 0.149528 0.0115476
9.9973E-05 0.0608724 0.00138559 0.101177 0.00716011 0.394458 0.222405 9.9973E-05 0.212242 9.9973E-05
0.0305908 0.249878 0.0642259 9.9982E-05 0.0299234 0.283333 0.0432878 9.9982E-05 0.095184 0.203377
0.0643519 0.354133 0.0311668 9.9982E-05 9.9982E-05 0.204996 0.131275 0.0641468 0.0668039 0.0829261
0.019376 0.139336 0.00349887 9.9982E-05 0.0234023 0.439726 0.247267 9.9982E-05 0.0793035 0.0478905
9.9991E-05 0.186414 0.0314107 0.0523393 0.064128 0.228415 0.158151 0.0248997 0.111099 0.143042
0.0207131 0.0870502 0.0161423 0.0788106 0.0732993 0.285653 0.130393 0.0862331 0.150435 0.0712702
9.9991E-05 0.137288 0.00474273 0.039116 0.0190135 0.355908 0.136585 0.0358847 0.199745 0.0716171
0.0430476 0.0308696 0.00413341 9.9982E-05 0.00519194 0.546696 0.229777 9.9982E-05 0.0889755 0.0511089
9.9982E-05 0.169766 9.9982E-05 0.0546455 0.0521486 0.345818 0.0820801 0.0644624 0.184092 0.0467868
0.0802729 0.207576 0.0485863 0.0983109 0.0027321 0.181968 0.157372 0.0586742 0.0963298 0.0681777
0.0369389 0.126554 0.0643501 9.9982E-05 0.018281 0.300043 0.20744 9.9982E-05 0.13877 0.107422
0.0176612 0.178314 0.0288263 0.0289057 0.0661711 0.207377 0.183295 9.9991E-05 0.142318 0.147031
9.9982E-05 0.066371 0.0924225 0.0332029 9.9982E-05 0.412684 0.100814 0.119074 0.132718 0.0425138
9.9982E-05 0.202626 0.0424496 9.9982E-05 0.00345759 0.356373 0.195108 0.0189823 0.039694 0.141109
9.9982E-05 0.0458262 0.0321931 0.193538 9.9982E-05 0.206128 0.201347 0.0364019 0.123203 0.161162
9.9955E-05 0.243943 9.9955E-05 9.9955E-05 9.9955E-05 0.379545 0.136715 9.9955E-05 0.115662 0.123635
9.9982E-05 0.242259 0.0165718 9.9982E-05 0.0766772 0.217481 0.216543 0.00192234 0.189231 0.0391152
9.9973E-05 0.14775 9.9973E-05 9.9973E-05 0.0357857 0.3637 0.165441 0.00238691 0.163287 0.121349
9.9973E-05 0.257101 9.9973E-05 9.9973E-05 0.0174904 0.37543 0.161578 0.0813929 0.0680375 0.0386699
0.106995 0.249696 9.9982E-05 0.0657614 9.9982E-05 0.134029 0.166805 0.00612001 0.246952 0.0234407
0.00756276 0.0865647 0.0889493 0.0627456 0.0606949 0.293578 0.294627 0.0397694 0.0259728 0.0395356
0.0269852 0.295946 0.0991965 9.9973E-05 9.9973E-05 0.223589 0.130616 9.9973E-05 0.0804785 0.142889
9.9982E-05 0.211687 0.0333107 0.0135094 0.0329653 0.357722 0.160771 9.9982E-05 0.0834557 0.106379
0.0123966 0.121253 0.0649963 9.9991E-05 0.0617294 0.297348 0.18147 0.0288238 0.141526 0.0903568
0.0393592 0.291597 0.103232 9.9973E-05 9.9973E-05 0.294856 0.0969851 9.9973E-05 0.0418031 0.131867
0.0534458 0.274439 0.00793323 9.9982E-05 0.00934583 0.358146 0.119903 0.0340759 0.142511 9.9982E-05
9.9982E-05 0.0854541 0.0186528 9.9982E-05 0.047353 0.380354 0.18091 0.09929 0.16943 0.0183564
9.9973E-05 0.129182 9.9973E-05 0.110847 0.00589533 0.265166 0.122642 9.9973E-05 0.259882 0.106086
0.0268034 0.18956 0.076221 9.9991E-05 0.0453043 0.326732 0.193877 0.0167046 0.0981882 0.0265099
9.9973E-05 0.197198 0.0732074 9.9973E-05 0.0564868 0.313138 0.258461 9.9973E-05 0.076551 0.0246577
9.9964E-05 0.299143 0.015026 9.9964E-05 9.9964E-05 0.264727 0.145559 0.0753576 0.199788 9.9964E-05
0.00973248 0.221616 0.0486707 0.0207903 0.0570352 0.321802 0.171077 0.0460668 0.0683463 0.034864
0.0419214 0.310245 0.0399725 0.0473624 0.0633428 0.110957 0.138297 0.0754022 0.0963351 0.0761641
9.9982E-05 0.352651 0.0302801 0.0397093 9.9982E-05 0.0936551 0.0669218 0.0171429 0.169794 0.229646
9.9982E-05 0.166247 0.0473421 0.0637627 0.0272705 0.214226 0.191166 9.9982E-05 0.159467 0.130319
0.0486027 0.201006 0.082456 9.9982E-05 0.0465377 0.305057 0.218984 9.9982E-05 0.0268155 0.0703418
9.9964E-05 0.220622 9.9964E-05 9.9964E-05 9.9964E-05 0.335516 0.134065 0.0480613 0.167629 0.0937074
9.9991E-05 0.250127 0.0541104 0.0283463 0.0442139 0.246112 0.111337 0.0464526 0.158529 0.0606717
0.0376532 0.167677 0.0190683 9.9991E-05 0.021496 0.3105 0.141818 0.00393986 0.132367 0.165381
0.00462686 9.9955E-05 9.9955E-05 9.9955E-05 9.9955E-05 0.075081 0.0790465 0.660917 9.9955E-05 0.179829
0.0450248 9.9973E-05 0.0534185 0.0212684 9.9973E-05 9.9973E-05 0.0221386 0.671423 0.0198333 0.166593
0.0181299 9.9964E-05 0.0120035 9.9964E-05 0.025246 9.9964E-05 9.9964E-05 0.899017 0.0300161 0.015188
9.9955E-05 9.9955E-05 0.0107333 9.9955E-05 9.9955E-05 0.0334223 9.9955E-05 0.859369 0.00754833 0.0884273
9.9964E-05 0.00895377 0.0170802 9.9964E-05 0.0558877 9.9964E-05 9.9964E-05 0.803881 0.027372 0.0864253
0.0429896 9.9955E-05 0.0299395 9.9955E-05 9.9955E-05 9.9955E-05 0.0380425 0.75348 9.9955E-05 0.135049
0.0133906 0.00674193 0.01264 9.9991E-05 0.0158232 0.0601826 0.117744 0.621597 0.048481 0.1033
9.9973E-05 0.00422251 0.0116355 9.9973E-05 0.008235 0.020448 0.0626749 0.77744 9.9973E-05 0.115044
9.9955E-05 9.9955E-05 0.029221 0.0341462 9.9955E-05 9.9955E-05 9.9955E-05 0.811812 0.0272634 0.0970579
0.043941 9.9955E-05 9.9955E-05 0.00735619 0.00898842 9.9955E-05 0.0807527 0.858462 9.9955E-05 9.9955E-05
0.0344627 9.9964E-05 9.9964E-05 9.9964E-05 0.0152527 0.10692 0.0629924 0.754747 9.9964E-05 0.0252249
0.0755835 9.9964E-05 0.0124221 0.0739594 9.9964E-05 9.9964E-05 0.0468332 0.758141 0.032661 9.9964E-05
0.0419891 0.00911051 9.9964E-05 0.0489215 0.00810468 9.9964E-05 9.9964E-05 0.793329 9.9964E-05 0.0981455
9.9964E-05 0.0120105 9.9964E-05 9.9964E-05 0.00482563 0.00516262 9.9964E-05 0.896109 0.0330138 0.0484782
0.000640358 9.9973E-05 0.0564091 0.0319391 9.9973E-05 9.9973E-05 0.0247813 0.623433 0.0342565 0.228241
9.9946E-05 9.9946E-05 9.9946E-05 9.9946E-05 9.9946E-05 0.0209869 0.0176696 0.904352 9.9946E-05 0.056392
9.9955E-05 0.0226049 9.9955E-05 9.9955E-05 0.0202458 9.9955E-05 9.9955E-05 0.784229 0.0304506 0.14197
9.9946E-05 9.9946E-05 0.0388081 9.9946E-05 0.0282589 9.9946E-05 9.9946E-05 0.795447 9.9946E-05 0.136886
9.9955E-05 9.9955E-05 9.9955E-05 9.9955E-05 0.0369803 0.0131419 9.9955E-05 0.867325 0.0434498 0.0386029
9.9973E-05 0.00308809 0.00840639 9.9973E-05 9.9973E-05 0.0123192 0.0375323 0.709639 0.143269 0.0854459
9.9964E-05 0.0363479 9.9964E-05 9.9964E-05 0.0134344 0.0201179 0.00880337 0.698337 9.9964E-05 0.22256
9.9982E-05 0.03825 0.0168411 0.000701961 0.0149572 9.9982E-05 0.0169875 0.831081 0.0183609 0.0626204
9.9946E-05 9.9946E-05 9.9946E-05 9.9946E-05 0.0188222 9.9946E-05 9.9946E-05 0.804408 0.0853698 0.0908
9.9964E-05 0.0576025 9.9964E-05 9.9964E-05 9.9964E-05 0.0159396 0.0326056 0.707274 0.0524213 0.133757
9.9973E-05 0.052633 0.0232227 0.018836 0.0295039 9.9973E-05 0.00684709 0.682477 9.9973E-05 0.18618
0.0313584 0.022324 9.9991E-05 0.0473695 0.0189623 0.067912 0.0194212 0.735006 0.0347875 0.0227588
0.0577559 9.9964E-05 9.9964E-05 0.0094652 0.00130584 0.0167418 0.0294247 0.884907 9.9964E-05 9.9964E-05
9.9964E-05 9.9964E-05 0.0211298 0.0529201 0.0175504 9.9964E-05 9.9964E-05 0.871522 0.0326314 0.00384669
0.0575076 9.9928E-05 9.9928E-05 9.9928E-05 9.9928E-05 9.9928E-05 9.9928E-05 0.941693 9.9928E-05 9.9928E-05
0.0287729 9.9973E-05 0.0416587 0.0185583 0.0683848 9.9973E-05 0.0223435 0.801685 0.018297 9.9973E-05
0.0215126 9.9973E-05 0.0132109 9.9973E-05 0.0606236 0.0525753 0.066725 0.717527 9.9973E-05 0.0675255
0.0735281 0.0548509 9.99721E-05 0.0127995 9.99721E-05 9.99721E-05 9.99721E-05 0.739441 0.0174159 0.101564
0.0609865 0.0183888 9.9955E-05 0.063955 9.9955E-05 9.9955E-05 9.9955E-05 0.821992 0.0341781 9.9955E-05
0.00971858 9.9982E-05 0.0264307 0.0203531 0.0250162 0.0366182 0.0284571 0.807205 9.9982E-05 0.0460011
9.9946E-05 9.9946E-05 9.9946E-05 9.9946E-05 9.9946E-05 0.093014 0.00725865 0.887571 9.9946E-05 0.0115571
0.0550444 9.9973E-05 0.0164674 0.145946 9.9973E-05 0.00779894 9.9973E-05 0.697823 0.0618267 0.0147939
0.00798594 0.0312664 9.9964E-05 9.9964E-05 0.0178886 9.9964E-05 0.0105852 0.817041 9.9964E-05 0.114833
0.000473598 9.9955E-05 9.9955E-05 0.03752 9.9955E-05 9.9955E-05 0.0103865 0.895845 9.9955E-05 0.0552757
0.072084 9.9982E-05 0.00496479 0.0614821 0.0141872 0.0952296 9.9982E-05 0.590881 0.0772184 0.0837535
9.9973E-05 0.0598307 9.9973E-05 0.00524403 0.00144999 0.0320961 9.9973E-05 0.7681 0.0282521 0.104727
9.9946E-05 0.00330301 9.9946E-05 9.9946E-05 9.9946E-05 0.0312197 9.9946E-05 0.836928 9.9946E-05 0.127949
0.0968439 0.0443072 0.013619 0.035594 0.00561592 9.9991E-05 0.0448521 0.618576 0.00244422 0.138048
9.9937E-05 0.0219103 9.9937E-05 0.0229036 9.9937E-05 9.9937E-05 9.9937E-05 0.954487 9.9937E-05 9.9937E-05
0.0427552 9.9973E-05 0.0490301 0.0373018 0.0406588 9.9973E-05 0.061154 0.730024 0.0387761 9.9973E-05
9.9955E-05 0.0427965 9.9955E-05 9.9955E-05 0.0104297 0.115626 9.9955E-05 0.822827 9.9955E-05 0.00782176
9.9955E-05 0.0233198 0.0415701 9.9955E-05 9.9955E-05 9.9955E-05 0.0643171 0.800338 9.9955E-05 0.0699548
9.9955E-05 9.9955E-05 0.0138326 9.9955E-05 9.9955E-05 9.9955E-05 0.0178098 0.915519 0.0139522 0.0383871
0.0545092 9.9946E-05 9.9946E-05 9.9946E-05 0.040587 9.9946E-05 0.0157735 9.9946E-05 9.9946E-05 0.888531
9.9964E-05 9.9964E-05 0.00430068 0.0185914 0.0398074 9.9964E-05 0.0174278 0.00631553 9.9964E-05 0.913157
9.9937E-05 9.9937E-05 0.0153202 9.9937E-05 0.0668973 9.9937E-05 9.9937E-05 9.9937E-05 9.9937E-05 0.917083
0.0397682 9.9973E-05 0.0151639 0.0385906 0.0479297 9.9973E-05 0.0769621 9.9973E-05 0.0817364 0.699549
0.0213909 9.9964E-05 0.0184519 0.0464977 0.0179856 9.9964E-05 9.9964E-05 0.0598626 9.9964E-05 0.835411
0.036386 9.9982E-05 9.9982E-05 0.00487356 0.0834779 0.0852773 0.0876477 0.0407891 0.00779469 0.653554
9.99369E-05 9.99369E-05 0.0286613 9.99369E-05 0.0414145 9.99369E-05 9.99369E-05 9.99369E-05 9.99369E-05 0.929225
0.0812175 9.9955E-05 0.00690753 0.108558 9.9955E-05 9.9955E-05 9.9955E-05 0.127396 9.9955E-05 0.675422
0.0308354 0.0318082 9.9982E-05 9.9982E-05 0.064722 0.0659783 0.0475223 0.209905 0.0117263 0.537303
0.0566625 0.0759519 0.0124206 0.0252076 0.0668722 9.9982E-05 0.052775 0.150655 9.9982E-05 0.559255
0.0589724 9.9964E-05 9.9964E-05 9.9964E-05 9.9964E-05 0.072612 0.0622726 0.0992405 0.0738565 0.632646
0.0687097 0.0436252 9.9964E-05 9.9964E-05 0.0984763 0.0384618 9.9964E-05 0.142765 9.9964E-05 0.607562
0.0790869 9.9964E-05 9.9964E-05 9.9964E-05 0.0111299 9.9964E-05 0.180418 0.0967812 0.0191265 0.613057
9.9955E-05 9.9955E-05 9.9955E-05 0.016634 0.091978 9.9955E-05 9.9955E-05 0.0408238 0.0675833 0.782481
0.124298 0.0675786 0.0656398 0.0301625 0.0415183 9.9982E-05 0.00624718 0.135401 9.9982E-05 0.528954
0.0323819 0.0501989 0.0573352 0.000513864 0.0428072 0.0690873 0.0433109 0.0253074 9.9991E-05 0.678957
0.0248545 9.9973E-05 9.9973E-05 0.0399528 0.0961909 9.9973E-05 0.175954 0.129901 0.0150088 0.517838
0.0136936 0.105578 0.0260157 0.0189219 0.115309 9.9982E-05 9.9982E-05 0.0167635 0.0403728 0.663146
0.0674553 9.9973E-05 9.9973E-05 9.9973E-05 0.00653086 0.107656 0.0784415 0.0629883 0.0229604 0.653668
0.0151873 9.9955E-05 9.9955E-05 9.9955E-05 0.0383664 9.9955E-05 0.0298856 9.9955E-05 0.0291351 0.886926
0.0991493 0.0949013 0.0071289 9.9973E-05 9.9973E-05 9.9973E-05 0.0991769 0.103295 0.0173183 0.578731
0.115037 9.9964E-05 9.9964E-05 0.0110593 9.9964E-05 0.104986 0.121854 0.0956907 9.9964E-05 0.550974
9.9973E-05 0.00985148 0.00385661 0.0218102 0.0960487 9.9973E-05 0.018239 0.125984 9.9973E-05 0.72391
0.0584079 9.9982E-05 9.9982E-05 0.131094 0.0456151 0.0395679 0.102744 0.090875 0.0241355 0.507361
0.0180571 9.9973E-05 0.00108334 0.0360741 0.0655168 9.9973E-05 0.0702303 0.131963 9.9973E-05 0.676775
0.0371049 9.9973E-05 0.0299618 0.0798765 0.0159593 0.00083884 9.9973E-05 0.0347706 9.9973E-05 0.801188
9.9964E-05 0.00394323 0.0502176 9.9964E-05 0.0681116 9.9964E-05 9.9964E-05 0.125874 0.0147655 0.736688
0.058439 0.0849338 0.00944965 9.9973E-05 0.0857211 0.0264635 9.9973E-05 0.15757 9.9973E-05 0.577123
0.113203 9.9955E-05 0.0224249 9.9955E-05 0.0287845 9.9955E-05 9.9955E-05 0.153865 9.9955E-05 0.681223
9.9964E-05 9.9964E-05 0.0220006 0.0917847 0.049114 9.9964E-05 9.9964E-05 0.157546 0.015307 0.663848
0.0930824 0.0944191 0.070126 0.0283575 9.9982E-05 9.9982E-05 0.155178 0.024925 0.0244976 0.509214
0.120463 0.00878804 9.9973E-05 0.0689443 0.00520262 9.9973E-05 9.9973E-05 0.202909 0.0148934 0.5785
0.0689835 0.0805457 9.9973E-05 0.124472 0.0833678 9.9973E-05 0.0283208 0.147706 9.9973E-05 0.466304
0.123311 0.0754845 0.0166597 9.9973E-05 9.9973E-05 0.0239462 9.9973E-05 0.24072 0.0235051 0.496073
0.0970334 0.0434535 0.0599539 0.0172471 0.0300329 9.9973E-05 9.9973E-05 0.164236 9.9973E-05 0.587743
0.0901812 9.9964E-05 9.9964E-05 0.0338393 9.9964E-05 9.9964E-05 0.00901271 0.130774 0.0650062 0.670787
0.0865939 0.0458523 0.0286482 0.132699 0.0319602 9.9991E-05 0.0559686 0.133933 0.0179364 0.466308
0.0713544 9.9973E-05 0.034939 0.0538308 0.0651175 0.0539323 9.9973E-05 0.058229 9.9973E-05 0.662297
0.0800627 9.9973E-05 0.0494878 0.0241545 0.0122224 0.000854621 9.9973E-05 0.140279 9.9973E-05 0.692639
0.0502022 0.0342662 0.0458085 0.0598054 0.0782118 0.0172272 0.110271 0.12875 0.0742553 0.401202
0.0122736 9.9955E-05 9.9955E-05 9.9955E-05 0.0688451 9.9955E-05 9.9955E-05 0.228647 0.0469679 0.642767
0.0819314 9.9973E-05 0.00233201 0.0512115 0.00671976 9.9973E-05 0.0697696 0.228837 9.9973E-05 0.558899
0.0993038 9.9973E-05 0.0351139 0.124763 0.0157555 9.9973E-05 9.9973E-05 0.158155 0.0375112 0.529098
0.114715 0.00431079 9.9991E-05 0.00130957 0.0364521 0.131121 0.0541208 0.176278 0.0320431 0.449549
0.0153919 9.9973E-05 9.9973E-05 0.0228415 0.0510986 0.0449135 0.151135 0.164555 9.9973E-05 0.549764
0.0434721 9.9982E-05 0.0172558 0.118648 0.0735626 0.102995 9.9982E-05 0.12173 0.0344774 0.487659
0.0961254 9.9946E-05 9.9946E-05 9.9946E-05 9.9946E-05 0.10511 9.9946E-05 0.246065 9.9946E-05 0.5521
0.117854 9.9973E-05 9.9973E-05 0.0268189 0.0400633 9.9973E-05 0.0652475 0.0961686 0.00977713 0.64377
0.0559979 9.9964E-05 0.0234629 0.0728257 0.0209013 9.9964E-05 9.9964E-05 0.0548292 9.9964E-05 0.771583
0.0275433 0.0358097 0.0135235 0.0951667 0.0596174 0.0212028 9.9982E-05 0.274789 9.9982E-05 0.472147
0.0697918 0.0716886 0.0182994 9.9973E-05 0.737601 0.0208188 9.9973E-05 9.9973E-05 0.00220405 0.0792967
0.0781141 9.9964E-05 9.9964E-05 0.040752 0.771544 9.9964E-05 9.9964E-05 0.036422 0.0517323 0.0210361
0.100205 0.103628 9.9991E-05 0.0828891 0.574471 0.016727 0.00705552 0.00013719 0.0513628 0.0634246
0.110238 9.9973E-05 9.9973E-05 0.00762208 0.735435 9.9973E-05 0.0826305 0.020325 0.0333702 0.0100786
0.207662 0.13198 9.9946E-05 9.9946E-05 0.576775 9.9946E-05 9.9946E-05 9.9946E-05 9.9946E-05 0.082983
0.108661 0.0178601 9.9964E-05 9.9964E-05 0.752967 0.0661457 9.9964E-05 0.0260835 9.9964E-05 0.0278831
0.0263872 9.9973E-05 9.9973E-05 0.0604807 0.802855 0.0402008 0.011369 9.9973E-05 0.0514712 0.0069359
9.9982E-05 0.0195744 0.0262861 0.0296489 0.857912 0.0225499 9.9982E-05 0.00894958 0.012928 0.0219508
0.0147205 0.125729 9.9973E-05 0.0439417 0.765007 9.9973E-05 0.00216224 0.0331824 9.9973E-05 0.0149564
0.0611145 0.038239 0.0101408 9.9973E-05 0.829278 0.0467761 0.00804277 9.9973E-05 9.9973E-05 0.00610862
0.113894 0.0333619 0.0491454 0.00676172 0.695384 0.0334172 0.0317864 9.9991E-05 0.00288361 0.0332656
0.162866 9.9964E-05 0.0185661 0.0346617 0.662306 9.9964E-05 9.9964E-05 9.9964E-05 0.0738871 0.0473135
0.00483876 9.9946E-05 9.9946E-05 0.0193487 0.937844 9.9946E-05 9.9946E-05 9.9946E-05 0.0373691 9.9946E-05
0.139427 9.9964E-05 0.0213255 9.9964E-05 0.799085 9.9964E-05 0.00709402 0.00391475 9.9964E-05 0.0287544
9.9973E-05 0.0125864 0.02841 9.9973E-05 0.845339 9.9973E-05 0.00131361 0.0388623 0.0191275 0.0540611
0.0974027 9.9964E-05 0.0369045 9.9964E-05 0.781491 0.00677621 9.9964E-05 0.0260431 0.0509821 9.9964E-05
0.0543692 9.9964E-05 9.9964E-05 9.9964E-05 0.876881 0.0268092 0.00450121 0.0284817 0.00855807 9.9964E-05
0.200454 0.016046 0.0608263 0.0159574 0.631534 0.0628467 9.9973E-05 9.9973E-05 0.0120356 9.9973E-05
0.0727066 9.9955E-05 9.9955E-05 0.0538468 0.784496 9.9955E-05 9.9955E-05 9.9955E-05 0.0378337 0.0506168
0.0283681 0.0880512 9.9973E-05 0.0594246 0.714994 0.075173 9.9973E-05 0.0299928 9.9973E-05 0.00369595
9.9973E-05 0.00121429 0.0223835 9.9973E-05 0.839511 0.0861253 0.0115959 9.9973E-05 0.00609329 0.032777
0.0422665 9.9964E-05 9.9964E-05 0.110323 0.77198 9.9964E-05 9.9964E-05 0.0228619 0.0216423 0.0305264
0.0433704 0.0355114 9.9955E-05 9.9955E-05 0.784053 0.122179 9.9955E-05 9.9955E-05 9.9955E-05 0.0143861
0.0630606 9.9964E-05 9.9964E-05 0.0266128 0.831794 0.0287131 0.0458047 0.00361515 9.9964E-05 9.9964E-05
0.102818 9.9964E-05 9.9964E-05 9.9964E-05 0.64271 0.183439 0.00769361 0.035288 9.9964E-05 0.0276518
0.0504085 0.0574995 0.00862468 0.0251433 0.76041 0.00192547 0.0444023 9.9991E-05 0.0214313 0.0300552
0.0870784 9.9973E-05 0.0106496 0.0569106 0.683659 0.0362619 9.9973E-05 0.0134287 0.111712 9.9973E-05
0.0853108 0.147675 0.0148062 9.9964E-05 0.682217 9.9964E-05 0.0415455 9.9964E-05 9.9964E-05 0.0280454
0.114374 9.9955E-05 0.0853592 9.9955E-05 0.59475 0.186611 9.9955E-05 0.0184064 9.9955E-05 9.9955E-05
0.108392 0.0819312 0.0369033 9.9964E-05 0.745254 9.9964E-05 9.9964E-05 0.0130686 0.0140515 9.9964E-05
0.185438 0.012224 9.9973E-05 0.118262 0.579997 9.9973E-05 0.0235967 9.9973E-05 0.0690411 0.0111415
0.0369973 9.9955E-05 9.9955E-05 9.9955E-05 0.826073 9.9955E-05 0.0690699 0.0305237 0.0368367 9.9955E-05
0.184593 9.9955E-05 0.00766743 9.9955E-05 0.70184 0.0969105 9.9955E-05 9.9955E-05 9.9955E-05 0.0084887
9.9955E-05 9.9955E-05 0.039564 0.0261861 0.867485 0.0508911 0.0153743 9.9955E-05 9.9955E-05 9.9955E-05
0.0907897 9.9973E-05 0.00110683 9.9973E-05 0.615963 0.154845 0.0609488 0.0378128 0.038234 9.9973E-05
0.136756 0.0129431 0.0206958 0.0510227 0.705965 9.9991E-05 0.00855513 0.0324065 0.0246053 0.00695004
0.0569742 9.9964E-05 9.9964E-05 0.0566069 0.787249 0.0890789 0.000125409 0.00956567 9.9964E-05 9.9964E-05
0.0624132 0.0146936 0.0174207 0.0455271 0.840791 0.00501359 9.9973E-05 9.9973E-05 9.9973E-05 0.0138405
9.9955E-05 9.9955E-05 0.00914835 0.0681039 0.856869 0.00744058 0.0579379 9.9955E-05 9.9955E-05 9.9955E-05
0.0308789 9.9964E-05 0.0448056 0.0911905 0.798927 9.9964E-05 0.0313073 0.00249116 9.9964E-05 9.9964E-05
9.9937E-05 9.9937E-05 9.9937E-05 0.0773632 0.898457 9.9937E-05 0.0234803 9.9937E-05 9.9937E-05 9.9937E-05
0.196318 0.0478811 9.9946E-05 9.9946E-05 0.70345 9.9946E-05 0.0517518 9.9946E-05 9.9946E-05 9.9946E-05
0.148228 0.0358594 0.0535932 9.9955E-05 0.74972 9.9955E-05 9.9955E-05 0.0120988 9.9955E-05 9.9955E-05
0.0478998 9.9973E-05 0.00310306 9.9973E-05 0.747558 0.0872737 9.9973E-05 0.0347436 0.075858 0.00326402
0.128177 9.9955E-05 9.9955E-05 0.056815 0.733102 9.9955E-05 9.9955E-05 9.9955E-05 0.0700794 0.0113267
0.177487 0.0293671 9.9982E-05 0.0629802 0.696364 0.00859758 0.00239367 0.00283669 0.019774 9.9982E-05
0.264495 9.9946E-05 0.0378389 9.9946E-05 0.611982 0.0850837 9.9946E-05 9.9946E-05 9.9946E-05 9.9946E-05
9.9955E-05 0.0212905 9.9955E-05 0.0383769 0.846287 9.9955E-05 9.9955E-05 0.0520302 0.0415156 9.9955E-05
0.113802 9.9964E-05 0.0181168 0.0405273 0.796357 9.9964E-05 9.9964E-05 0.0256537 0.00514364 9.9964E-05
0.0349395 9.9964E-05 0.0431491 9.9964E-05 0.80459 0.0863343 9.9964E-05 0.0094292 9.9964E-05 0.0211579
0.00509018 9.9973E-05 0.014373 9.9973E-05 0.0195542 9.9973E-05 0.887928 0.00249732 0.0152706 0.0549867
0.00235595 0.0307642 0.00500245 0.0223973 0.0312241 0.0876261 0.645917 9.9991E-05 0.0358863 0.138727
9.9955E-05 9.9955E-05 9.9955E-05 9.9955E-05 0.0341867 0.0867428 0.82168 0.0486778 9.9955E-05 0.00821313
9.9973E-05 0.149583 0.065974 9.9973E-05 0.0119403 0.176288 0.486515 0.0684403 9.9973E-05 0.0409596
9.9973E-05 0.130267 0.0263813 9.9973E-05 0.020718 0.0515024 0.642425 0.0533617 9.9973E-05 0.0750451
9.9964E-05 0.0850288 9.9964E-05 0.0505438 9.9964E-05 0.0543449 0.702759 9.9964E-05 0.0944897 0.0124334
0.0735984 0.0185627 9.9964E-05 0.0634356 9.9964E-05 0.0700721 0.710743 9.9964E-05 0.0631884 9.9964E-05
0.0188614 0.0705662 9.9964E-05 0.0906764 0.00667813 9.9964E-05 0.753639 9.9964E-05 0.0591787 9.9964E-05
0.0173248 0.0448749 0.01162 0.062502 0.0407605 9.9982E-05 0.71524 9.9982E-05 0.0321512 0.075327
0.0301216 9.9973E-05 0.0624085 0.0567524 0.00630395 0.0502996 0.765902 9.9973E-05 0.0279123 9.9973E-05
0.100073 0.00364687 0.0227274 0.116803 9.9991E-05 0.0118026 0.473295 0.0557095 0.110582 0.105262
0.05927 0.170834 9.9973E-05 9.9973E-05 0.0423945 9.9973E-05 0.572567 0.0489455 0.0809468 0.0247423
9.9973E-05 0.0345524 0.0347139 9.9973E-05 0.0482501 0.0304571 0.707081 0.0340561 0.110589 9.9973E-05
0.0335774 9.9973E-05 0.0567256 9.9973E-05 9.9973E-05 0.0651704 0.666682 0.133729 0.0186303 0.0251849
0.0193783 9.9955E-05 0.0015232 0.140263 9.9955E-05 9.9955E-05 0.707331 9.9955E-05 9.9955E-05 0.131005
0.0595665 9.9973E-05 0.0627456 0.0134812 0.0474946 9.9973E-05 0.756379 0.0270945 0.0329384 9.9973E-05
0.108765 9.9973E-05 0.0800046 9.9973E-05 9.9973E-05 0.17547 0.485572 0.0538702 0.0144256 0.0815935
9.9973E-05 0.0317438 0.0126602 0.0766486 9.9973E-05 9.9973E-05 0.691214 0.0410053 0.0637949 0.0826336
0.00338929 9.9964E-05 9.9964E-05 0.0546416 9.9964E-05 9.9964E-05 0.776355 0.017027 0.0936827 0.054505
0.0813893 0.0904886 0.00923666 9.9973E-05 9.9973E-05 9.9973E-05 0.661058 0.0135384 0.0195218 0.124468
9.9982E-05 0.0507264 0.046181 0.0108693 9.9982E-05 0.0195425 0.647927 0.05311 0.0250395 0.146405
9.9964E-05 0.0443614 9.9964E-05 0.0536288 9.9964E-05 0.0107798 0.72982 9.9964E-05 0.0778406 0.0831695
0.0875235 0.0346491 9.9973E-05 9.9973E-05 0.0186343 0.0334924 0.773545 0.0358507 0.0160047 9.9973E-05
0.0193888 9.9955E-05 9.9955E-05 9.9955E-05 0.0139513 0.126534 0.807141 0.0324853 9.9955E-05 9.9955E-05
0.00851653 9.9973E-05 9.9973E-05 0.0277581 0.0300203 0.0981627 0.759862 0.03078 0.0446007 9.9973E-05
9.9973E-05 0.119873 0.032928 0.0882933 9.9973E-05 0.0440818 0.626252 0.0351943 9.9973E-05 0.0530772
0.079725 9.9955E-05 9.9955E-05 9.9955E-05 0.00726523 0.125256 0.760511 9.9955E-05 0.0267429 9.9955E-05
0.10671 0.0573081 9.9982E-05 0.00147869 0.0134003 0.0895734 0.679567 0.0180686 9.9982E-05 0.0336936
9.9964E-05 0.0927491 9.9964E-05 9.9964E-05 9.9964E-05 0.127074 0.639584 0.0773108 0.00443685 0.0584452
9.9973E-05 0.124652 0.0293735 9.9973E-05 0.0520632 0.0666819 0.630179 0.0243369 9.9973E-05 0.0724137
0.0841044 9.9955E-05 9.9955E-05 0.0802922 9.9955E-05 0.0536613 0.756226 0.0252161 9.9955E-05 9.9955E-05
9.9946E-05 0.0519173 9.9946E-05 0.0451326 9.9946E-05 9.9946E-05 0.871665 9.9946E-05 0.0306855 9.9946E-05
9.9973E-05 9.9973E-05 0.0269215 0.0613805 0.0899163 9.9973E-05 0.671242 0.0185033 0.0366163 0.0951202
0.108156 9.9955E-05 0.0301494 9.9955E-05 9.9955E-05 9.9955E-05 0.821434 9.9955E-05 0.0189728 0.0207878
0.092694 0.167225 9.9973E-05 0.0239876 0.0295321 0.0277906 0.601089 0.0573822 9.9973E-05 9.9973E-05
9.9964E-05 0.00103712 0.0251439 0.1183 9.9964E-05 0.049896 0.733157 9.9964E-05 9.9964E-05 0.0720669
9.9964E-05 0.0927164 0.0174428 9.9964E-05 9.9964E-05 9.9964E-05 0.68831 0.0112823 0.120076 0.069773
0.0328707 9.9964E-05 0.000579635 0.0101101 9.9964E-05 9.9964E-05 0.903047 0.0048827 9.9964E-05 0.0481103
0.0393739 9.9964E-05 0.0402716 0.0839233 9.9964E-05 9.9964E-05 0.756268 0.0589351 9.9964E-05 0.0208281
0.0277094 9.9955E-05 0.077477 9.9955E-05 9.9955E-05 0.098289 0.670246 9.9955E-05 9.9955E-05 0.125779
9.9982E-05 0.00144255 0.0779486 0.0923327 0.0630069 9.9982E-05 0.724966 0.0172675 0.00771808 0.0151178
0.0319687 0.0894287 0.0110786 0.0507413 0.000402845 9.9982E-05 0.707816 0.0400313 0.0683327 9.9982E-05
0.0166214 0.057121 0.00762125 0.0854168 9.9973E-05 9.9973E-05 0.712767 0.0148676 9.9973E-05 0.105285
9.9946E-05 9.9946E-05 9.9946E-05 0.0924796 0.0201668 9.9946E-05 0.798645 9.9946E-05 0.0881085 9.9946E-05
9.9973E-05 9.9973E-05 0.00858227 0.0537128 0.0597251 0.178175 0.564356 0.00804129 9.9973E-05 0.127108
9.9964E-05 9.9964E-05 0.0239715 9.9964E-05 0.0387239 9.9964E-05 0.689824 0.0642638 0.0285864 0.15423
0.670642 0.0141726 9.9964E-05 9.9964E-05 0.127362 0.120923 9.9964E-05 9.9964E-05 0.0254727 0.0410276
0.613296 0.00933739 0.0220783 9.9982E-05 0.02732 0.147576 0.0629018 9.9982E-05 0.0268501 0.0904408
0.84651 0.0290451 0.0328185 9.9964E-05 0.01761 0.014962 9.9964E-05 9.9964E-05 9.9964E-05 0.0586546
0.884503 9.9955E-05 9.9955E-05 9.9955E-05 0.00389922 0.0400773 9.9955E-05 0.021306 0.0497144 9.9955E-05
0.794714 9.9964E-05 9.9964E-05 0.0192219 0.0330564 0.0748799 9.9964E-05 9.9964E-05 0.010828 0.0668995
0.888257 9.9955E-05 9.9955E-05 9.9955E-05 0.00562679 9.9955E-05 0.0334608 9.9955E-05 0.0398411 0.0323147
0.750348 0.0251215 0.0140031 9.9982E-05 0.0748581 0.0235831 0.0485588 0.0306156 9.9982E-05 0.032712
0.815196 0.0879742 0.0286061 9.9973E-05 0.0409687 0.0165162 0.00396086 9.9973E-05 9.9973E-05 0.0064784
0.709965 9.9973E-05 0.0384768 0.00510887 0.144001 9.9973E-05 0.0256136 0.00874835 9.9973E-05 0.0677862
0.624242 0.10176 0.0116321 0.0363198 0.0844069 9.9982E-05 0.0743273 0.0549096 0.0122024 9.9982E-05
0.622107 0.000514563 9.9973E-05 9.9973E-05 0.130117 0.139227 9.9973E-05 0.00998295 0.0125465 0.0852052
0.76164 9.9973E-05 0.00517217 0.0216794 0.0719859 0.0389423 9.9973E-05 0.0337373 9.9973E-05 0.066543
0.874377 9.9964E-05 0.00862539 0.0297484 0.00546195 0.0459936 0.0353935 9.9964E-05 9.9964E-05 9.9964E-05
0.890254 9.9955E-05 0.0269336 9.9955E-05 9.9955E-05 0.0321005 0.0344092 9.9955E-05 0.0158026 9.9955E-05
0.687327 9.9973E-05 0.000614657 0.072271 0.0464418 0.104669 9.9973E-05 0.00298887 9.9973E-05 0.0853875
0.606682 9.9982E-05 0.000604985 0.038072 0.0901686 0.0252604 0.0617649 9.9982E-05 0.078645 0.0986024
0.509159 0.0925837 0.0573499 0.0508764 0.0647328 0.0175104 0.0481293 9.9991E-05 0.0462991 0.11326
0.728907 0.000351262 9.9964E-05 9.9964E-05 0.0834252 0.0882982 9.9964E-05 9.9964E-05 0.0184065 0.080212
0.751239 9.9973E-05 9.9973E-05 0.0571476 0.0269619 0.0483704 0.0319738 0.0527947 9.9973E-05 0.0312127
0.79555 0.0754555 0.016262 9.9964E-05 0.0910359 9.9964E-05 0.00764719 0.0136497 9.9964E-05 9.9964E-05
0.742187 9.9982E-05 0.000660736 0.0239805 0.0954726 0.0781229 0.00442287 0.0392621 9.9982E-05 0.015691
0.639928 0.0132968 0.0169939 9.9973E-05 0.124186 0.0736349 9.9973E-05 9.9973E-05 0.0220358 0.109624
