0.772137 0.0718913 0.0288658 0.00175986 0.125346
0.623751 0.0129523 0.0943833 0.094582 0.174332
0.764455 9.9991E-05 0.0529182 0.0592356 0.123291
0.71571 9.9991E-05 0.0128803 0.0239387 0.247371
0.875472 9.9991E-05 0.0155475 0.0125802 0.0963
0.737983 0.0263192 0.128543 9.9991E-05 0.107054
0.811505 0.0253407 0.031956 9.9991E-05 0.131099
0.736405 9.9991E-05 0.105473 0.00922533 0.148797
0.727704 9.9982E-05 0.0536964 9.9982E-05 0.218399
0.87251 9.9982E-05 0.00463855 9.9982E-05 0.122652
0.82381 9.9982E-05 0.0418659 9.9982E-05 0.134125
0.858183 9.9991E-05 0.00927901 0.0716548 0.0607831
0.667786 0.0266256 0.083897 0.0272523 0.194439
0.743889 9.9991E-05 0.0603868 0.0771503 0.118474
0.73403 9.9991E-05 0.0661995 0.0821491 0.117522
0.775848 9.9991E-05 0.0823808 0.0261326 0.115539
0.743207 9.9991E-05 0.072227 0.0652491 0.119217
0.774166 0.0831401 0.0302144 0.031907 0.0805721
0.762353 9.9991E-05 0.0788444 0.0119638 0.146739
0.791788 9.9982E-05 0.0417968 9.9982E-05 0.166215
0.660559 0.076134 0.0842228 0.0489482 0.130136
0.87522 9.9982E-05 0.0380475 9.9982E-05 0.0865321
0.771633 9.9991E-05 0.0907796 0.0550585 0.0824288
0.765305 9.9991E-05 0.0486858 0.0272142 0.158695
0.812263 9.9991E-05 0.0290256 0.0205104 0.138101
0.68674 0.136756 0.030897 0.0788121 0.0667952
0.735827 0.174529 0.0182537 0.0526547 0.0187351
0.656881 0.123611 0.0229105 0.0773731 0.119225
0.698913 0.0541074 0.112987 0.0635238 0.0704689
0.744526 0.157847 0.0233758 0.0671861 0.0070644
0.583339 0.195237 0.00257706 0.146832 0.0720147
0.696569 0.178115 9.9991E-05 0.108209 0.0170068
0.552857 0.203523 0.105428 0.0762609 0.0619315
0.658181 0.212966 0.0264936 0.0282925 0.0740675
0.768879 0.0398469 0.0514573 0.0496233 0.0901941
0.732016 0.155156 9.9991E-05 0.0717956 0.0409326
0.792925 0.0875848 9.9991E-05 0.091143 0.0282472
0.658359 0.171482 0.0214814 0.0530094 0.0956679
0.761108 0.120281 9.9991E-05 0.0819385 0.0365723
0.689364 0.143904 0.0398619 0.090209 0.0366607
0.669994 0.119923 0.0695187 0.0951933 0.0453708
0.760253 0.157371 0.00910727 0.0319618 0.0413063
0.736979 0.0887583 9.9991E-05 0.0793015 0.0948614
0.722679 0.133403 9.9991E-05 0.0913546 0.0524637
0.80361 0.0808486 0.0633655 0.052076 9.9991E-05
0.275816 0.442973 0.281011 9.9982E-05 9.9982E-05
0.254786 0.498471 0.202693 0.0439491 9.9991E-05
0.17802 0.524909 0.176445 0.105791 0.0148359
0.232054 0.399632 0.323883 9.9991E-05 0.0443306
0.262718 0.481101 0.188335 0.0677469 9.9991E-05
0.205097 0.47217 0.227102 9.9991E-05 0.0955317
0.152188 0.585252 0.196251 0.0408555 0.0254535
0.300069 0.379066 0.225696 0.0437835 0.0513855
0.306985 0.399183 0.266899 0.024441 0.00249211
0.312606 0.469745 0.217449 9.9982E-05 9.9982E-05
0.275694 0.475296 0.180146 0.0278198 0.0410437
0.322335 0.342424 0.301 0.034141 9.9991E-05
0.169031 0.410665 0.256116 0.0830326 0.0811554
0.138516 0.531238 0.235655 0.0644989 0.0300923
0.168099 0.597911 0.23379 9.9982E-05 9.9982E-05
0.202271 0.484116 0.313413 9.9982E-05 9.9982E-05
0.221909 0.479354 0.273102 0.0255356 9.9991E-05
0.28511 0.437356 0.239247 0.029499 0.0087877
0.341321 0.37957 0.211915 0.0670933 9.9991E-05
0.283437 0.490486 0.218062 9.9991E-05 0.00791564
0.244886 0.521806 0.204852 0.0283555 9.9991E-05
0.243341 0.377434 0.286945 0.0527479 0.0395314
0.248695 0.359886 0.231195 0.0511636 0.109061
0.290263 0.386961 0.263227 9.9991E-05 0.0594483
0.308037 0.295172 0.249637 0.026266 0.120887
0.140195 0.425296 0.358915 0.015965 0.0596295
0.280819 0.370512 0.253753 0.0740828 0.020834
0.262383 0.404222 0.28902 0.0194828 0.0248918
0.233052 0.330087 0.276732 0.052194 0.107935
0.248275 0.433919 0.290213 0.0274937 9.9991E-05
0.244276 0.412494 0.34303 9.9982E-05 9.9982E-05
0.200324 0.522592 0.172273 0.0468636 0.0579474
0.31717 0.410211 0.174371 9.9991E-05 0.0981479
0.294803 0.368547 0.290357 9.9991E-05 0.0461931
0.222711 0.417719 0.217754 0.0708547 0.0709611
0.266839 0.371659 0.279967 0.0814355 9.9991E-05
0.305652 0.388567 0.305581 9.9982E-05 9.9982E-05
0.420777 0.362319 0.0856786 0.108072 0.0231527
0.154009 0.43785 0.36699 9.9991E-05 0.0410516
0.414181 0.324382 0.140966 0.0863202 0.0341516
0.239956 0.472648 0.230123 0.0571725 9.9991E-05
0.31859 0.301816 0.284262 0.0754727 0.0198607
0.241969 0.476609 0.217253 0.0640687 9.9991E-05
0.179994 0.396305 0.297961 0.0279097 0.097831
0.270647 0.390238 0.309456 0.0295594 9.9991E-05
0.695648 0.114326 0.063802 0.0982082 0.0280164
0.608479 0.214576 0.0358027 0.0754146 0.0657272
0.702758 0.127166 0.0486042 0.0524934 0.068978
0.647154 0.153867 0.0552195 0.0359589 0.1078
0.755789 0.119229 0.00700819 0.104565 0.013409
0.620959 0.236925 0.0611838 0.0269413 0.0539902
0.625279 0.172351 0.0392427 0.0924845 0.0706424
0.66831 0.213597 9.9982E-05 0.117892 9.9982E-05
0.77375 0.0883271 0.0553875 0.0824357 9.9991E-05
0.725506 0.184524 0.00823445 0.0667427 0.0149933
0.655634 0.228747 0.0129933 0.0664398 0.0361852
0.659259 0.132367 0.0302546 0.0563846 0.121734
0.58326 0.212821 0.0372275 0.0721478 0.0945437
0.75888 0.151484 0.0126488 0.032688 0.0442998
0.576802 0.360017 9.9982E-05 0.0629806 9.9982E-05
0.815304 0.117854 0.0378404 0.0289016 9.9991E-05
0.655405 0.164717 0.0864052 0.0601698 0.033303
0.658631 0.234693 0.010298 0.0654794 0.0308986
0.693979 0.203409 0.0301432 0.0723684 9.9991E-05
0.70709 0.118652 0.0774593 0.0966995 9.9991E-05
0.669225 0.247583 9.9991E-05 0.0125851 0.0705065
0.627697 0.216431 0.0403535 0.0755284 0.03999
0.708049 0.0486065 0.115554 0.0327932 0.0949973
0.704325 0.126204 0.00014598 0.0377832 0.131542
0.6494 0.17146 0.0326604 0.0220794 0.1244
0.727107 0.0946116 0.0769568 0.0174131 0.0839109
0.863109 0.0585382 0.0289709 9.9991E-05 0.0492822
0.800405 0.146356 0.0356761 9.9991E-05 0.0174629
0.759872 0.0482245 0.0601597 9.9991E-05 0.131644
0.802303 0.00601066 0.144433 0.0278894 0.0193641
0.707659 0.101601 0.0655468 0.0122664 0.112927
0.653503 0.117436 0.0653925 0.0741946 0.0894743
0.869977 0.0851633 9.9982E-05 9.9982E-05 0.0446597
0.8422 0.0685219 0.0480967 0.0153939 0.0257875
0.715548 0.177265 0.0186619 0.00521381 0.0833113
0.719801 0.0707027 0.0769505 0.0868397 0.0457062
0.64685 0.13793 0.0695581 0.00289493 0.142768
0.648874 0.151827 0.0611653 9.9991E-05 0.138034
0.777459 0.181325 9.9991E-05 0.0250838 0.0160318
0.801894 0.167066 9.9991E-05 0.00311237 0.0278279
0.620248 0.119584 0.0323584 0.0754647 0.152345
0.630006 0.155826 0.0203271 0.0684415 0.1254
0.704714 0.0352473 0.0566025 0.107089 0.0963467
0.551022 0.181299 0.0852729 0.0263174 0.156089
0.574334 0.0745996 0.0732315 0.0771931 0.200642
0.492722 0.341971 0.0880558 0.0537362 0.0235146
0.504677 0.333317 0.070222 0.0916832 9.9991E-05
0.47049 0.401269 0.0930111 0.03347 0.00175991
0.35516 0.433248 0.043889 0.0986685 0.069035
0.42565 0.393939 9.9991E-05 0.0804596 0.0998517
0.462422 0.309403 0.0319393 0.0665317 0.129704
0.407812 0.364019 0.0104019 0.143727 0.0740396
0.518528 0.310491 0.0421967 0.0676543 0.0611308
0.533589 0.393205 9.9982E-05 0.0730052 9.9982E-05
0.462573 0.252405 0.0959833 0.119997 0.0690417
0.43351 0.342981 0.116977 0.0731637 0.0333685
0.436117 0.463051 9.9991E-05 0.0587292 0.0420025
0.44423 0.339536 0.0918052 0.0711326 0.0532966
0.471166 0.306139 0.0790319 0.0507261 0.0929372
0.492311 0.3554 0.0608383 0.075866 0.0155851
0.468498 0.427772 9.9991E-05 0.0486086 0.0550212
0.562872 0.288916 0.0707015 0.0380912 0.0394194
0.452424 0.281788 0.09095 0.0725627 0.102275
0.368355 0.414357 0.0215968 0.128109 0.0675812
0.402422 0.373587 0.0544878 0.112574 0.0569296
0.467425 0.263555 0.114253 0.154667 9.9991E-05
0.450784 0.404787 0.0747573 0.0695718 9.9991E-05
0.417295 0.358455 0.124636 0.0948596 0.00475367
0.521717 0.364678 0.0347768 0.078728 9.9991E-05
0.434053 0.420505 0.00243687 0.0879538 0.055051
0.410063 0.456667 0.0401733 0.0633701 0.0297265
0.471167 0.368445 0.0773413 0.0509806 0.0320659
0.456458 0.314813 0.0127757 0.0940461 0.121907
0.390193 0.388751 0.0550427 0.105122 0.0608916
0.393593 0.379625 0.0507162 0.137538 0.0385275
0.52342 0.328123 0.0601687 0.0765464 0.011742
0.374762 0.369735 0.0666433 0.129765 0.0590951
0.458495 0.310985 0.0420697 0.135133 0.0533175
0.504891 0.335742 0.0267337 0.0797899 0.0528436
0.450069 0.331798 0.0925529 0.124787 0.000793394
0.520571 0.373825 0.0347303 0.0707739 9.9991E-05
0.429506 0.385551 0.0251381 0.128606 0.0311984
0.405056 0.395952 0.00891917 0.147124 0.0429485
0.497382 0.32671 0.0712264 0.104581 9.9991E-05
0.49283 0.318646 0.0551693 0.0869589 0.0463956
0.401437 0.278138 0.0885733 0.0893198 0.142531
0.435996 0.355955 0.11295 0.0949988 9.9991E-05
0.38593 0.41715 0.0574431 0.0883495 0.0511274
0.377374 0.398629 0.0245653 0.123202 0.0762291
0.529626 0.328559 0.0866804 0.0395843 0.0155509
0.485754 0.278152 0.0801302 0.108124 0.047839
0.429485 0.381124 0.086045 0.061715 0.0416306
0.051408 0.0992642 0.849128 9.9982E-05 9.9982E-05
0.00689894 0.0461214 0.802749 0.0973944 0.0468361
9.9982E-05 9.9982E-05 0.9697 0.0189853 0.0111151
9.9973E-05 9.9973E-05 0.969369 0.0303311 9.9973E-05
9.9991E-05 0.000880938 0.932175 0.04864 0.0182037
9.9991E-05 0.0328045 0.894112 0.0568463 0.0161369
0.0244197 0.210293 0.715988 0.0307049 0.0185939
9.9982E-05 0.073752 0.898788 0.0272597 9.9982E-05
0.000176946 9.9982E-05 0.936142 0.0634806 9.9982E-05
0.00861324 0.0103814 0.941155 9.9991E-05 0.0397505
0.0327527 0.0391859 0.842413 0.0208808 0.0647677
0.0676568 9.9991E-05 0.844504 0.0311222 0.056617
0.00290376 9.9982E-05 0.940831 9.9982E-05 0.0560649
0.00159636 9.9982E-05 0.984299 0.0139045 9.9982E-05
0.00664155 0.115839 0.803287 0.0741329 9.9991E-05
9.9973E-05 0.00731491 0.992385 9.9973E-05 9.9973E-05
0.0287398 0.0172701 0.932336 0.00236282 0.0192909
9.9982E-05 0.018693 0.915091 0.0660164 9.9982E-05
9.9991E-05 0.00340272 0.971264 0.0217417 0.00349117
0.0555798 0.0970486 0.80458 0.0426918 9.9991E-05
0.0537439 0.0714827 0.874384 0.000289859 9.9991E-05
0.0230641 0.0195078 0.919402 0.0379259 9.9991E-05
0.0113447 0.0472284 0.931655 0.009672 9.9991E-05
0.0202964 0.137443 0.834416 0.00774388 9.9991E-05
0.0275481 0.0752131 0.844896 0.0228793 0.0294635
0.139805 9.9991E-05 0.818091 0.00724138 0.0347626
0.0072079 9.9982E-05 0.946676 9.9982E-05 0.0459164
0.0221114 9.99858E-05 0.942167 0.0355221 9.99858E-05
9.9973E-05 9.9973E-05 0.973244 9.9973E-05 0.0264562
9.9991E-05 0.00428052 0.84256 0.0758644 0.0771951
9.9991E-05 0.0498045 0.815677 0.0567837 0.0776352
0.0370389 0.00144043 0.876904 0.0358608 0.0487555
0.0526643 9.9982E-05 0.903291 9.9982E-05 0.0438446
0.00871177 9.9991E-05 0.893587 0.0413979 0.0562034
0.000525834 0.010001 0.981701 0.00767201 9.9991E-05
0.165045 9.9991E-05 0.758399 0.0439819 0.0324745
9.9982E-05 0.0126175 0.968985 9.9982E-05 0.018198
9.9982E-05 0.0154127 0.968974 9.9982E-05 0.0154137
0.110758 0.0677916 0.686436 0.0574668 0.0775475
0.0859256 9.9991E-05 0.896853 0.00306629 0.0140551
9.9973E-05 9.9973E-05 0.975126 0.0245742 9.9973E-05
0.0429099 0.0606229 0.773155 0.0132564 0.110056
0.00561318 9.9973E-05 0.994087 9.9973E-05 9.9973E-05
0.0134247 0.00387291 0.795335 0.0943105 0.0930573
0.0856844 0.0174396 0.889963 9.9991E-05 0.00681255
9.9982E-05 0.0437221 0.9167 0.0393776 9.9982E-05
9.9973E-05 9.9973E-05 0.98568 0.0140198 9.9973E-05
9.9982E-05 0.431859 0.45172 9.9982E-05 0.116221
9.9991E-05 0.418508 0.489993 0.00138456 0.0900142
9.9991E-05 0.455751 0.396484 0.00106561 0.1466
0.0063294 0.490374 0.369888 0.0104425 0.122967
0.00487434 0.371517 0.522664 0.00607578 0.0948692
0.0221695 0.424374 0.397069 9.9991E-05 0.156287
9.9991E-05 0.398309 0.468166 0.0234101 0.110014
0.0649976 0.252989 0.542379 9.9991E-05 0.139535
0.0456449 0.344601 0.489604 9.9991E-05 0.12005
0.0952312 0.270001 0.466044 0.0224681 0.146255
0.042756 0.437039 0.438233 0.00455698 0.0774155
0.0156836 0.279641 0.503708 9.9991E-05 0.200867
9.9982E-05 0.455456 0.444362 9.9982E-05 0.0999827
0.0125127 0.411467 0.43014 9.9991E-05 0.14578
0.0539588 0.239396 0.455466 0.0550572 0.196121
0.0732635 0.344418 0.399659 0.0649767 0.117683
9.9982E-05 0.434636 0.420939 9.9982E-05 0.144226
0.00621715 0.365502 0.371711 0.0491166 0.207454
0.0366318 0.46388 0.405285 9.9991E-05 0.0941032
9.9982E-05 0.455651 0.409257 9.9982E-05 0.134892
0.0425042 0.40119 0.425546 0.0114933 0.119267
0.0341185 0.396041 0.433376 9.9991E-05 0.136365
9.9982E-05 0.344857 0.494751 9.9982E-05 0.160192
0.107765 0.375576 0.360906 9.9991E-05 0.155653
9.9991E-05 0.336386 0.528631 0.00551941 0.129364
0.0270992 0.332968 0.500585 0.023128 0.11622
9.9991E-05 0.321349 0.536356 0.0467846 0.09541
0.0629927 0.241584 0.512558 9.9991E-05 0.182765
0.00863926 0.24501 0.573109 0.00219577 0.171046
0.0583231 0.281298 0.542517 0.0205123 0.0973493
0.0246701 0.462714 0.315487 0.0656508 0.131479
0.0402849 0.248469 0.561514 9.9991E-05 0.149632
0.124396 0.261149 0.437335 9.9991E-05 0.177021
0.0703743 0.199664 0.579498 0.02256 0.127904
9.9991E-05 0.234104 0.552108 0.0432358 0.170452
9.9991E-05 0.366615 0.516791 0.00122018 0.115274
0.13697 0.251295 0.417085 0.029176 0.165474
0.0625683 0.309375 0.393119 0.0432013 0.191736
9.9991E-05 0.24616 0.554633 0.043846 0.155261
0.0941896 0.320349 0.357104 0.0777231 0.150634
0.010729 0.228594 0.632888 0.00958495 0.118204
9.9991E-05 0.32049 0.552522 0.00400827 0.12288
0.0772223 0.199061 0.472281 0.0678135 0.183623
0.0998128 0.339645 0.41327 0.0128353 0.134437
0.008258 0.393287 0.499487 9.9991E-05 0.0988683
0.129061 0.267877 0.403874 0.00890652 0.190281
0.0478202 0.205681 0.602163 0.0278961 0.116439
9.9982E-05 0.330003 0.482633 9.9982E-05 0.187164
9.9991E-05 0.328145 0.489147 0.0164082 0.1662
0.118345 0.150144 0.580814 0.0269433 0.123754
0.0165165 0.113932 0.00218627 0.0228328 0.844533
0.0273953 0.0609506 0.0441268 0.0177689 0.849758
0.14461 0.107961 0.00821658 0.0455396 0.693672
9.9991E-05 0.117527 0.0241805 0.0351244 0.823068
0.0436235 0.121205 0.0292954 9.9991E-05 0.805776
9.9991E-05 0.0938872 0.0244829 0.00951231 0.872018
0.0220946 0.121663 9.9991E-05 0.0020258 0.854116
0.0366048 0.0563663 0.00243517 0.0355972 0.868997
0.0913666 0.0855058 0.0158104 9.9991E-05 0.807217
9.9982E-05 0.096849 9.9982E-05 0.0211307 0.88182
0.0270032 0.131697 9.9991E-05 0.0266175 0.814582
0.0274745 0.064857 0.0203824 0.045875 0.841411
9.9973E-05 0.0558836 9.9973E-05 9.9973E-05 0.943816
9.9991E-05 0.0575654 0.000845753 0.0314345 0.910054
9.9991E-05 0.123977 0.0236093 0.0253668 0.826947
9.9982E-05 0.0397595 9.9982E-05 0.0689923 0.891048
9.9982E-05 0.0704905 0.00302376 9.9982E-05 0.926286
0.0723928 0.0253623 0.00122063 0.0603451 0.840679
0.028834 0.0643767 9.9991E-05 0.00337878 0.903311
0.161147 0.0608942 0.0109087 0.0200646 0.746986
9.9982E-05 0.120731 9.9982E-05 0.0293258 0.849744
0.0633801 0.0537171 0.0214948 0.0118318 0.849576
0.0626035 0.0900282 9.9982E-05 9.9982E-05 0.847168
0.0269451 0.0571169 9.9982E-05 9.9982E-05 0.915738
0.0810893 0.130521 0.0316332 0.0160668 0.740689
0.011858 0.171647 9.9991E-05 0.00517824 0.811217
0.0951158 0.0401309 9.9991E-05 0.0688283 0.795825
0.00542081 0.187326 9.9991E-05 0.0264715 0.780682
0.132762 9.9991E-05 0.0268652 0.127542 0.712731
0.0128592 0.0666886 9.9991E-05 0.0561236 0.864229
0.0743094 0.1146 9.9991E-05 0.00217223 0.808818
9.9973E-05 0.132647 9.9973E-05 9.9973E-05 0.867053
0.0536409 0.0229656 9.9991E-05 0.0232105 0.900083
0.0285615 0.0623253 9.9991E-05 0.0310109 0.878002
0.0841353 0.167277 0.00742813 0.023712 0.717447
0.0192662 0.051716 0.0183557 0.0469998 0.863662
0.054262 0.0707518 9.9982E-05 9.9982E-05 0.874786
0.00131637 0.043496 9.9991E-05 0.0269663 0.928121
0.0392347 0.0954854 9.9991E-05 0.0144047 0.850775
0.0246483 0.0553119 9.9991E-05 0.0742878 0.845652
9.9982E-05 0.0749863 9.9982E-05 0.00536138 0.919452
0.0046225 0.109809 9.9982E-05 9.9982E-05 0.885368
9.9982E-05 0.024295 9.9982E-05 0.0778881 0.897617
0.0202292 0.125537 9.9991E-05 0.0404409 0.813693
0.0373657 0.069512 9.9991E-05 0.0252608 0.867761
0.0625359 0.0522539 9.9991E-05 0.00880157 0.876309
0.0227262 0.0374544 0.00110068 0.0629205 0.875798
0.020324 0.0229102 0.0281563 0.0325017 0.896108
9.9982E-05 9.9982E-05 0.00245687 0.0635174 0.933826
0.0213223 0.0526093 9.9991E-05 0.0682198 0.857749
9.9982E-05 0.956937 0.0368118 0.00605099 9.9982E-05
0.0684214 0.840349 0.045096 0.0155521 0.0305818
0.0249751 0.865874 0.0797302 9.9991E-05 0.0293205
0.219853 0.57565 0.088568 0.0942782 0.0216505
0.127268 0.757106 0.0959822 0.0141141 0.00552941
0.130574 0.859601 9.9982E-05 0.00962514 9.9982E-05
0.0553856 0.860927 9.9991E-05 0.0256571 0.0579303
0.111691 0.851901 0.00553681 9.9991E-05 0.0307708
0.0602088 0.794541 0.0351509 0.0384081 0.0716917
0.072437 0.833308 9.9982E-05 0.094055 9.9982E-05
0.174155 0.591549 0.111672 0.0394692 0.0831545
0.0986537 0.661096 0.0601591 0.0441788 0.135912
0.03223 0.877124 0.00298301 0.0627027 0.0249608
9.9991E-05 0.738412 0.160791 0.068492 0.0322049
0.00974479 0.824526 0.0619729 0.0325694 0.0711873
9.9991E-05 0.772879 0.0695928 0.0413195 0.116108
0.0667546 0.583109 0.109638 0.117161 0.123338
0.0652965 0.828343 0.0799341 0.0263262 9.9991E-05
0.0601883 0.858921 0.0583721 0.00173578 0.0207833
0.0164567 0.803211 0.106934 0.0154571 0.0579414
0.0100339 0.79831 0.131575 0.0430497 0.0170322
0.0809425 0.877207 0.0196165 0.0221339 9.9991E-05
0.0181087 0.853711 0.0451983 9.9991E-05 0.0828819
0.0333026 0.871711 0.0434841 0.00636446 0.0451379
0.0663603 0.833103 0.0229507 0.0391507 0.0384351
0.151427 0.747562 0.0755592 0.0253518 9.9991E-05
0.0420238 0.866082 0.0035702 9.9991E-05 0.0882243
0.0939598 0.720034 0.0950357 9.9991E-05 0.0908707
0.121107 0.760446 0.110802 9.9991E-05 0.00754576
0.0689435 0.782739 0.0440442 0.0360981 0.0681749
0.0427717 0.798526 0.0504883 0.0351107 0.0731036
9.9982E-05 0.989192 9.9982E-05 0.00408335 0.00652487
9.9991E-05 0.825524 0.0767147 0.0160561 0.081605
9.9991E-05 0.881126 0.00828281 0.0263631 0.0841279
0.198622 0.619267 0.112785 9.9991E-05 0.069226
0.102489 0.831062 0.0368256 0.0295226 9.9991E-05
0.0324837 0.87277 0.0333184 0.0613274 9.9991E-05
9.9991E-05 0.914356 0.0561798 0.0142826 0.0150817
0.0110311 0.791939 0.109957 0.058877 0.0281956
0.0251118 0.794108 0.0647371 0.0925112 0.0235324
0.00604349 0.789407 0.0435404 0.0947387 0.0662699
0.110983 0.755622 0.0301311 0.0341235 0.0691408
0.0923292 0.807519 0.0888867 9.9991E-05 0.011165
0.0887784 0.861373 9.9991E-05 0.00248693 0.0472614
0.136698 0.688059 0.0530038 0.0331901 0.089049
9.9991E-05 0.826667 0.148847 0.0228747 0.00151078
0.0914754 9.9991E-05 0.118172 0.0256257 0.764627
0.118975 0.122754 0.114821 0.037327 0.606123
0.026905 0.0207104 0.113526 0.0296155 0.809243
0.0179754 9.9991E-05 0.121488 0.0316239 0.828813
0.0693934 0.010577 0.125007 0.0177541 0.777269
0.0154415 0.0618596 0.117211 0.00347742 0.80201
9.9991E-05 0.094779 0.125245 0.0131548 0.766721
0.045603 0.00244186 0.128196 0.0283756 0.795384
0.0165047 0.00212224 0.156687 0.0221467 0.802539
0.103406 0.0424421 0.140343 0.0275683 0.68624
0.115451 0.0402698 0.128892 9.9991E-05 0.715287
0.0332154 9.9982E-05 0.170449 9.9982E-05 0.796135
0.0660698 9.9991E-05 0.112443 0.0184834 0.802904
9.9991E-05 0.050453 0.0858891 0.0504156 0.813142
0.157873 9.9991E-05 0.134762 0.0181257 0.68914
0.0744998 0.171968 0.134019 0.00846303 0.61105
0.105983 0.114018 0.177863 0.0903567 0.511778
0.0764445 0.0496122 0.108472 0.0175976 0.747874
0.0817793 0.0101036 0.161662 0.00662839 0.739827
0.0391574 9.9991E-05 0.134051 0.0185107 0.808181
0.054827 9.9991E-05 0.137512 0.018943 0.788618
0.0674687 0.030755 0.156955 0.0190367 0.725784
0.0833145 9.9982E-05 0.144827 9.9982E-05 0.771658
0.04987 0.000332519 0.15627 9.9991E-05 0.793427
0.0538832 9.9991E-05 0.15926 0.00836472 0.778392
0.0142039 9.9991E-05 0.190183 0.0021094 0.793404
0.0758768 9.9991E-05 0.160239 0.00115133 0.762632
0.170998 9.9991E-05 0.123178 0.0314964 0.674227
0.0422842 0.0116768 0.103877 0.0280627 0.814099
0.012954 9.9991E-05 0.189609 0.0112984 0.786039
9.9982E-05 0.0192411 0.194763 9.9982E-05 0.785796
9.9982E-05 0.00674605 0.177413 9.9982E-05 0.815641
0.071841 9.9991E-05 0.0910072 0.00305911 0.833993
0.088954 9.9991E-05 0.161974 0.0156586 0.733314
0.00549107 9.9991E-05 0.176247 0.0146842 0.803477
0.0953026 0.024379 0.149758 0.021054 0.709506
0.0322362 9.9991E-05 0.130333 0.00376787 0.833563
0.0359773 9.9982E-05 0.0991199 9.9982E-05 0.864703
0.0397377 0.000357197 0.110751 9.9991E-05 0.849054
0.0146931 9.9982E-05 0.125111 9.9982E-05 0.859996
0.0110478 9.9982E-05 0.156606 9.9982E-05 0.832146
0.00951877 9.9991E-05 0.143447 0.000688088 0.846246
0.0089499 9.9991E-05 0.178932 0.00417737 0.807841
0.0380975 9.9982E-05 0.0793077 9.9982E-05 0.882395
0.0759613 9.9982E-05 0.147639 9.9982E-05 0.7762
0.0577467 0.0137427 0.0560823 0.868095 0.00433334
0.00225726 9.9982E-05 0.0818681 0.915675 9.9982E-05
0.0551431 0.0956226 9.9991E-05 0.801193 0.0479411
0.031375 0.0375451 0.0858767 0.845103 9.9991E-05
9.9982E-05 0.0193315 0.0405448 0.939924 9.9982E-05
0.0233258 9.9991E-05 0.0291507 0.946775 0.000648797
9.9982E-05 0.072036 0.00931106 0.918453 9.9982E-05
0.223575 0.0993685 0.0229761 0.609072 0.0450087
0.0860758 9.9991E-05 0.00486923 0.867578 0.0413774
0.00742397 0.0115058 9.9991E-05 0.961727 0.0192429
0.072163 0.0618968 0.0893719 0.740898 0.0356699
0.134723 0.0751769 0.0577537 0.671767 0.060579
0.0560772 9.9991E-05 0.00691306 0.90801 0.0289001
9.9982E-05 0.0719203 9.9982E-05 0.924966 0.00291359
0.0673766 0.0558493 9.9991E-05 0.860749 0.0159251
9.9973E-05 9.9973E-05 0.0277598 0.97194 9.9973E-05
0.14807 0.0138208 0.0367353 0.788194 0.0131797
9.9982E-05 9.9982E-05 0.0153235 0.942206 0.0422701
0.027611 0.0967862 0.00989953 0.819081 0.0466225
9.997E-05 9.997E-05 9.997E-05 0.9996 9.997E-05
0.0236937 9.9982E-05 9.9982E-05 0.950222 0.0258848
0.0530518 0.123402 9.9982E-05 0.823346 9.9982E-05
0.128069 0.068638 0.0204313 0.782762 9.9991E-05
9.9973E-05 0.021377 9.9973E-05 0.978323 9.9973E-05
0.0764827 0.0584902 0.0571456 0.773045 0.0348365
0.113168 0.0321097 9.9982E-05 0.854522 9.9982E-05
0.0195905 0.109313 9.9991E-05 0.869272 0.00172438
0.119768 0.0474785 0.0161511 0.736554 0.0800487
9.9982E-05 9.9982E-05 0.0222146 0.946666 0.0309194
0.0593304 0.0243216 0.00298837 0.889886 0.023474
9.9982E-05 0.0525352 9.9982E-05 0.889227 0.0580383
9.9991E-05 0.0114519 0.00970114 0.920728 0.0580192
9.9982E-05 0.00264094 9.9982E-05 0.97098 0.0261787
9.9982E-05 0.0356805 9.9982E-05 0.940732 0.0233875
9.9973E-05 9.9973E-05 0.0533163 0.946384 9.9973E-05
0.0563264 0.104583 9.9982E-05 0.838891 9.9982E-05
0.0484587 0.0734431 0.00419798 0.8738 9.9991E-05
9.9982E-05 9.9982E-05 0.0268261 0.95655 0.016424
9.9973E-05 9.9973E-05 9.9973E-05 0.960076 0.0396239
0.041574 9.9991E-05 0.00471898 0.887006 0.0666012
0.0759019 0.0155614 0.0305773 0.877859 9.9991E-05
0.152934 0.105789 0.0476614 0.654389 0.0392271
0.134437 0.0754724 0.0518826 0.738108 9.9991E-05
9.9973E-05 0.0414851 9.9973E-05 0.958215 9.9973E-05
0.0209274 9.9982E-05 0.0205283 0.958344 9.9982E-05
0.011888 0.0383681 0.0453097 0.901366 0.00306863
9.997E-05 9.997E-05 9.997E-05 0.9996 9.997E-05
9.9991E-05 0.0235372 0.0272321 0.865017 0.0841138
0.44629 0.310713 9.9991E-05 0.224071 0.0188257
0.414483 0.27471 9.9991E-05 0.291039 0.0196689
0.434883 0.23406 9.9991E-05 0.306852 0.0241049
0.506846 0.22525 0.0122826 0.255521 9.9991E-05
0.512886 0.271919 9.9982E-05 0.214995 9.9982E-05
0.434586 0.252966 9.9991E-05 0.259059 0.0532887
0.373623 0.327678 9.9991E-05 0.277567 0.0210317
0.354897 0.313941 0.0107165 0.274886 0.0455598
0.401938 0.257458 9.9991E-05 0.281635 0.0588689
0.444 0.33841 0.000650131 0.169521 0.0474189
0.261381 0.349305 0.0522437 0.303177 0.0338931
0.38793 0.362193 9.9982E-05 0.249677 9.9982E-05
0.432131 0.295809 0.0074691 0.236913 0.0276777
0.427772 0.24205 0.0442688 0.231505 0.054404
0.423692 0.29557 9.9991E-05 0.242286 0.0383523
0.510488 0.263324 9.9991E-05 0.173089 0.0529982
0.510978 0.247849 0.0240188 0.217054 9.9991E-05
0.445789 0.272219 0.0255908 0.256301 9.9991E-05
0.37387 0.336103 0.0274774 0.214871 0.0476794
0.316489 0.381648 0.000944982 0.270659 0.0302589
0.39883 0.352199 9.9991E-05 0.22309 0.0257809
0.449234 0.227233 9.9991E-05 0.291236 0.0321966
0.400847 0.290417 9.9991E-05 0.251802 0.0568345
0.439292 0.224192 0.0161296 0.287318 0.0330679
0.482225 0.284517 9.9991E-05 0.21186 0.0212969
0.327554 0.40498 9.9982E-05 0.267266 9.9982E-05
0.428842 0.254066 9.9982E-05 0.316893 9.9982E-05
0.344104 0.362865 9.9982E-05 0.292831 9.9982E-05
0.390649 0.322583 9.9982E-05 0.286568 9.9982E-05
0.369724 0.292968 9.9982E-05 0.337108 9.9982E-05
0.376285 0.278649 0.0142081 0.266905 0.0639531
0.373472 0.401458 9.9982E-05 0.22487 9.9982E-05
0.472177 0.245532 0.00132464 0.267049 0.0139176
0.507379 0.273203 9.9982E-05 0.219218 9.9982E-05
0.339671 0.357474 9.9982E-05 0.302655 9.9982E-05
0.384628 0.361547 9.9982E-05 0.253625 9.9982E-05
0.354017 0.236576 0.0789072 0.255182 0.0753182
0.318662 0.367404 9.9991E-05 0.277493 0.0363415
0.410952 0.283365 0.0552966 0.211213 0.0391734
0.446641 0.28888 9.9982E-05 0.264279 9.9982E-05
0.367566 0.274848 0.0317173 0.281837 0.044032
0.417645 0.267336 0.0239062 0.270076 0.0210373
0.381256 0.254422 9.9991E-05 0.275921 0.0883004
0.44449 0.225721 0.017228 0.194648 0.117913
0.315116 0.287967 0.0106405 0.297066 0.0892104
0.460809 0.284859 9.9991E-05 0.245757 0.00847425
0.425898 0.284859 9.9991E-05 0.243559 0.0455849
0.412967 0.385005 9.9982E-05 0.201828 9.9982E-05
0.39424 0.162302 0.0522199 0.346351 0.0448882
0.33561 0.235973 0.0375232 0.271291 0.119602
0.607755 0.116528 0.117249 0.0489369 0.109531
0.684039 0.134651 9.9991E-05 0.10597 0.0752403
0.651492 0.180178 0.0144509 0.0759275 0.0779518
0.804616 0.118151 0.0166812 0.0604512 9.9991E-05
0.654523 0.124165 0.030341 0.0784796 0.112492
0.771046 0.15731 9.9982E-05 0.0714439 9.9982E-05
0.686169 0.154402 0.0535382 0.0377224 0.0681681
0.76806 0.164315 0.0296735 0.0239092 0.014043
0.696082 0.207186 0.0022166 0.0485784 0.0459362
0.718595 0.145521 0.0015932 0.0937196 0.0405709
0.784403 0.0696586 0.0466331 0.0992056 9.9991E-05
0.775737 0.149588 9.9991E-05 0.0544973 0.0200782
0.673605 0.0955912 0.0194436 0.10834 0.10302
0.704301 0.104143 0.0188707 0.091203 0.0814822
0.720007 0.18526 0.037848 0.0118287 0.045057
0.604802 0.129996 0.0808371 0.131756 0.052609
0.769103 0.126137 0.0307138 0.0698088 0.00423797
0.689271 0.119495 9.9991E-05 0.109485 0.0816493
0.828413 0.0938075 9.9982E-05 0.0775799 9.9982E-05
0.691994 0.206271 9.9982E-05 0.101535 9.9982E-05
0.767825 0.114557 0.0242215 9.9991E-05 0.0932966
0.811766 0.0519623 0.0416897 0.0253666 0.0692159
0.783918 9.9991E-05 0.044809 0.0220725 0.149101
0.747412 9.99946E-05 0.0945378 0.0317917 0.126159
0.714737 9.9991E-05 0.110009 0.0159768 0.159177
0.77479 0.0226862 0.0855774 0.0107809 0.106166
0.728306 0.00540085 0.0508997 0.0498971 0.165496
0.714768 0.0225236 0.124379 0.0235353 0.114794
0.758404 0.0682748 0.0647416 0.0405017 0.0680784
0.824444 9.9991E-05 0.0139063 0.0279288 0.133621
0.82447 9.9991E-05 0.0668595 0.0242409 0.08433
0.739831 0.0186692 0.0829739 9.9991E-05 0.158426
0.71467 9.9991E-05 0.0763168 0.00343505 0.205478
0.84463 9.9982E-05 0.0394317 9.9982E-05 0.115738
0.862526 9.9991E-05 0.108465 0.0236741 0.00523442
0.776234 9.9991E-05 0.0611534 0.0573588 0.105154
0.748516 0.0301259 0.0452431 0.040304 0.135811
0.706885 9.9991E-05 0.132402 0.0309441 0.129668
0.826025 9.9982E-05 0.0329055 9.9982E-05 0.140869
0.783751 9.9991E-05 0.0839456 0.032256 0.0999475
0.792355 0.0141665 0.0663591 0.0335072 0.0936121
0.836253 9.9982E-05 0.0329532 9.9982E-05 0.130594
0.827561 0.0606775 0.00247421 0.0309556 0.0783312
0.589492 0.200625 0.0600156 0.0384207 0.111447
0.777651 0.135037 0.0175904 0.0169401 0.0527812
0.662033 0.169517 9.9991E-05 0.0866446 0.0817054
0.843115 0.145483 0.0112014 9.9982E-05 9.9982E-05
0.741438 0.0717958 0.0184112 0.083568 0.0847872
0.80665 0.0881775 0.0333633 0.00657083 0.065238
0.751318 0.0965113 0.0586875 0.0399333 0.05355
0.779557 0.0535079 9.9991E-05 0.101395 0.0654397
0.739729 0.160627 9.99864E-05 0.0994432 9.99864E-05
0.594193 0.177771 0.00239864 0.0603124 0.165326
0.726807 0.151162 0.000650372 0.0791777 0.0422029
0.548111 0.216191 0.0306067 0.0556605 0.14943
0.771786 0.144343 0.00939785 0.0743736 9.9991E-05
0.69556 0.139401 9.9991E-05 0.0766237 0.0883156
0.733643 0.0634567 0.0592781 0.0607749 0.0828468
0.623952 0.0877059 0.00716694 0.0782009 0.202974
0.700473 0.127102 0.0193784 0.0597299 0.0933164
0.691865 0.170629 0.0462366 0.0709787 0.0202903
0.733999 0.143357 0.0377103 0.00814034 0.0767934
0.728727 0.0437976 0.0371698 0.102755 0.0875512
0.607845 0.203576 0.0126983 0.0363511 0.13953
0.791449 0.0624302 0.0789123 0.0665675 0.000641258
0.66813 0.114842 9.9991E-05 0.110429 0.106499
0.667691 0.0637774 9.9991E-05 0.0899194 0.178513
0.731585 0.0912955 0.0534306 9.9991E-05 0.123589
0.756236 9.9991E-05 0.0706757 0.0893144 0.083674
0.670031 0.145551 9.9991E-05 0.0276045 0.156713
0.761089 0.00231432 0.0906426 0.0708933 0.075061
0.786235 0.045095 0.0336527 0.0491348 0.0858824
0.729118 0.018917 0.0101199 0.0912705 0.150574
0.732951 9.9991E-05 0.0960219 0.0338557 0.137071
0.726344 9.9991E-05 0.0893701 0.0819176 0.102268
0.722524 9.9991E-05 0.0789828 0.112005 0.0863883
0.776048 0.136852 9.9991E-05 0.0307349 0.0562654
0.750098 0.0768852 0.0270424 0.0496268 0.0963475
0.758684 0.00204737 0.105658 0.0731697 0.060441
0.797068 0.0218352 9.9991E-05 0.044953 0.136044
0.735376 9.9991E-05 0.0513812 0.0232118 0.189931
0.758798 0.127032 0.0103903 0.0351214 0.0686583
0.749294 0.0802718 0.0136021 0.0117224 0.14511
0.694976 0.0417042 0.101202 0.034338 0.12778
