0.233376 0.400754 0.186508 0.179363
0.26481 0.0766146 0.369629 0.288946
9.999E-05 0.524869 0.306177 0.168855
0.188676 0.258395 0.250268 0.302662
0.293758 0.457399 0.0277177 0.221125
0.118199 0.595197 0.286504 9.9991E-05
0.149441 0.254802 0.155427 0.44033
0.12417 0.581347 0.0666525 0.22783
0.105742 0.31007 0.316047 0.268141
0.129666 0.442353 0.215058 0.212924
0.14251 0.700434 0.156956 9.9991E-05
0.106812 0.360028 0.303408 0.229752
0.152821 0.270875 0.117662 0.458641
0.0866754 0.571418 0.219135 0.122772
0.0897201 0.614999 0.140011 0.15527
0.118193 0.316526 0.225384 0.339896
9.9991E-05 0.366753 0.199762 0.433385
0.211099 0.39379 0.16899 0.226121
0.0559706 0.444092 0.228049 0.271888
0.214018 0.369075 0.180854 0.236052
0.192134 0.416454 0.237264 0.154148
0.159396 0.280399 0.212445 0.34776
0.101942 0.444547 0.124798 0.328713
0.208059 0.58778 0.0385218 0.16564
0.132023 0.434731 0.270008 0.163237
0.240094 0.217007 0.263446 0.279453
0.189662 0.283096 0.254498 0.272745
0.188633 0.318579 0.241066 0.251722
0.135551 0.258526 0.323853 0.28207
0.209961 0.544262 0.0316269 0.21415
0.211286 9.9991E-05 0.20481 0.583804
0.29139 0.524755 9.9991E-05 0.183755
0.107537 0.557151 0.299756 0.0355554
0.22535 0.524194 0.0838341 0.166622
0.143726 0.246597 0.250789 0.358888
0.148358 0.241704 0.0891425 0.520796
0.0891293 0.709737 0.190888 0.0102458
0.0462147 0.349765 0.0823332 0.521687
0.237397 0.222743 0.301637 0.238223
0.202866 0.160055 0.218157 0.418922
0.157503 0.465746 0.162079 0.214672
0.083803 0.46998 0.0617923 0.384425
0.200254 0.18827 0.119153 0.492323
0.33207 0.204484 0.242995 0.220451
0.221216 0.28941 0.291308 0.198066
0.0775465 0.271625 0.0625075 0.588321
0.0553543 0.406684 0.079512 0.45845
0.222022 0.268119 9.9991E-05 0.509759
0.034299 0.352588 9.9991E-05 0.613013
0.00677433 0.124477 0.194643 0.674105
0.0754643 0.210821 0.0582126 0.655502
0.060728 0.340489 0.0211129 0.57767
9.9991E-05 0.44458 0.0126147 0.542705
9.9991E-05 0.473921 0.00754249 0.518437
0.110376 0.451294 0.0525279 0.385802
0.136441 0.311278 9.9991E-05 0.552181
9.9991E-05 0.498159 0.0609228 0.440819
0.0242557 0.5541 0.0444933 0.377151
0.0328063 0.609403 0.0035987 0.354192
9.9991E-05 0.146639 0.0629264 0.790335
9.9982E-05 0.282661 9.9982E-05 0.717139
9.9982E-05 9.9982E-05 0.134649 0.865151
9.9991E-05 0.178743 0.0473204 0.773836
0.105119 0.289717 0.00113647 0.604028
9.9991E-05 0.254862 0.0627926 0.682245
0.0782048 0.275259 0.0922914 0.554245
9.9991E-05 0.426188 0.241353 0.332359
0.143204 0.0483676 0.102956 0.705473
0.185817 0.238396 0.120373 0.455414
0.115413 0.485091 9.9991E-05 0.399395
9.9991E-05 0.701247 0.128332 0.170322
0.126543 0.128431 0.240043 0.504983
0.00648343 0.0999793 0.106117 0.787421
0.00926642 0.106365 0.113876 0.770492
0.107512 0.358323 0.163215 0.370949
0.0453903 0.322996 0.0556803 0.575934
0.0959022 0.295713 0.000726884 0.607657
9.9991E-05 0.12882 0.182491 0.688589
0.01857 0.330612 0.193 0.457818
9.9991E-05 0.432405 0.119703 0.447791
0.234844 0.590821 9.9991E-05 0.174235
0.154761 0.21541 0.0900734 0.539756
0.0319749 0.179066 0.0432729 0.745686
0.0555157 0.342295 9.9991E-05 0.602089
0.106261 0.701026 9.9991E-05 0.192613
9.9982E-05 0.0981732 0.901627 9.9982E-05
9.9991E-05 0.0638794 0.680284 0.255737
9.9982E-05 9.9982E-05 0.812298 0.187502
9.9991E-05 0.371973 0.609699 0.0182285
0.0176471 0.0178279 0.802679 0.161846
0.0159089 0.163042 0.820949 9.9991E-05
0.0404551 9.9991E-05 0.82718 0.132265
0.0960112 9.9991E-05 0.727213 0.176676
0.0113622 0.229749 0.758789 9.9991E-05
0.135695 0.12144 0.600855 0.142011
9.9982E-05 0.070457 0.929343 9.9982E-05
9.9982E-05 0.232926 0.766874 9.9982E-05
0.0813959 0.327982 0.590522 9.9991E-05
0.0763632 0.11175 0.786648 0.0252387
9.9982E-05 0.0591413 0.940659 9.9982E-05
9.9982E-05 0.0142672 0.985533 9.9982E-05
0.0236028 9.9991E-05 0.819034 0.157263
0.0913111 0.351885 0.556704 9.9991E-05
0.0575469 9.9991E-05 0.800911 0.141442
0.120895 9.9991E-05 0.872589 0.00641525
9.9991E-05 0.0669298 0.759215 0.173755
0.129543 0.0153321 0.679047 0.176078
9.99821E-05 9.99821E-05 0.816961 0.18284
0.0563536 0.0626013 0.866318 0.0147276
0.0945457 9.9991E-05 0.87954 0.0258142
0.033666 0.0604978 0.790113 0.115724
0.0211889 9.9991E-05 0.755876 0.222835
0.0121321 9.9991E-05 0.866965 0.120803
0.056942 0.171665 0.771293 9.9991E-05
0.00206165 0.0734338 0.924405 9.9991E-05
0.216565 9.9991E-05 0.525998 0.257337
9.9991E-05 0.214499 0.737019 0.0483822
0.0931602 9.9991E-05 0.668187 0.238553
0.0913547 9.9991E-05 0.712835 0.19571
0.0559621 9.9991E-05 0.717927 0.226011
0.0783554 9.9991E-05 0.722256 0.199288
0.00652253 0.25722 0.736157 9.9991E-05
9.9982E-05 0.339669 0.660131 9.9982E-05
0.0562336 9.9991E-05 0.665105 0.278562
0.0187816 0.0765896 0.904529 9.9991E-05
0.113797 0.360255 0.439271 0.086678
0.0862613 0.565386 0.0284169 0.319936
0.133136 0.293818 0.135905 0.437142
0.110171 0.358444 0.128557 0.402828
0.0534304 9.9991E-05 0.266371 0.680099
0.00855594 0.513547 0.134839 0.343058
0.0607328 0.368085 9.9991E-05 0.571082
0.192277 0.518769 0.0805529 0.208401
0.0660904 0.383146 0.0710857 0.479678
0.057601 0.539063 0.123318 0.280017
0.140851 0.285918 9.9991E-05 0.573131
0.178523 0.257133 9.9991E-05 0.564244
0.0329304 0.0878192 0.0785895 0.800661
9.9991E-05 0.392164 0.107217 0.50052
0.0571228 0.240032 0.0757929 0.627052
9.9982E-05 0.540758 9.9982E-05 0.459042
9.9982E-05 0.345406 9.9982E-05 0.654394
0.0746759 0.190526 0.203258 0.53154
0.0694893 0.787588 9.9991E-05 0.142823
0.0333847 0.54217 0.00451157 0.419933
0.240454 0.547196 0.117096 0.0952542
0.138476 0.557715 0.226017 0.0777911
0.23333 0.288841 0.396338 0.0814915
0.175918 0.0707612 0.482795 0.270526
9.9991E-05 0.177622 0.546367 0.27591
0.247624 0.354017 0.398259 9.9991E-05
0.0848388 0.215431 0.483244 0.216486
0.18788 0.108968 0.465401 0.237751
0.247648 9.9991E-05 0.492445 0.259807
0.209571 0.373942 0.416388 9.9991E-05
0.0796449 0.42798 0.371387 0.120988
0.13185 0.119801 0.260859 0.487491
0.179829 0.537686 0.282385 9.9991E-05
0.23689 0.370644 0.263898 0.128568
0.237718 0.111127 0.349745 0.30141
0.238555 0.567933 0.193412 9.9991E-05
0.0753263 0.34459 0.328392 0.251692
0.0960873 0.0414869 0.651937 0.210489
0.0518891 0.422797 0.390907 0.134406
0.300863 0.232398 0.466639 9.9991E-05
0.112479 0.601344 0.286077 9.9991E-05
0.219826 0.37226 0.306311 0.101603
0.185664 0.0455408 0.259293 0.509502
0.160334 0.290688 0.34287 0.206107
0.167451 0.372035 0.33503 0.125484
0.170022 9.9991E-05 0.685157 0.144721
0.223247 0.204972 0.541932 0.0298487
0.054671 0.0897848 0.518472 0.337072
0.154941 0.434207 0.263114 0.147738
0.112617 0.13966 0.561939 0.185784
0.176941 0.403186 0.252579 0.167293
0.227677 0.169907 0.307974 0.294443
0.109531 0.210401 0.392367 0.287702
0.176522 0.350991 0.428738 0.0437488
0.100621 0.237113 0.3125 0.349766
0.0901769 0.419594 0.299697 0.190532
0.117443 0.544963 0.258505 0.0790888
0.131441 0.354628 0.494422 0.0195085
0.118162 0.294931 0.54765 0.0392567
9.9991E-05 0.455387 0.434807 0.109706
0.0353265 0.358853 0.490752 0.115068
0.194029 0.355095 0.279424 0.171452
0.0541687 0.494792 0.301457 0.149583
0.233116 9.9991E-05 0.369874 0.39691
0.0315519 0.58212 0.29731 0.0890181
9.9982E-05 0.679956 0.319844 9.9982E-05
0.11046 0.34618 0.338385 0.204974
0.0756893 0.182388 0.19483 0.547093
0.187561 0.261803 0.31506 0.235575
0.179806 0.524758 0.295336 9.9991E-05
0.0391374 0.402444 0.209713 0.348706
9.9982E-05 0.564579 0.435221 9.9982E-05
0.0885327 0.64698 0.177455 0.0870322
0.102437 0.546657 0.244624 0.106282
0.0864397 0.313163 0.324951 0.275446
0.0235889 0.711992 0.264319 9.9991E-05
0.0524044 0.592718 0.072462 0.282416
0.0379209 0.44973 0.239591 0.272758
9.9982E-05 0.613731 0.386069 9.9982E-05
9.9982E-05 0.893844 0.105956 9.9982E-05
0.0884956 0.527401 0.338273 0.045831
9.9982E-05 0.664773 0.335027 9.9982E-05
0.133097 0.525876 0.302845 0.0381818
0.125096 0.449835 0.162838 0.26223
0.20381 0.510859 0.285231 9.9991E-05
9.9991E-05 0.574974 0.381613 0.0433135
0.0476609 0.330861 0.23881 0.382669
0.275256 0.604755 0.0400548 0.0799344
0.103573 0.673163 0.223164 9.9991E-05
0.136445 0.33364 0.317385 0.212529
0.140779 0.36257 0.308573 0.188078
0.207645 0.5153 0.0892334 0.187822
9.99821E-05 0.763639 0.236161 9.99821E-05
0.0687075 0.697032 0.234161 9.9991E-05
0.0415121 0.684021 0.274366 9.9991E-05
0.203591 0.625415 0.150569 0.0204249
0.132269 0.507569 0.139573 0.220589
0.0296974 0.238379 0.426583 0.305341
0.125969 0.414309 0.265215 0.194506
0.113595 0.319194 0.223117 0.344095
0.218423 0.50456 0.190038 0.0869785
9.9991E-05 0.659734 0.224969 0.115197
0.119019 0.45408 0.0946619 0.332239
0.159386 0.731546 0.0471391 0.0619283
0.176227 0.823573 9.99821E-05 9.99821E-05
0.14176 0.63016 9.9991E-05 0.22798
0.00856642 0.178449 0.19481 0.618175
0.0575358 0.380776 0.110426 0.451263
0.0555219 0.537865 9.9991E-05 0.406513
0.0772968 0.326368 0.165536 0.4308
0.101528 0.713138 9.9991E-05 0.185234
0.117475 0.129005 0.144476 0.609044
0.228795 0.727414 9.9991E-05 0.0436912
0.144454 0.420826 0.100024 0.334696
0.139492 0.279765 9.9991E-05 0.580642
0.0473133 0.580293 9.9991E-05 0.372294
0.165538 0.459922 0.0572714 0.317269
0.109865 0.607882 9.9991E-05 0.282154
0.137428 0.786443 0.0760293 9.9991E-05
0.0684012 0.633693 9.9991E-05 0.297806
0.23265 0.661003 9.9991E-05 0.106246
0.144213 0.675913 9.9991E-05 0.179774
0.219272 0.317468 0.0570251 0.406235
0.217399 0.149379 0.104648 0.528574
0.0545493 0.66329 0.142763 0.139398
0.150611 0.609659 0.0382062 0.201524
9.99821E-05 0.811024 9.99821E-05 0.188776
0.157651 0.414939 0.0859912 0.341419
0.156108 0.372746 0.0391377 0.432008
0.00685949 0.540427 0.197495 0.255219
9.9991E-05 0.478036 0.1987 0.323164
0.0695211 0.305008 9.9991E-05 0.625371
0.136296 0.32331 0.083121 0.457273
0.0644281 0.54654 0.127381 0.261651
0.940018 9.9982E-05 9.9982E-05 0.0597825
0.7147 0.0697983 0.0931968 0.122305
0.617492 0.187258 0.19515 9.9991E-05
0.856847 0.142953 9.9982E-05 9.9982E-05
0.92174 9.9991E-05 0.00306237 0.075098
0.866844 0.0138464 9.9991E-05 0.119209
0.863612 9.9982E-05 9.9982E-05 0.136188
0.748212 0.139252 9.9991E-05 0.112436
0.873388 0.11006 0.0164518 9.9991E-05
0.920339 0.0742476 0.00531321 9.9991E-05
0.9997 9.998E-05 9.998E-05 9.998E-05
0.9997 9.998E-05 9.998E-05 9.998E-05
0.675917 9.9991E-05 0.165542 0.158441
0.974997 9.9982E-05 0.0248033 9.9982E-05
0.5398 9.9991E-05 0.0607879 0.399312
0.741795 9.9982E-05 9.9982E-05 0.258005
0.576719 0.210715 0.00162519 0.210941
0.791767 0.028416 0.0272908 0.152526
0.688012 0.273427 0.0384609 9.9991E-05
0.814925 0.0754183 9.9991E-05 0.109557
0.723333 0.08468 0.0565627 0.135424
0.801966 0.124258 0.073676 9.9991E-05
0.9997 9.998E-05 9.998E-05 9.998E-05
0.948754 9.9982E-05 9.9982E-05 0.0510458
0.894036 9.9991E-05 0.0376303 0.0682341
0.971705 9.9982E-05 0.0280951 9.9982E-05
0.635054 0.107337 0.0183205 0.239288
0.9997 9.998E-05 9.998E-05 9.998E-05
0.758041 0.214815 0.0270442 9.9991E-05
0.792054 0.0757705 0.100565 0.0316111
0.887891 9.9991E-05 0.0743562 0.0376525
0.729373 0.00694873 0.0790417 0.184637
0.912771 0.0680993 0.0190299 9.9991E-05
0.947287 0.0288136 0.0237991 9.9991E-05
0.9997 9.998E-05 9.998E-05 9.998E-05
0.893057 0.0996852 0.00715779 9.9991E-05
0.893599 0.0162976 9.9991E-05 0.0900039
0.68046 9.9991E-05 0.080419 0.239021
0.127403 0.0597524 0.176575 0.63627
9.9982E-05 0.385724 9.9982E-05 0.614076
0.0211242 0.641139 0.0544906 0.283246
0.073951 0.501018 0.0856314 0.339399
9.9991E-05 0.521834 0.0226445 0.455422
0.00674193 0.807601 9.9991E-05 0.185557
9.99821E-05 0.0855264 9.99821E-05 0.914274
0.0975084 0.226603 0.183247 0.492641
9.9991E-05 0.236895 0.125537 0.637468
0.21407 0.44113 0.0596851 0.285114
9.99821E-05 0.304124 9.99821E-05 0.695676
0.145548 0.292928 9.9991E-05 0.561424
9.99821E-05 9.99821E-05 0.0534993 0.946301
0.091838 0.317154 9.9991E-05 0.590908
0.178432 0.501495 9.9991E-05 0.319972
9.99821E-05 0.381337 9.99821E-05 0.618463
9.9991E-05 0.201501 0.00429716 0.794102
0.087336 0.38573 0.0592278 0.467706
9.9991E-05 0.181252 0.0202246 0.798424
0.198176 0.514243 0.00797352 0.279607
0.0692421 0.152538 0.166918 0.611301
0.188379 0.375129 0.0638194 0.372672
0.257017 0.303434 0.0320949 0.407454
0.110076 0.0958852 0.0366332 0.757406
9.9982E-05 0.589988 9.9982E-05 0.409812
9.9982E-05 0.516758 9.9982E-05 0.483042
0.223862 0.383821 0.014398 0.377919
9.99821E-05 0.240303 9.99821E-05 0.759497
9.99821E-05 0.285991 9.99821E-05 0.713809
9.9991E-05 0.333194 0.07677 0.589936
0.0504884 0.0957553 9.9991E-05 0.853656
0.107316 0.514425 0.0558375 0.322421
9.9991E-05 0.251779 0.203651 0.54447
0.0417866 0.449077 0.0382832 0.470853
0.00317845 0.118701 0.0295229 0.848597
0.0999585 0.0193619 0.037909 0.842771
0.0733612 0.141021 9.9991E-05 0.785517
0.0302153 0.249258 0.0952732 0.625253
9.9991E-05 0.575883 0.0511008 0.372916
0.0234073 0.125867 9.9991E-05 0.850626
0.0330346 0.416086 0.0891919 0.461687
9.9991E-05 0.623481 0.0796245 0.296794
0.10395 0.277958 0.152706 0.465386
0.0434262 0.270346 9.9991E-05 0.686127
0.153949 0.508734 9.9991E-05 0.337217
0.0671749 0.189017 0.188697 0.555111
0.0492986 0.338059 0.126269 0.486373
0.21711 0.058421 9.9991E-05 0.724369
0.0982344 0.689382 0.0508946 0.161489
0.0897776 0.159078 0.0241314 0.727013
0.0956578 0.472912 9.9991E-05 0.43133
0.133735 0.416134 9.9991E-05 0.450031
0.204154 0.121026 0.153423 0.521398
0.186812 0.135078 0.127168 0.550941
9.99821E-05 0.232096 9.99821E-05 0.767704
0.086918 9.9991E-05 0.0650565 0.847926
0.0631986 0.147292 0.0421411 0.747368
0.0393055 0.344233 0.0832452 0.533217
0.160407 0.339724 0.0187003 0.481168
9.99821E-05 0.713137 9.99821E-05 0.286663
9.9982E-05 0.329055 9.9982E-05 0.670745
0.175147 0.234585 0.214868 0.3754
0.045254 0.533361 0.00594256 0.415442
0.0713704 0.334828 0.0384916 0.55531
9.9991E-05 0.398032 0.0723805 0.529488
0.0529254 0.291597 9.9991E-05 0.655378
9.9991E-05 0.710697 0.0648079 0.224395
0.154779 0.121824 0.162928 0.560468
0.135764 0.503939 9.9991E-05 0.360197
9.9991E-05 0.471293 0.209084 0.319523
0.132771 0.381028 9.9991E-05 0.486101
0.183976 0.271415 9.9991E-05 0.544509
0.154748 0.211723 0.0588211 0.574708
0.200475 0.103336 0.149501 0.546687
0.157901 0.0831634 0.142226 0.616709
0.152692 0.174324 0.121381 0.551603
0.0985454 0.273837 0.153678 0.473939
0.187715 0.280302 0.1529 0.379082
0.202279 0.154128 0.166952 0.476641
9.9991E-05 0.353756 0.0298142 0.61633
0.073404 0.216494 0.0924718 0.617631
0.219935 0.144849 9.9991E-05 0.635117
0.046634 0.250771 0.0750739 0.627521
9.99821E-05 0.404962 9.99821E-05 0.594838
0.172259 0.072465 0.0972841 0.657992
0.110959 0.259786 0.0278616 0.601393
0.139371 0.45351 0.0911839 0.315935
0.0973851 0.367634 0.0596629 0.475318
0.0705452 0.554698 9.9991E-05 0.374657
