0.119058 0.0834395 0.0227146 0.0359205 0.738868
0.172207 9.9991E-05 0.0928941 0.083544 0.651255
0.121741 9.9991E-05 0.0480061 0.0989181 0.731235
0.207114 0.0137582 0.0263953 0.0336396 0.719093
0.084456 9.9991E-05 0.0347959 0.0383548 0.842293
0.0693611 0.0293359 0.139344 0.0240927 0.737867
0.125983 0.0817149 0.0250626 0.00396164 0.763277
0.142454 0.0096869 0.100727 0.0452371 0.701895
0.206237 9.9991E-05 0.0584795 0.0367317 0.698452
0.0950432 9.9982E-05 0.0355415 9.9982E-05 0.869215
0.138201 9.9991E-05 0.024664 0.0265185 0.810516
0.0413488 9.9991E-05 0.0417608 0.094365 0.822425
0.162133 0.0214137 0.0912505 0.0804375 0.644766
0.14505 9.9991E-05 0.0543679 0.102446 0.698036
0.0900821 9.9991E-05 0.0665945 0.0949175 0.748306
0.0979691 9.9991E-05 0.0887021 0.0751111 0.738118
0.112877 9.9991E-05 0.0691218 0.0676761 0.750225
0.0621628 0.118779 0.0247529 0.0617979 0.732508
0.135696 0.0315995 0.0689821 0.0229469 0.740776
0.156121 9.9991E-05 0.0464137 0.0255654 0.7718
0.144962 0.071719 0.122399 0.0998494 0.561071
0.0967131 0.021038 0.010214 0.0194699 0.852565
0.0941315 9.9991E-05 0.0807467 0.0919412 0.733081
0.142414 9.9991E-05 0.0439148 0.0656386 0.747933
0.128318 9.9991E-05 0.033453 0.0492466 0.788882
0.0758707 0.164256 0.0344998 0.0855481 0.639826
0.00294827 0.195796 0.0245777 0.0922095 0.684469
0.121888 0.130192 0.0379991 0.104954 0.604967
0.0949118 0.0760431 0.102876 0.0840993 0.642069
0.0280665 0.195342 0.00274373 0.0700653 0.703782
0.0773231 0.183826 0.00493743 0.128943 0.604971
0.0218105 0.212386 9.9991E-05 0.125597 0.640107
0.057785 0.227875 0.0842645 0.114286 0.51579
0.0621323 0.238741 0.0433566 0.0732871 0.582483
0.0689744 0.0615846 0.066559 0.082874 0.720008
0.0432619 0.146999 9.9991E-05 0.0750574 0.734582
0.00258114 0.116338 9.9991E-05 0.135182 0.7458
0.0721093 0.185235 0.0510782 0.0850998 0.606478
0.0340152 0.136439 9.9991E-05 0.1163 0.713146
0.0412633 0.174119 0.0180765 0.113875 0.652666
0.0646717 0.171996 0.0470623 0.118671 0.597599
0.0572582 0.158646 0.00662491 0.0409011 0.73657
0.0707754 0.0755844 0.00495931 0.0918752 0.756806
0.0420515 0.132003 0.0267218 0.0953955 0.703828
0.00105614 0.10197 0.0715697 0.0705385 0.754866
0.00642572 0.465154 0.292242 9.9991E-05 0.236079
9.9991E-05 0.517272 0.204544 0.0464962 0.231588
0.0282176 0.543781 0.169469 0.110107 0.148425
0.057278 0.417945 0.297576 9.9991E-05 0.227101
0.00120372 0.503061 0.19738 0.0666394 0.231716
0.0646695 0.502101 0.228962 0.00351517 0.200752
0.0156553 0.57162 0.222826 0.0472361 0.142662
0.0639169 0.363546 0.238156 0.0719981 0.262383
9.9991E-05 0.384809 0.275811 0.0610408 0.278239
9.9991E-05 0.492591 0.208898 0.0385955 0.259816
0.0316413 0.456663 0.209556 0.0405711 0.261568
9.9991E-05 0.343909 0.327523 0.0160655 0.312403
0.116195 0.384059 0.255878 0.0888503 0.155017
0.0359503 0.532752 0.250576 0.0597276 0.120995
9.9991E-05 0.59997 0.249809 0.0102372 0.139884
9.9982E-05 0.482562 0.311744 9.9982E-05 0.205494
9.9991E-05 0.455649 0.28885 0.0430839 0.212317
0.000438469 0.454853 0.243286 0.0504285 0.250994
0.00519956 0.356825 0.243051 0.10778 0.287144
0.00550254 0.520264 0.213153 0.00799607 0.253084
9.9991E-05 0.53248 0.205767 0.0215394 0.240113
0.0574289 0.429537 0.274245 0.0468535 0.191935
0.0779867 0.408237 0.230513 0.0856511 0.197613
0.0480789 0.398186 0.27801 0.00326358 0.272462
0.107095 0.293648 0.250109 0.0282915 0.320856
0.06237 0.440354 0.35237 0.0214553 0.12345
0.0538313 0.377746 0.214933 0.0661032 0.287386
0.0279357 0.398424 0.299668 0.0331867 0.240785
0.111093 0.331185 0.278997 0.071922 0.206803
9.9991E-05 0.464542 0.276402 0.0374083 0.221548
9.9991E-05 0.403674 0.336845 0.0202642 0.239117
0.0688764 0.518559 0.153623 0.0648919 0.19405
0.106594 0.42778 0.166466 9.9991E-05 0.29906
0.0573673 0.364874 0.317477 9.9991E-05 0.260183
0.0686808 0.414275 0.225061 0.0843727 0.20761
9.9991E-05 0.375162 0.262711 0.0815814 0.280445
9.9982E-05 0.398189 0.299589 9.9982E-05 0.302022
0.0298454 0.364931 0.0740343 0.136386 0.394803
0.0521226 0.411948 0.367498 9.9991E-05 0.168332
0.046172 0.336106 0.14317 0.116113 0.358438
9.9991E-05 0.458529 0.251187 0.0717863 0.218398
0.02402 0.302423 0.283547 0.10118 0.288831
9.9991E-05 0.478384 0.22195 0.0694501 0.230116
0.089197 0.399389 0.306847 0.0496622 0.154905
0.00428269 0.404498 0.308493 0.0431397 0.239587
0.0173503 0.140209 0.0706309 0.13038 0.641429
0.0752577 0.262135 0.0294773 0.068946 0.564184
0.0447322 0.164687 0.0412697 0.0862232 0.663088
0.118544 0.192554 0.0555996 0.0632955 0.570007
9.9982E-05 0.120747 9.9982E-05 0.133641 0.745412
0.0488909 0.22815 0.0674191 0.0485689 0.606972
0.0608648 0.192536 0.0127956 0.118302 0.615502
9.9982E-05 0.223174 9.9982E-05 0.148454 0.628172
9.9991E-05 0.107358 0.0345946 0.115402 0.742545
0.0139167 0.191774 0.0204949 0.0728313 0.700983
0.057135 0.241888 0.00787832 0.10419 0.588909
0.106092 0.137984 0.0279277 0.0697566 0.65824
0.0838757 0.192179 0.0571771 0.0967934 0.569975
0.0380961 0.151211 0.0165605 0.0723058 0.721827
9.9982E-05 0.382589 9.9982E-05 0.0853622 0.531849
9.9991E-05 0.119759 0.0720401 0.0577414 0.750359
0.0146451 0.176161 0.0902875 0.0774019 0.641504
0.0435057 0.214483 0.0320653 0.121442 0.588504
9.9982E-05 0.225426 9.9982E-05 0.101052 0.673322
9.9991E-05 0.144139 0.081457 0.117163 0.657141
0.0718859 0.229126 9.9991E-05 0.0645436 0.634344
0.0705483 0.193631 0.0660702 0.087158 0.582592
0.0907515 0.0440072 0.104467 0.0608116 0.699963
0.125515 0.118082 0.00849021 0.0698718 0.67804
0.138891 0.171233 0.0335182 0.0503512 0.606007
0.0823826 0.133227 0.0367141 0.0482125 0.699464
0.054502 0.0544091 0.0382144 0.0156052 0.837269
0.0246021 0.163625 0.0479387 0.00775119 0.756083
0.146762 0.0851544 0.032791 0.0304424 0.70485
0.0087229 0.0169056 0.15375 0.0655181 0.755103
0.102838 0.118291 0.0520665 0.0462713 0.680533
0.0838109 0.125865 0.0759624 0.108958 0.605403
0.0377329 0.120436 9.9991E-05 0.0100995 0.831632
0.0209837 0.0743631 0.0522942 0.0387173 0.813642
0.0680437 0.183652 0.00365998 0.0628426 0.681802
0.0160073 0.112048 0.0533106 0.110671 0.707963
0.13949 0.121339 0.0672273 0.0248443 0.647099
0.139202 0.209549 0.0343156 9.9991E-05 0.616834
0.0245811 0.175305 9.9991E-05 0.0515828 0.748431
0.0238122 0.174141 9.9991E-05 0.045774 0.756173
0.14218 0.140888 0.0178455 0.0961058 0.602981
0.0915657 0.195308 0.0171897 0.103413 0.592524
0.102726 0.0514455 0.0466 0.111588 0.687641
0.134469 0.143093 0.0923362 0.0742864 0.555816
0.179885 0.118886 0.0566333 0.10176 0.542836
0.0285138 0.388504 0.0612463 0.0680565 0.453679
9.9991E-05 0.329641 0.0938996 0.116483 0.459876
9.9991E-05 0.375599 0.12688 0.0518511 0.44557
0.0569222 0.412839 0.0227827 0.120564 0.386893
0.111758 0.395244 0.00669708 0.0982188 0.388082
0.119754 0.343473 9.9991E-05 0.056309 0.480364
0.0825767 0.344865 0.0120194 0.154468 0.406071
0.0601529 0.34249 0.045141 0.0782906 0.473926
9.9982E-05 0.402164 9.9982E-05 0.105281 0.492355
0.0700263 0.263571 0.0983743 0.114436 0.453592
0.0483529 0.363485 0.0947543 0.104723 0.388685
0.0368145 0.461079 9.9991E-05 0.0895415 0.412465
0.0382973 0.345478 0.0969215 0.0837328 0.43557
0.0914641 0.277837 0.119567 0.0699595 0.441172
0.0245949 0.336866 0.0588082 0.113773 0.465958
0.0438678 0.46861 9.9991E-05 0.0700587 0.417363
0.0382885 0.269988 0.090485 0.0726036 0.528635
0.039585 0.291264 0.119908 0.083981 0.465262
0.0714632 0.447264 0.0116379 0.164008 0.305626
0.0731512 0.383788 0.055677 0.119238 0.368146
9.9991E-05 0.254464 0.113527 0.177138 0.454771
9.9991E-05 0.425384 0.063879 0.0995441 0.411093
9.9991E-05 0.3731 0.125206 0.116797 0.384797
9.9991E-05 0.345946 0.0562115 0.0964228 0.50132
0.0593866 0.439555 0.0106881 0.0961611 0.394209
0.0258329 0.42321 0.061932 0.0810348 0.40799
0.0157231 0.360065 0.0675363 0.0793053 0.477371
0.107059 0.327454 0.0329901 0.112331 0.420166
0.0687022 0.438359 0.0440982 0.125974 0.322867
0.0454716 0.39822 0.0295624 0.172086 0.35466
0.0390099 0.379749 0.0328533 0.0992003 0.449188
0.0776396 0.375618 0.0467045 0.158419 0.341619
0.0588946 0.345078 0.0135958 0.164704 0.417728
0.0491552 0.346 0.0378013 0.0978086 0.469235
0.00838815 0.385239 0.104673 0.116423 0.385276
0.00993108 0.382107 0.0351712 0.0915461 0.481244
0.0360929 0.390717 0.0360434 0.140197 0.39695
0.049847 0.407374 0.00828204 0.157612 0.376885
9.9991E-05 0.364045 0.0582683 0.128356 0.449231
0.05225 0.330659 0.0665158 0.0991997 0.451375
0.106154 0.283942 0.0988076 0.138106 0.37299
9.9991E-05 0.370923 0.107892 0.109349 0.411736
0.0410738 0.447828 0.0647675 0.0919908 0.35434
0.0685576 0.393066 0.0438435 0.146606 0.347927
0.00178687 0.380184 0.0774367 0.0645521 0.476041
0.0319703 0.283033 0.0736976 0.148454 0.462846
0.0394397 0.391503 0.0740673 0.0818428 0.413147
9.9982E-05 0.124485 0.838502 9.9982E-05 0.0368128
0.0413984 0.046385 0.823604 0.0807484 0.00786425
0.0226521 9.9982E-05 0.946661 0.0304873 9.9982E-05
9.9982E-05 0.00274429 0.967287 0.0297683 9.9982E-05
0.0128699 0.00352804 0.930284 0.0532182 9.9991E-05
0.0155078 0.0375735 0.898528 0.0482903 9.9991E-05
0.0283693 0.192103 0.709839 0.0278559 0.0418335
9.9991E-05 0.082162 0.89017 0.0213484 0.00621908
9.9973E-05 9.9973E-05 0.948303 0.0513969 9.9973E-05
0.0445437 0.0190996 0.923552 0.00927216 0.00353284
0.0512085 0.0842407 0.819027 0.010525 0.034999
0.0336516 9.9991E-05 0.838413 0.0436554 0.08418
0.0556254 9.9982E-05 0.935976 9.9982E-05 0.00819848
9.9973E-05 9.9973E-05 0.983791 0.0159093 9.9973E-05
9.9991E-05 0.0892976 0.836227 0.0456669 0.028708
9.9973E-05 0.00660777 0.993092 9.9973E-05 9.9973E-05
0.0183802 0.00456989 0.931138 0.00891238 0.0369999
9.9982E-05 0.0353771 0.913275 0.051148 9.9982E-05
0.00135962 9.9982E-05 0.989669 0.0087716 9.9982E-05
9.9991E-05 0.0837322 0.796451 0.0604138 0.0593032
9.9982E-05 0.0902839 0.844615 9.9982E-05 0.0649013
9.9991E-05 0.00803425 0.936538 0.034071 0.0212569
9.9991E-05 0.0356343 0.933586 0.00947125 0.0212087
9.9991E-05 0.140527 0.821928 0.000123371 0.037322
0.0541272 0.0863843 0.830994 0.0200807 0.00841385
0.0387599 0.0240312 0.804336 9.9991E-05 0.132773
0.0196708 9.9991E-05 0.933787 0.0121115 0.0343305
0.0230306 9.9982E-05 0.940648 0.036121 9.9982E-05
0.0172302 9.9973E-05 0.98247 9.9973E-05 9.9973E-05
0.0697651 9.9991E-05 0.856748 0.0626434 0.0107438
0.080226 0.0522785 0.800383 0.0491479 0.0179648
0.0700119 0.035136 0.85469 0.0331009 0.00706153
0.0336115 9.9982E-05 0.882506 9.9982E-05 0.0836823
0.0337517 9.9991E-05 0.89338 0.0420033 0.0307649
9.9991E-05 0.00855856 0.966995 0.00706413 0.0172825
0.0320572 0.0107407 0.753714 0.0628372 0.140651
0.013841 0.0365836 0.949375 9.9982E-05 9.9982E-05
0.00328995 9.9973E-05 0.99641 9.9973E-05 9.9973E-05
0.0700438 0.0643183 0.65584 0.0776996 0.132099
0.0087163 0.00752395 0.86645 0.0225725 0.094737
9.9973E-05 9.9973E-05 0.985587 0.0141128 9.9973E-05
0.0973945 0.0900162 0.735557 0.0309234 0.0461085
9.9973E-05 9.9973E-05 0.988064 9.9973E-05 0.0116365
0.0861188 0.00559217 0.782595 0.0965259 0.0291682
9.9973E-05 9.9973E-05 0.874736 9.9973E-05 0.124964
9.9982E-05 0.042156 0.910595 0.0470488 9.9982E-05
9.9973E-05 9.9973E-05 0.985669 0.0140314 9.9973E-05
0.116325 0.42406 0.459415 9.9982E-05 9.9982E-05
0.0958458 0.426278 0.477676 9.9982E-05 9.9982E-05
0.162977 0.438758 0.393674 0.00449068 9.9991E-05
0.144365 0.45177 0.365923 0.0257116 0.01223
0.0945056 0.349988 0.54012 0.00707914 0.00830721
0.168438 0.458601 0.365308 9.9991E-05 0.00755285
0.0982006 0.427221 0.453905 0.020573 9.9991E-05
0.136979 0.270251 0.536037 9.9991E-05 0.0566333
0.103474 0.357937 0.477987 9.9991E-05 0.0605016
0.175908 0.287031 0.434639 0.0156233 0.0867988
0.0913201 0.452488 0.444168 0.00123761 0.0107859
0.216368 0.28365 0.482512 9.9991E-05 0.0173695
0.126111 0.4538 0.419889 9.9982E-05 9.9982E-05
0.118703 0.423446 0.435572 9.9991E-05 0.0221798
0.207682 0.218209 0.460298 0.0692912 0.0445199
0.176612 0.383154 0.370191 0.0628974 0.00714518
0.171762 0.417304 0.405897 0.00493759 9.9991E-05
0.189323 0.357183 0.368925 0.0312281 0.0533403
0.11181 0.457731 0.38616 9.9991E-05 0.0441984
0.146198 0.466327 0.387275 9.9982E-05 9.9982E-05
0.127392 0.429346 0.418964 0.00550512 0.0187926
0.138781 0.388804 0.460009 9.9991E-05 0.0123056
0.15946 0.343814 0.496526 9.9982E-05 9.9982E-05
0.159172 0.342543 0.360789 0.0205562 0.11694
0.131099 0.377485 0.491216 9.9982E-05 9.9982E-05
0.109962 0.337789 0.492505 0.0203326 0.0394117
0.0990466 0.330906 0.518536 0.0514112 9.9991E-05
0.212311 0.246156 0.495433 0.00577157 0.0403276
0.177962 0.219112 0.573884 0.0234688 0.00557286
0.123898 0.316952 0.508759 0.0197464 0.0306444
0.121322 0.492286 0.289314 0.0753966 0.0216817
0.16871 0.271118 0.544387 9.9991E-05 0.0156856
0.173463 0.284002 0.427852 9.9991E-05 0.114583
0.128163 0.21892 0.574907 0.0215353 0.0564745
0.183204 0.217517 0.539404 0.0597755 9.9991E-05
0.121288 0.338587 0.539649 0.000375614 9.9991E-05
0.177574 0.265393 0.407095 0.0457371 0.104201
0.189269 0.288832 0.412601 0.0685096 0.0407893
0.159954 0.235241 0.571079 0.0336266 9.9991E-05
0.128173 0.353413 0.366247 0.0615947 0.0905722
0.121696 0.27598 0.602124 9.9982E-05 9.9982E-05
0.141445 0.317433 0.540547 0.000474073 9.9991E-05
0.154887 0.254131 0.447811 0.0618364 0.0813353
0.142739 0.311947 0.438622 0.000917218 0.105775
0.0957393 0.402844 0.49936 9.9991E-05 0.00195735
0.189544 0.24179 0.421179 0.0445696 0.102918
0.126356 0.195618 0.597944 0.0326863 0.0473949
0.182991 0.362615 0.454193 9.9982E-05 9.9982E-05
0.172436 0.349533 0.461298 0.0166333 9.9991E-05
0.119598 0.136508 0.578628 0.0343961 0.13087
0.818111 0.0604223 0.00942549 0.0447549 0.067286
0.830668 0.0447639 0.0399703 0.0314532 0.0531449
0.667132 0.104741 0.0169412 0.0227817 0.188405
0.816858 0.155133 9.9991E-05 0.00756323 0.0203464
0.781314 0.119266 0.000463108 0.0129656 0.0859909
0.84562 0.0962336 9.9991E-05 0.0114129 0.0466337
0.821741 0.0995862 9.9991E-05 0.00128976 0.0772829
0.836555 0.0479183 9.9991E-05 0.0378006 0.0776264
0.795885 0.0950687 0.00735147 9.9991E-05 0.101595
0.880925 0.0910884 9.9982E-05 9.9982E-05 0.0277863
0.815356 0.0830204 9.9991E-05 0.0446235 0.0568997
0.80113 0.0211066 0.0456616 0.0543134 0.0777881
0.916121 0.0584415 9.9982E-05 9.9982E-05 0.0252374
0.897296 0.0620143 9.9982E-05 0.0404894 9.9982E-05
0.798845 0.133102 0.0127738 0.0379523 0.0173269
0.88327 0.0443172 0.00723304 0.0536461 0.0115337
0.907824 0.0623366 9.9982E-05 0.0296391 9.9982E-05
0.78206 0.0241258 9.9991E-05 0.0616479 0.132067
0.863741 0.0475304 9.9991E-05 0.0283101 0.0603187
0.726704 0.059998 0.0307303 0.016238 0.16633
0.810907 0.127908 9.9982E-05 0.0609855 9.9982E-05
0.834466 0.010313 0.0182017 0.0192431 0.117776
0.823072 0.0767172 9.9982E-05 9.9982E-05 0.100011
0.893385 0.0444561 9.9982E-05 9.9982E-05 0.0619592
0.737643 0.129707 0.024019 0.0211614 0.0874702
0.768186 0.128122 9.9991E-05 0.0126133 0.0909787
0.746056 0.0117579 0.0149057 0.0804939 0.146787
0.787749 0.147317 9.9991E-05 0.00927485 0.0555596
0.685584 9.9991E-05 0.0193 0.133207 0.161809
0.847428 0.0359108 9.9991E-05 0.0628154 0.0537453
0.781914 0.0838421 9.9991E-05 0.0232802 0.110864
0.851933 0.142004 9.9982E-05 9.9982E-05 0.00586278
0.884852 0.0282892 9.9991E-05 0.0276443 0.0591146
0.86162 0.0309764 9.9991E-05 0.0242103 0.0830938
0.689323 0.12828 0.0202673 0.0508871 0.111243
0.842077 0.055677 0.0333057 0.0400427 0.0288979
0.819918 0.0586327 0.0118813 0.00438243 0.105186
0.888832 0.00744464 9.9991E-05 0.0181206 0.0855032
0.844864 0.0825185 9.9991E-05 0.0212594 0.0512585
0.827313 0.0388483 9.9991E-05 0.0515641 0.0821743
0.888833 0.0621138 9.9991E-05 0.00964088 0.0393127
0.868807 0.0782678 9.9982E-05 9.9982E-05 0.0527254
0.885609 0.0318161 0.00338818 0.075771 0.00341621
0.767069 0.0780196 0.019097 0.0592775 0.0765366
0.848167 0.0710636 9.9991E-05 0.0226875 0.057982
0.837482 0.0082173 0.0113519 9.9991E-05 0.142849
0.85782 0.0181088 9.9991E-05 0.0698714 0.0540998
0.848118 9.9991E-05 0.031038 0.0370223 0.0837217
0.89724 9.9982E-05 9.9982E-05 0.0443973 0.058163
0.840187 0.0438063 0.00598324 0.0618335 0.0481896
0.0196917 0.963084 0.0170239 9.9982E-05 9.9982E-05
0.0324252 0.791496 0.0668314 0.0238281 0.0854197
0.0274541 0.85984 0.107759 9.9991E-05 0.00484687
0.0199904 0.56759 0.106556 0.0825184 0.223345
0.0258561 0.783929 0.0878865 0.0170126 0.0853153
9.9982E-05 0.830955 9.9982E-05 0.0275601 0.141285
0.0448949 0.855866 9.9991E-05 0.0143896 0.0847493
0.0524767 0.856061 9.9991E-05 0.0109512 0.0804114
0.105632 0.821331 0.00763877 0.0250852 0.0403128
0.0108197 0.819476 0.00990774 0.114098 0.0456984
0.0788309 0.646906 0.0975133 0.0178603 0.158889
0.106547 0.692118 0.0813998 0.0163953 0.10354
0.0349491 0.835122 0.0263486 0.0873516 0.0162282
0.0231318 0.747302 0.162157 0.067309 9.9991E-05
0.0827352 0.844671 0.065449 0.0010699 0.00607469
0.113393 0.759574 0.0857069 0.0412256 9.9991E-05
0.14701 0.62031 0.0809481 0.134365 0.0173657
9.9991E-05 0.837078 0.0711352 0.0238091 0.0678779
0.0467372 0.880036 0.0532703 0.006249 0.0137071
0.0718421 0.777084 0.0943312 0.00906321 0.0476796
0.0467703 0.79864 0.115707 0.0387827 9.9991E-05
9.9982E-05 0.890682 0.0434323 9.9982E-05 0.0656859
0.103674 0.831682 0.064444 9.9982E-05 9.9982E-05
0.0246726 0.877322 0.0678598 0.00252588 0.0276198
0.0455642 0.795688 0.0359925 0.0577797 0.0649761
9.9991E-05 0.71383 0.0988268 0.0367626 0.15048
0.0969241 0.86758 0.00937189 9.9991E-05 0.0260239
0.0823043 0.790212 0.0643585 9.9991E-05 0.0630251
9.9982E-05 0.748568 0.125377 9.9982E-05 0.125855
0.0603115 0.806784 0.0597735 0.0288515 0.0442797
0.0728796 0.784856 0.0654551 0.0111163 0.065693
0.0246869 0.96434 9.9982E-05 9.9982E-05 0.010773
0.100157 0.834166 0.0517172 0.0138598 9.9991E-05
0.0852909 0.855343 0.0163224 0.0429432 9.9991E-05
0.0784173 0.63868 0.100153 0.00210549 0.180644
9.9991E-05 0.850739 0.049289 0.0372945 0.0625778
9.9991E-05 0.890187 0.0384762 0.0579852 0.013252
0.0151078 0.924955 0.059046 0.000791453 9.9991E-05
0.0393162 0.797581 0.103436 0.0438098 0.0158569
0.0419421 0.802916 0.0604983 0.0924279 0.00221568
0.0492788 0.754914 0.0551107 0.124924 0.0157729
0.0570296 0.75596 0.041852 0.0421382 0.10302
0.034324 0.820012 0.066717 0.0105406 0.0684062
0.0519515 0.863977 9.9991E-05 0.0272692 0.056702
0.0710026 0.617863 0.0857981 0.0514862 0.17385
0.0229037 0.788823 0.154127 0.034046 9.9991E-05
0.726015 9.9991E-05 0.11689 0.0240777 0.132918
0.567585 0.111631 0.103013 0.0435028 0.174269
0.77959 0.0233993 0.0889597 0.0496953 0.0583561
0.797844 9.9991E-05 0.122978 0.0194615 0.0596164
0.729527 0.0130364 0.126768 0.00416764 0.126502
0.795748 0.0719737 0.0857154 0.00755431 0.0390087
0.744919 0.0592895 0.138561 0.0327449 0.0244857
0.771314 0.0317423 0.103996 0.0379864 0.0549617
0.778358 9.9991E-05 0.134253 0.0356236 0.0516647
0.654786 0.0315009 0.117702 0.051819 0.144192
0.690391 0.0406885 0.134493 9.9991E-05 0.134328
0.764818 9.9982E-05 0.154909 9.9982E-05 0.0800724
0.787123 0.0044235 0.0985267 0.0155835 0.0943436
0.815712 0.0685848 0.0597623 0.0322229 0.0237179
0.648877 9.9991E-05 0.128543 0.0267707 0.19571
0.606583 0.158497 0.114877 0.0306463 0.0893974
0.484292 0.116787 0.130898 0.101534 0.16649
0.709343 0.0553909 0.103702 0.00786236 0.123702
0.708938 0.00322683 0.17425 0.00232788 0.111257
0.754543 9.9991E-05 0.145465 0.00940989 0.0904827
0.762367 9.9991E-05 0.138389 0.0105437 0.0886002
0.685215 0.0527493 0.1467 0.00515369 0.110182
0.743473 9.9982E-05 0.140525 9.9982E-05 0.115802
0.788046 0.00306643 0.144088 9.9991E-05 0.0646993
0.760472 9.9991E-05 0.143808 0.002836 0.092784
0.772592 9.9982E-05 0.169269 9.9982E-05 0.0579385
0.72321 9.9982E-05 0.139573 9.9982E-05 0.137017
0.647106 9.9991E-05 0.113854 0.0412104 0.19773
0.787122 9.9991E-05 0.112498 0.0363947 0.0638857
0.776594 9.9991E-05 0.167824 0.00861903 0.0468637
0.779733 9.9982E-05 0.204195 9.9982E-05 0.0158722
0.762998 9.9991E-05 0.167563 0.00157165 0.0677675
0.787255 9.9991E-05 0.1045 0.0134455 0.0946993
0.669563 0.024907 0.150118 0.0212857 0.134126
0.783703 9.9991E-05 0.17409 0.0110266 0.0310803
0.709345 0.00391102 0.162337 0.0113161 0.113091
0.794458 9.9991E-05 0.11769 0.00565059 0.0821023
0.822958 9.9982E-05 0.114008 9.9982E-05 0.0628343
0.831789 9.9982E-05 0.100182 9.9982E-05 0.0678288
0.824648 0.000591301 0.129261 9.9991E-05 0.0453996
0.809581 9.9982E-05 0.141399 9.9982E-05 0.0488207
0.822719 9.9982E-05 0.117865 9.9982E-05 0.0592156
0.777168 9.9982E-05 0.157364 9.9982E-05 0.0652674
0.86811 9.9982E-05 0.072029 9.9982E-05 0.0596613
0.730383 9.9982E-05 0.148799 9.9982E-05 0.120618
0.0203521 0.0278549 0.0650662 0.857198 0.0295292
9.9982E-05 9.9982E-05 0.0791432 0.909687 0.0109698
0.0497723 0.0700179 0.00460374 0.81823 0.0573763
9.9991E-05 0.0143846 0.109238 0.829416 0.0468614
9.9982E-05 0.0329847 0.023389 0.943426 9.9982E-05
9.9982E-05 9.9982E-05 0.0294186 0.947253 0.0231286
9.9982E-05 0.0803355 0.0153794 0.904085 9.9982E-05
0.0266416 0.120995 0.0623963 0.616385 0.173582
0.0345205 9.9991E-05 0.0111326 0.856192 0.0980552
0.0155929 0.0254706 9.9982E-05 0.958737 9.9982E-05
0.0855741 0.0568529 0.0737049 0.753506 0.0303625
0.0596146 0.104887 0.0223418 0.707008 0.106148
0.0393737 9.9991E-05 0.0169022 0.91378 0.0298444
9.9973E-05 0.055451 9.9973E-05 0.944249 9.9973E-05
0.0214256 0.0606437 9.9991E-05 0.865862 0.0519687
9.9973E-05 9.9973E-05 0.0236512 0.976049 9.9973E-05
0.0267809 0.00512439 0.01964 0.789555 0.1589
0.0371661 0.00846789 0.0126515 0.941615 9.9991E-05
0.0597507 0.113315 0.0116623 0.805382 0.00988973
9.997E-05 9.997E-05 9.997E-05 0.9996 9.997E-05
0.0163264 9.9991E-05 0.00357514 0.941018 0.0389808
9.9982E-05 0.0922255 9.9982E-05 0.858185 0.0493895
9.9991E-05 0.066899 0.0313386 0.79774 0.103922
9.9973E-05 0.0249122 9.9973E-05 0.974788 9.9973E-05
0.0561623 0.0693231 0.0602924 0.784372 0.0298507
9.9982E-05 0.0224397 9.9982E-05 0.860567 0.116793
9.9982E-05 0.105273 9.9982E-05 0.860815 0.0337124
0.0551263 0.0478713 0.018204 0.740671 0.138127
0.0338108 9.9982E-05 0.0115504 0.954439 9.9982E-05
0.0202652 0.0418963 9.9991E-05 0.891012 0.0467267
0.0378281 0.0582867 0.00473357 0.899052 9.9991E-05
0.0412418 0.0199909 9.9982E-05 0.938567 9.9982E-05
0.0188118 0.0121678 9.9982E-05 0.96882 9.9982E-05
0.0101115 0.0572365 9.9982E-05 0.932452 9.9982E-05
0.00338384 9.9982E-05 0.0597677 0.936649 9.9982E-05
9.9982E-05 0.0866406 9.9982E-05 0.85126 0.0618994
9.9982E-05 0.104951 9.9982E-05 0.864979 0.0298702
0.0214435 9.9982E-05 0.00860476 0.969752 9.9982E-05
0.03022 9.9973E-05 9.9973E-05 0.96948 9.9973E-05
0.0368007 9.9991E-05 0.0217302 0.894497 0.0468725
9.9991E-05 0.0314926 0.0234981 0.860158 0.0847515
0.0395631 0.135509 0.0401752 0.657059 0.127694
0.00283622 0.106268 0.0523819 0.736558 0.101957
0.00986773 0.0529569 9.9982E-05 0.936975 9.9982E-05
9.9982E-05 0.0256264 0.0285702 0.945603 9.9982E-05
9.9982E-05 0.0347169 0.0589859 0.906097 9.9982E-05
0.0011655 9.9973E-05 9.9973E-05 0.998535 9.9973E-05
0.0650283 0.00954455 0.0438427 0.881484 9.9991E-05
0.00299564 0.335093 9.9991E-05 0.227637 0.434174
0.0258464 0.29235 9.9991E-05 0.304999 0.376705
0.0219095 0.244615 9.9991E-05 0.316205 0.41717
9.9991E-05 0.203867 0.0344761 0.27102 0.490537
9.9982E-05 0.283418 9.9982E-05 0.231621 0.484761
0.0405207 0.262842 0.0131182 0.281423 0.402096
0.0372086 0.317176 9.9991E-05 0.290701 0.354815
0.0514842 0.325811 0.0140047 0.302952 0.305748
0.0484836 0.279026 9.9991E-05 0.281795 0.390596
0.0183739 0.402779 0.00469575 0.175751 0.398401
0.0228008 0.345393 0.0625824 0.301008 0.268215
9.9982E-05 0.358147 9.9982E-05 0.271339 0.370313
0.0199057 0.305957 9.9991E-05 0.256429 0.417608
0.0429387 0.252494 0.0416563 0.258307 0.404604
0.0361718 0.303482 9.9991E-05 0.265941 0.394305
0.0387218 0.295766 9.9991E-05 0.181155 0.484257
0.00235068 0.242211 0.0343767 0.241756 0.479306
9.9991E-05 0.255974 0.0383787 0.277655 0.427892
0.0790904 0.328699 0.0505832 0.218738 0.322889
0.0214005 0.358503 0.0297196 0.285714 0.304663
0.0228366 0.334722 9.9991E-05 0.246954 0.395387
0.0360656 0.251776 9.9991E-05 0.289825 0.422234
0.0408636 0.300625 9.9991E-05 0.273345 0.385066
0.0511595 0.246601 0.0147441 0.284091 0.403405
0.00672645 0.286684 9.9991E-05 0.226703 0.479786
9.9982E-05 0.384111 9.9982E-05 0.276484 0.339205
9.9982E-05 0.279129 9.9982E-05 0.322007 0.398664
9.9982E-05 0.389061 9.9982E-05 0.310913 0.299825
9.9982E-05 0.323795 9.9982E-05 0.299887 0.376117
9.9982E-05 0.334226 9.9982E-05 0.323042 0.342532
0.057331 0.290407 0.00134609 0.291288 0.359627
9.9982E-05 0.414358 9.9982E-05 0.239974 0.345468
9.9991E-05 0.247099 0.0152878 0.285851 0.451662
0.0127257 0.284685 9.9991E-05 0.256884 0.445606
9.9982E-05 0.334832 9.9982E-05 0.332373 0.332595
9.9982E-05 0.353236 9.9982E-05 0.281033 0.36553
0.0836813 0.271308 0.0908914 0.243128 0.310992
0.0692883 0.35626 9.9991E-05 0.269442 0.304909
0.0311223 0.300629 0.052544 0.223367 0.392338
9.9982E-05 0.279378 9.9982E-05 0.30251 0.417913
0.0307981 0.27553 0.00362212 0.323957 0.366093
0.0164216 0.276415 0.0398617 0.29652 0.370782
0.0977859 0.289029 9.9991E-05 0.288561 0.324524
0.0923593 0.243106 0.0209456 0.222413 0.421176
0.0799165 0.282348 9.9991E-05 0.315639 0.321996
0.00119656 0.309274 9.9991E-05 0.266945 0.422484
0.0471879 0.280931 9.9991E-05 0.255061 0.41672
9.9991E-05 0.35936 0.00946965 0.227998 0.403072
0.0348157 0.18238 0.0222038 0.354503 0.406097
0.11841 0.244035 0.0397422 0.286969 0.310845
0.130613 0.131835 0.0949753 0.0582948 0.584282
0.0747367 0.168101 9.9991E-05 0.132405 0.624658
0.0710852 0.1505 0.0404425 0.11577 0.622202
9.9991E-05 0.115997 0.0233998 0.111865 0.748638
0.111193 0.107054 0.0663019 0.0830118 0.632439
9.9991E-05 0.187852 0.00926303 0.0920873 0.710697
0.0511849 0.170302 0.042539 0.0685377 0.667436
0.0192295 0.158142 0.0161132 0.0501303 0.756385
0.0558062 0.222654 0.0047219 0.0896957 0.627123
0.0637938 0.128126 0.0210528 0.117027 0.670001
9.9991E-05 0.0784162 0.0327086 0.138455 0.750321
0.0207284 0.170536 9.9991E-05 0.0695739 0.739061
0.0998471 0.141494 0.0130777 0.103608 0.641974
0.0613692 0.116021 0.0040405 0.0963456 0.722224
0.0390708 0.198275 0.028889 0.030702 0.703063
0.0714844 0.117204 0.110906 0.157744 0.542661
9.9991E-05 0.156749 0.0336183 0.0917592 0.717774
0.0817599 0.160392 9.9991E-05 0.129929 0.627819
9.9982E-05 0.128057 9.9982E-05 0.102507 0.769236
9.9991E-05 0.225253 0.000802629 0.108227 0.665618
0.0696879 0.102181 0.0410739 0.0322261 0.754831
0.0776228 0.0879543 0.022718 0.0606982 0.751007
0.128996 9.9991E-05 0.0472052 0.0563361 0.767363
0.109269 0.0146926 0.100171 0.0601058 0.715762
0.143183 0.0689884 0.102354 0.0175879 0.667887
0.118921 0.023701 0.0790181 0.0415018 0.736858
0.148625 0.00509632 0.0480041 0.0758966 0.722378
0.111865 0.0233582 0.111456 0.0638259 0.689495
0.0624272 0.0575807 0.0948929 0.072692 0.712407
0.12908 9.9991E-05 0.0308214 0.0532593 0.78674
0.0690174 9.9991E-05 0.0888521 0.0818134 0.760217
0.136495 0.0148597 0.0884651 0.0232502 0.73693
0.189189 0.00565875 0.0779198 0.0368351 0.690398
0.109418 9.9991E-05 0.0556865 0.0165525 0.818243
9.9982E-05 9.9982E-05 0.114681 0.0690043 0.816115
0.089629 9.9991E-05 0.0722033 0.0817374 0.75633
0.0957168 0.0644875 0.0545197 0.0557329 0.729543
0.130184 0.0127101 0.122444 0.0357184 0.698943
0.116982 0.0114143 0.0380712 0.0325527 0.800979
0.0907519 9.9991E-05 0.107709 0.0683713 0.733068
0.0810431 0.0337978 0.0582297 0.0870656 0.739864
0.14189 9.9991E-05 0.0282206 0.0490633 0.780727
0.0957491 0.0869564 0.00948125 0.027286 0.780527
0.0824322 0.206523 0.0522916 0.0477838 0.610969
0.0540628 0.117304 0.0313737 0.0421312 0.755128
0.0814503 0.186994 9.9991E-05 0.115598 0.615858
9.9991E-05 0.136735 0.0249601 0.0123404 0.825865
0.0865686 0.0896454 0.0240066 0.102927 0.696852
0.0434791 0.113863 0.0414169 0.0410648 0.760176
0.0684066 0.166935 0.0298862 0.0534687 0.681304
0.0654255 0.053668 9.9991E-05 0.118889 0.761918
9.9982E-05 0.132564 9.9982E-05 0.150495 0.716741
0.154027 0.217906 0.002843 0.10009 0.525133
0.0276552 0.159419 9.9991E-05 0.11083 0.701996
0.194237 0.215815 0.0316327 0.0702363 0.48808
9.9991E-05 0.171361 0.0213551 0.0965457 0.710638
0.0885633 0.155295 0.00145644 0.107325 0.647361
0.0725209 0.0696165 0.0549683 0.0824477 0.720447
0.179262 0.101694 0.0113189 0.108565 0.59916
0.0903369 0.141433 0.00256976 0.0895893 0.67607
0.0191298 0.167953 0.0468628 0.130247 0.635807
0.0978279 0.163611 0.0236158 0.0326795 0.682266
0.0897215 0.0929267 0.0279445 0.10982 0.679587
0.133589 0.197722 0.0160992 0.0572598 0.59533
0.00275418 0.10572 0.0627791 0.09068 0.738067
0.0760548 0.147263 0.00244517 0.125809 0.648428
0.154058 0.0874852 9.9991E-05 0.096207 0.66215
0.122584 0.113485 0.0572319 0.0152892 0.69141
0.0986548 0.0166965 0.058915 0.107252 0.718482
0.152951 0.171258 9.9991E-05 0.0595715 0.61612
0.0862083 0.0243231 0.0865955 0.111471 0.691402
0.0842884 0.0421 0.023824 0.0892275 0.76056
0.123609 0.0584395 0.0105402 0.109772 0.697639
0.103523 0.0442959 0.0728379 0.0576856 0.721658
0.0759561 0.0287739 0.0849813 0.103716 0.706573
0.0340089 0.00689898 0.0998373 0.120205 0.73905
0.0477641 0.132997 0.00482976 0.0497935 0.764616
0.0841172 0.0918412 0.0278618 0.0769699 0.71921
0.0476359 0.0332075 0.0868198 0.100231 0.732106
0.131394 0.039798 9.9991E-05 0.0612006 0.767507
0.143538 9.9991E-05 0.0655257 0.0487494 0.742087
0.0830423 0.134918 0.00324277 0.0687641 0.710033
0.1237 0.11234 0.00370329 0.041857 0.7184
0.110829 0.0525317 0.108017 0.0659498 0.662673
