0.0774847 0.194168 0.0334699 0.0152679 0.250064 0.429546
0.00748835 0.155766 0.0615525 0.0765067 0.175355 0.523332
0.0584881 0.0334563 0.128435 0.335273 0.386705 0.0576428
0.347372 0.144885 0.0820799 0.200498 0.0929519 0.132214
9.999E-05 0.241408 0.291206 0.209549 0.215527 0.0422102
9.9982E-05 0.0703155 9.9982E-05 0.234621 0.429201 0.265662
0.441892 0.116085 0.242851 9.9982E-05 0.198972 9.9982E-05
9.9991E-05 0.138831 0.379129 0.0425363 0.24699 0.192415
9.9982E-05 9.9982E-05 0.196452 0.0200098 0.301019 0.482319
0.432734 0.0270418 0.0947862 0.121453 0.143139 0.180846
0.037808 0.059521 0.11227 0.0718073 0.474421 0.244173
0.123978 9.9982E-05 9.9982E-05 0.0633204 0.239428 0.573074
0.343184 0.143518 0.250378 0.0255339 0.00632542 0.231061
0.0127735 9.9973E-05 9.9973E-05 9.9973E-05 0.305073 0.681853
0.154874 0.0620104 0.141138 9.9991E-05 0.254436 0.387441
0.29421 9.99731E-05 0.0618934 9.99731E-05 9.99731E-05 0.643597
9.9982E-05 9.9982E-05 0.130537 0.115016 0.319215 0.435032
0.0866167 0.189081 0.124376 0.0424662 0.0802514 0.477208
0.482838 0.027111 9.9982E-05 9.9982E-05 0.0891151 0.400736
0.315979 0.161911 0.120065 0.128507 0.0124796 0.261058
0.075566 0.140713 0.174661 0.114392 0.0649858 0.429681
0.119479 0.0888851 0.117998 0.0739609 0.136412 0.463265
0.490164 9.9964E-05 9.9964E-05 9.9964E-05 9.9964E-05 0.509436
0.199906 0.158739 0.098891 0.0273793 0.342476 0.172608
0.197111 0.121924 0.167721 0.0991623 0.306815 0.107267
9.999E-05 0.151383 0.0948269 0.150821 0.119035 0.483834
0.205623 0.10149 9.9982E-05 0.245167 9.9982E-05 0.44752
0.126881 0.205811 9.9991E-05 0.114747 0.13049 0.421972
0.232899 0.0753495 0.139505 0.253778 0.115968 0.182501
0.295029 0.0692965 0.0521705 9.9991E-05 0.0205087 0.562895
0.105796 0.135673 0.257894 9.9982E-05 9.9982E-05 0.500437
0.114975 0.0021963 0.00714639 9.9991E-05 0.199449 0.676134
0.329527 0.137702 0.105441 0.102987 0.290757 0.0335863
0.122129 0.0490256 0.112801 0.0672625 0.361365 0.287417
0.308793 0.0807732 0.0961464 9.9982E-05 9.9982E-05 0.514088
0.325916 0.0863032 0.382424 0.0445657 9.9991E-05 0.160691
0.342712 9.9982E-05 0.0291487 9.9982E-05 0.284563 0.343377
0.487345 0.0751795 0.0950067 0.0340851 0.122844 0.18554
9.9991E-05 0.188414 0.165997 0.217361 0.022001 0.406127
0.114615 0.0993018 0.262064 9.9982E-05 9.9982E-05 0.523819
0.081042 0.0652179 0.00352536 0.132306 0.287692 0.430217
0.257071 0.101673 0.274665 9.9991E-05 0.0380088 0.328482
0.195622 0.155424 0.16886 0.0207421 9.9991E-05 0.459251
0.0449434 0.278341 9.9991E-05 0.192903 0.282342 0.20137
0.35514 0.185647 0.0975359 0.171551 0.00947437 0.180652
0.0698134 9.99821E-05 0.229419 9.99821E-05 0.150836 0.549732
9.9982E-05 9.9982E-05 0.414896 0.093437 0.367264 0.124203
0.160309 0.203498 0.365737 9.9991E-05 0.114288 0.156069
0.130241 9.9982E-05 0.442672 9.9982E-05 0.151341 0.275546
0.243871 0.0821415 0.506919 0.105298 0.00394435 0.0578273
0.422073 0.0220724 0.175801 9.9982E-05 9.9982E-05 0.379854
9.9973E-05 9.9973E-05 0.273101 9.9973E-05 0.179249 0.54735
0.0847388 9.9982E-05 0.473963 9.9982E-05 0.16411 0.276988
0.309544 9.9973E-05 0.436719 9.9973E-05 0.253437 9.9973E-05
9.9991E-05 0.0584269 0.313766 0.0394485 0.164164 0.424094
0.0774905 0.233056 0.484593 9.9991E-05 0.15452 0.0502403
0.318056 9.9982E-05 0.416956 0.11784 0.146948 9.9982E-05
0.0762395 0.0434756 0.135936 9.9991E-05 0.474511 0.269738
0.139606 9.9982E-05 0.211475 9.9982E-05 0.284484 0.364235
0.217881 9.9982E-05 0.578148 0.0154481 0.188323 9.9982E-05
0.131182 0.049218 0.577738 9.9991E-05 0.219044 0.0227193
0.238752 9.9973E-05 0.425658 9.9973E-05 9.9973E-05 0.33529
0.106272 9.9973E-05 0.49167 9.9973E-05 9.9973E-05 0.401758
9.9982E-05 0.0739411 0.438966 0.0903924 0.3965 9.9982E-05
0.628232 0.033331 0.260489 9.9982E-05 0.077748 9.9982E-05
9.9991E-05 0.0735442 0.539126 0.0731635 0.158002 0.156064
0.161578 9.9991E-05 0.156774 0.164125 0.34243 0.174993
9.9982E-05 0.0637589 0.440822 9.9982E-05 0.217008 0.278211
0.0928783 0.205796 0.38861 0.0209779 0.230132 0.0616062
0.0978982 0.117536 0.390233 9.9991E-05 0.36207 0.0321623
0.192117 9.9991E-05 0.0852296 0.0886616 0.525308 0.108584
0.11678 0.118738 0.316018 0.172075 0.276288 9.9991E-05
9.9991E-05 0.0664568 0.608267 0.0299649 0.184493 0.110718
0.0927281 0.050281 0.594636 0.0463966 0.113137 0.102822
9.9991E-05 0.0436483 0.321786 0.0938813 0.235696 0.304887
0.636078 9.9982E-05 0.19364 9.9982E-05 0.0704188 0.0996629
0.564317 0.0704336 0.36495 9.9973E-05 9.9973E-05 9.9973E-05
0.100576 9.9991E-05 0.389416 0.142263 0.165338 0.202307
0.209846 9.99731E-05 0.605019 0.184835 9.99731E-05 9.99731E-05
0.188923 9.9991E-05 0.401159 0.0415782 0.316744 0.0514961
0.23578 0.186864 0.125581 9.9982E-05 0.451576 9.9982E-05
0.094519 0.0929318 0.394918 0.102746 0.152721 0.162164
0.621107 9.9964E-05 0.378493 9.9964E-05 9.9964E-05 9.9964E-05
0.287103 9.9991E-05 0.346406 0.0103445 0.194329 0.161718
9.9982E-05 0.0440258 0.300972 9.9982E-05 0.517922 0.13688
0.0135092 9.9982E-05 9.9982E-05 0.716455 0.150624 0.119212
0.00687889 9.9991E-05 0.0904116 0.615126 0.0292391 0.258244
0.281377 9.9973E-05 9.9973E-05 0.585248 9.9973E-05 0.133075
0.396885 0.0446977 0.0406051 0.403529 0.069536 0.044748
0.204221 9.9982E-05 0.00787822 0.745381 9.9982E-05 0.0423201
9.9973E-05 0.0258743 9.9973E-05 0.737674 0.236151 9.9973E-05
0.0877661 0.0404844 0.104391 0.638952 0.0982049 0.0302008
9.9991E-05 0.187947 0.0258152 0.744479 0.0380528 0.00360575
0.445539 0.00822688 9.9973E-05 0.545934 9.9973E-05 9.9973E-05
9.9982E-05 0.121503 0.0107523 0.632847 9.9982E-05 0.234698
9.9964E-05 9.9964E-05 9.9964E-05 0.825428 0.174172 9.9964E-05
0.154437 9.99731E-05 9.99731E-05 0.551755 0.293507 9.99731E-05
9.9982E-05 0.0989435 9.9982E-05 0.329987 0.375783 0.195086
0.0349234 0.0815136 9.9982E-05 0.721978 9.9982E-05 0.161385
0.0900306 9.9973E-05 0.0609047 0.848765 9.9973E-05 9.9973E-05
9.99731E-05 9.99731E-05 0.0314564 0.927256 0.0409877 9.99731E-05
0.225815 0.0293439 0.0264208 0.70199 0.0163311 9.9991E-05
0.0993998 0.125583 9.9991E-05 0.359292 0.177856 0.23777
9.9982E-05 0.132788 0.0798014 0.656581 9.9982E-05 0.13063
9.9982E-05 0.0407851 0.0230976 0.828638 9.9982E-05 0.107279
0.286933 0.0272227 0.0155971 0.670047 9.9982E-05 9.9982E-05
9.9982E-05 0.00547644 0.147484 0.504384 9.9982E-05 0.342455
0.128857 9.99821E-05 0.136581 0.71532 0.0190422 9.99821E-05
9.99731E-05 0.0230881 9.99731E-05 0.650533 9.99731E-05 0.326079
0.0814173 0.0692719 9.9982E-05 0.789614 0.0594966 9.9982E-05
0.0249326 9.9982E-05 9.9982E-05 0.671349 0.00012644 0.303392
9.9973E-05 9.9973E-05 0.117987 0.475561 9.9973E-05 0.406152
9.9982E-05 0.0461563 0.15941 0.710842 9.9982E-05 0.0833915
0.10608 0.0453509 9.9991E-05 0.661837 0.155875 0.0307568
9.99641E-05 9.99641E-05 9.99641E-05 0.823207 0.176393 9.99641E-05
0.0246913 0.0414164 0.152044 0.466572 9.9991E-05 0.315176
0.107286 9.9973E-05 9.9973E-05 0.602804 0.28961 9.9973E-05
9.9982E-05 0.0235235 9.9982E-05 0.411726 0.361593 0.202957
9.9982E-05 0.0338063 0.084952 0.666632 9.9982E-05 0.214409
9.9973E-05 0.243604 9.9973E-05 0.567547 0.188549 9.9973E-05
9.9991E-05 0.0477152 0.163012 0.525456 0.0550815 0.208636
9.9973E-05 9.9973E-05 9.9973E-05 0.541938 0.114563 0.3432
0.140559 9.9991E-05 0.044216 0.622339 0.147069 0.0457168
0.0993384 0.0181737 0.0351577 0.52931 0.183455 0.134565
0.0552942 0.0187379 9.9982E-05 0.761839 9.9982E-05 0.163929
0.218916 0.0470352 0.246252 0.380194 9.9991E-05 0.107503
9.9991E-05 0.019236 0.453453 0.0801168 0.380243 0.0668514
0.048734 0.119204 0.444614 0.0727703 0.0784629 0.236215
0.194543 0.172067 0.177595 0.0325217 0.154144 0.269129
9.9991E-05 0.108795 0.509705 0.216227 0.0626614 0.102512
0.0991161 0.114105 0.0879138 0.0516072 0.494633 0.152625
0.069161 0.0901897 0.384794 9.9991E-05 0.399473 0.0562822
0.140998 0.137011 0.302325 0.0953694 0.290214 0.0340835
0.317666 0.0276426 0.280354 9.9991E-05 0.30756 0.0666773
0.30832 0.0221582 0.251379 0.0230153 0.225179 0.169949
0.255994 0.245226 0.432524 9.9982E-05 9.9982E-05 0.0660551
0.415106 0.107747 0.274803 0.0959561 0.106287 9.9991E-05
0.280593 0.122285 0.535885 9.9982E-05 9.9982E-05 0.0610367
0.0165093 9.9991E-05 0.523046 0.142968 0.254035 0.0633428
0.113029 0.0811457 0.648783 0.0393238 0.117619 9.9991E-05
9.9973E-05 9.9973E-05 0.350995 9.9973E-05 0.349053 0.299652
0.305146 9.99731E-05 0.495131 9.99731E-05 0.199424 9.99731E-05
9.9991E-05 0.0255504 0.398151 0.0213196 0.255844 0.299035
0.52963 9.9982E-05 0.124124 0.0427945 0.303252 9.9982E-05
0.202421 0.0342145 0.325873 9.9991E-05 0.408842 0.0285486
0.0469516 0.117309 0.0784033 0.103681 0.429681 0.223974
0.239418 0.0857285 0.165343 0.19886 0.185206 0.125444
0.158443 0.180154 9.9991E-05 0.206946 0.270643 0.183714
0.193885 0.164952 0.0785563 0.197514 0.0219086 0.343184
0.137407 0.064836 0.0388386 0.427478 0.203916 0.127525
0.0937654 0.108282 9.9991E-05 0.166626 0.322815 0.308412
0.229265 0.0228509 9.9991E-05 0.260233 0.0728901 0.41466
9.9982E-05 0.0103732 9.9982E-05 0.294175 0.0940306 0.601222
9.9982E-05 0.0927232 0.196527 0.33517 9.9982E-05 0.37538
0.416167 0.0498181 9.9991E-05 0.233608 0.126407 0.1739
0.129244 0.0905857 0.0849915 0.179663 0.311951 0.203565
9.9964E-05 9.9964E-05 0.0275783 9.9964E-05 9.9964E-05 0.972022
0.115331 0.106451 9.9991E-05 0.155153 0.134787 0.488177
0.157071 0.166232 0.180714 0.251564 0.194644 0.0497747
0.0254656 0.0875822 9.9982E-05 0.192714 9.9982E-05 0.694039
9.9991E-05 0.130504 0.0534189 0.182856 0.33667 0.296451
9.99821E-05 0.0795201 9.99821E-05 0.178325 0.374912 0.367043
0.0150844 0.0422546 9.9991E-05 0.410215 0.0775937 0.454752
0.0110831 0.0449572 0.0580813 0.271232 0.396882 0.217765
0.330606 0.262241 9.9982E-05 0.337239 9.9982E-05 0.0697142
0.113562 0.0559684 9.9991E-05 0.219784 0.311516 0.29907
0.0448916 0.0786014 9.9991E-05 0.172688 0.122236 0.581483
9.9991E-05 0.188305 0.367602 0.16975 0.0598623 0.214381
0.0382852 0.18863 0.0532206 0.201152 0.136817 0.381896
0.395083 0.0794166 9.9991E-05 0.221041 0.209239 0.0951204
9.99731E-05 0.096605 9.99731E-05 0.412936 9.99731E-05 0.490159
9.9991E-05 0.193945 0.00308092 0.489269 0.281736 0.0318693
0.0405885 0.00209781 0.267331 0.371089 0.134545 0.184349
0.21055 0.179039 0.0905553 0.268978 0.250778 9.9991E-05
0.00607958 9.9982E-05 9.9982E-05 0.298567 0.119147 0.576006
0.256217 0.106704 0.069589 0.136713 0.124965 0.305812
9.99641E-05 0.0220711 9.99641E-05 9.99641E-05 9.99641E-05 0.977529
0.379885 0.0808043 0.079341 0.146847 9.9991E-05 0.313022
0.418106 0.0657779 9.9982E-05 0.143491 9.9982E-05 0.372425
0.0975387 9.9991E-05 0.0513537 0.138365 0.0559825 0.65666
0.34867 9.9991E-05 0.0119698 0.211308 0.240327 0.187626
0.506397 0.0550916 9.9991E-05 0.105224 0.216114 0.117074
9.9982E-05 0.0383326 9.9982E-05 0.215638 0.339281 0.406548
9.9982E-05 0.0570505 9.9982E-05 0.491492 0.250136 0.201122
0.284403 9.9991E-05 0.151347 0.230946 0.129174 0.204031
0.419399 0.0286732 0.0881488 0.218283 0.093813 0.151683
0.247271 0.140789 0.00294354 0.220997 0.184028 0.203972
9.9991E-05 0.0435565 0.0243856 0.191023 0.463225 0.27771
0.130247 0.195342 0.227491 0.358035 9.9991E-05 0.088786
0.122131 0.00875154 0.269104 0.306756 0.278083 0.0151746
0.486986 9.9982E-05 0.0911061 0.224169 0.197539 9.9982E-05
0.587745 0.0534654 9.9982E-05 0.19252 9.9982E-05 0.16607
0.259744 0.0300345 0.215265 0.0715909 9.9991E-05 0.423265
0.268714 0.238011 0.108011 0.295914 0.0688167 0.0205326
0.328839 9.99731E-05 9.99731E-05 0.153946 0.516915 9.99731E-05
0.413606 9.9982E-05 0.157723 0.117344 9.9982E-05 0.311128
0.195489 0.00626112 9.9991E-05 0.342657 0.442432 0.013061
0.288056 0.0664414 9.9991E-05 0.124957 0.245116 0.275329
0.280628 0.0852005 0.129701 0.200182 0.15198 0.152308
9.9991E-05 0.177961 0.291394 0.180813 0.21206 0.137672
0.480519 9.99821E-05 9.99821E-05 0.0978984 0.122975 0.298408
0.243637 0.0954808 0.168026 0.0794788 0.243858 0.169519
9.9991E-05 0.0754642 0.185353 0.122392 0.540656 0.0760346
0.542432 9.9973E-05 9.9973E-05 0.275409 0.181859 9.9973E-05
0.318932 9.9991E-05 0.0706384 0.00401113 0.294937 0.311381
0.524403 0.071734 9.9991E-05 0.185966 0.161155 0.0566422
0.222272 9.9991E-05 0.136095 0.176848 0.318091 0.146593
0.225 0.0417244 0.0610768 0.198415 0.253378 0.220406
0.348938 0.0368433 0.188066 9.9991E-05 0.105466 0.320586
0.0621191 0.204262 0.0482852 0.226708 0.243312 0.215314
0.230682 9.9982E-05 9.9982E-05 0.152489 0.394882 0.221747
0.391534 9.9982E-05 0.000896257 9.9982E-05 0.0668809 0.540489
0.114828 9.9982E-05 0.173494 9.9982E-05 0.470715 0.240762
0.47723 0.0269358 9.9982E-05 0.0970514 0.398583 9.9982E-05
0.262914 0.0773402 9.9991E-05 0.219585 0.195882 0.244178
9.9991E-05 0.103398 0.112432 0.106371 0.372436 0.305263
0.316145 0.139355 0.0926526 9.9982E-05 0.451647 9.9982E-05
0.682162 9.99821E-05 9.99821E-05 0.0933162 0.177269 0.0470523
0.0355704 0.0685004 0.0579596 0.201239 0.590131 0.0465996
0.214743 0.0343281 0.0172825 0.0733117 0.130579 0.529756
0.0145872 0.115199 9.9991E-05 0.214476 0.288069 0.367569
0.250684 0.081477 9.9991E-05 0.0411823 0.408062 0.218495
0.0261979 9.9991E-05 0.151585 0.230456 0.279385 0.312276
9.9991E-05 0.0806492 0.21775 0.20042 0.298792 0.202289
0.498618 0.0458199 0.181689 0.155584 0.0325277 0.0857624
0.32539 0.148271 9.9991E-05 0.145778 0.347783 0.0326774
0.231677 0.0298644 0.0444398 0.146604 0.265016 0.282398
0.283224 0.0331527 0.213037 9.9991E-05 0.208597 0.261889
0.0247484 0.059514 9.9991E-05 0.000746966 0.643424 0.271466
0.0150043 0.0415667 9.99821E-05 9.99821E-05 0.671827 0.271402
0.141489 0.140279 0.323879 9.9982E-05 0.394154 9.9982E-05
0.127851 0.0555227 0.412962 0.122746 0.280819 9.9991E-05
9.9991E-05 0.102669 0.104472 0.0209262 0.467435 0.304397
0.0196253 0.0541536 0.341502 0.0417588 0.54286 9.9991E-05
0.25768 0.0773087 0.191536 9.9991E-05 0.179242 0.294133
0.290673 0.10855 0.0952017 9.9991E-05 0.452157 0.0533185
0.112826 0.127228 0.301851 0.0612685 0.396727 9.9991E-05
0.209628 0.159859 0.111093 9.9991E-05 0.396515 0.122805
0.148717 0.117148 0.160775 0.0139225 0.415467 0.143971
0.0549112 0.0528064 0.207881 9.9991E-05 0.22338 0.460921
0.30349 0.0564786 0.265286 9.9991E-05 0.265394 0.109251
0.210987 0.239811 9.9982E-05 9.9982E-05 0.502846 0.0461558
9.9982E-05 0.0439992 0.21474 9.9982E-05 0.489638 0.251423
0.0562343 0.140265 0.0545232 9.9982E-05 0.748778 9.9982E-05
0.0418772 0.0338707 0.176531 9.9982E-05 0.747521 9.9982E-05
0.200815 0.190533 9.9973E-05 9.9973E-05 0.608352 9.9973E-05
0.216751 0.124242 0.0959084 9.9982E-05 0.562898 9.9982E-05
9.9982E-05 0.0635712 0.451717 0.0527875 0.431725 9.9982E-05
0.317073 0.196859 0.256957 0.0845083 9.9991E-05 0.144503
0.0256173 9.99821E-05 0.20593 0.0260719 0.742181 9.99821E-05
9.9982E-05 0.0885541 0.193157 0.0407073 0.677382 9.9982E-05
0.0782665 9.99731E-05 0.0575687 9.99731E-05 0.863865 9.99731E-05
9.9982E-05 0.105421 0.0453362 9.9982E-05 0.449695 0.399348
9.9982E-05 0.0752287 0.384339 9.9982E-05 0.33976 0.200473
0.12996 0.0311306 0.0929722 0.104342 0.333567 0.308028
9.9982E-05 9.9982E-05 0.378961 0.126938 0.284827 0.209074
0.0168715 0.0968059 0.339979 9.9982E-05 0.546143 9.9982E-05
9.9991E-05 0.056307 0.308223 0.0713696 0.376811 0.187189
9.99641E-05 9.99641E-05 9.99641E-05 9.99641E-05 0.650076 0.349524
0.146245 0.818012 9.9973E-05 0.0354424 9.9973E-05 9.9973E-05
9.9973E-05 0.686613 9.9973E-05 0.0378715 0.275216 9.9973E-05
0.0415662 0.311974 9.9991E-05 0.145424 0.313735 0.187201
0.211875 0.717814 9.9982E-05 9.9982E-05 0.0643058 0.00580572
0.00546797 0.910368 9.9973E-05 9.9973E-05 9.9973E-05 0.0838638
0.0283719 0.718594 0.0431905 0.0629392 0.0765731 0.0703318
0.234479 0.765121 9.99641E-05 9.99641E-05 9.99641E-05 9.99641E-05
9.99731E-05 0.68466 9.99731E-05 0.0405508 0.274489 9.99731E-05
9.9982E-05 0.86026 0.0306549 9.9982E-05 0.0994368 0.00944829
0.0242248 0.919708 9.99731E-05 9.99731E-05 0.0557671 9.99731E-05
9.996E-05 0.9995 9.996E-05 9.996E-05 9.996E-05 9.996E-05
9.9973E-05 0.916437 0.0354007 9.9973E-05 0.0478624 9.9973E-05
0.133867 0.591076 9.9982E-05 0.00754141 9.9982E-05 0.267315
9.99641E-05 0.83713 9.99641E-05 9.99641E-05 0.16247 9.99641E-05
0.0117116 0.439288 0.0766724 0.0362605 0.0878922 0.348175
0.131257 0.754021 0.114422 9.9973E-05 9.9973E-05 9.9973E-05
0.122605 0.409961 0.122593 0.133137 0.193529 0.0181754
9.9991E-05 0.677082 0.0868777 0.0456051 0.0738816 0.116453
9.99731E-05 0.670356 9.99731E-05 9.99731E-05 0.191667 0.137677
9.99641E-05 0.635186 9.99641E-05 9.99641E-05 0.364414 9.99641E-05
0.147954 0.590353 9.9973E-05 9.9973E-05 9.9973E-05 0.261392
0.0298426 0.779035 0.00471993 0.152494 0.0338079 9.9991E-05
9.9973E-05 0.920322 9.9973E-05 9.9973E-05 0.019035 0.0603427
0.00219877 0.894065 0.0757532 0.027783 9.9982E-05 9.9982E-05
0.226855 0.669043 0.0918043 0.0120972 9.9982E-05 9.9982E-05
0.0261006 0.9735 9.99641E-05 9.99641E-05 9.99641E-05 9.99641E-05
9.9973E-05 0.619308 0.206281 9.9973E-05 9.9973E-05 0.174111
9.9982E-05 0.815958 0.0777695 0.0119997 9.9982E-05 0.0940728
9.99731E-05 0.775691 9.99731E-05 0.0239713 0.200038 9.99731E-05
0.0774002 0.729116 0.0866711 0.105214 9.9991E-05 0.00149926
0.128715 0.744904 0.0790855 9.9991E-05 0.00714784 0.0400479
9.9973E-05 0.779761 0.123773 9.9973E-05 9.9973E-05 0.0961663
0.217217 0.780122 9.9973E-05 9.9973E-05 9.9973E-05 0.00236096
9.9964E-05 0.924887 9.9964E-05 9.9964E-05 0.0747135 9.9964E-05
0.0594967 0.893917 9.9973E-05 9.9973E-05 9.9973E-05 0.0462866
9.99641E-05 0.602182 9.99641E-05 9.99641E-05 0.397418 9.99641E-05
0.132653 0.752971 0.0759246 0.0209599 0.00511322 0.0123785
9.9991E-05 0.605898 0.176997 0.0212118 0.171897 0.0238958
0.138826 0.114659 0.395561 0.053158 0.0936685 0.204128
9.99731E-05 9.99731E-05 0.592258 0.0564188 0.351023 9.99731E-05
0.0325807 9.9982E-05 0.253769 9.9982E-05 0.54017 0.17328
0.292945 9.9982E-05 0.276142 9.9982E-05 0.235182 0.195531
0.0562472 9.9991E-05 0.390384 0.0282926 0.480929 0.044047
9.9982E-05 0.0283556 0.257908 0.0339932 0.679543 9.9982E-05
0.410923 9.99731E-05 0.412931 9.99731E-05 0.175847 9.99731E-05
0.16622 0.0586645 0.443274 0.0441716 0.166686 0.120984
0.184598 9.9982E-05 0.281414 9.9982E-05 0.022075 0.511713
9.9991E-05 0.108832 0.250111 0.0399725 0.430647 0.170338
9.99731E-05 9.99731E-05 0.303355 9.99731E-05 0.456211 0.240134
9.9982E-05 0.0940085 0.518372 0.0541831 0.333237 9.9982E-05
9.9991E-05 0.0531081 0.665392 0.0279591 0.143223 0.110218
9.9982E-05 0.0368822 0.508283 9.9982E-05 0.375803 0.0788318
0.193467 0.104341 0.263733 9.9991E-05 0.333426 0.104934
0.177308 0.0343324 0.595434 9.9991E-05 0.11693 0.0758962
9.9973E-05 9.9973E-05 0.553373 9.9973E-05 0.0462024 0.400124
0.310738 0.113972 0.284732 0.182689 0.107768 9.9991E-05
0.131787 9.9991E-05 0.620158 0.00231224 0.0463529 0.199289
0.296692 0.0171427 0.3374 0.0351869 0.286249 0.0273286
9.9991E-05 0.238221 0.565376 0.0152191 0.0534708 0.127613
0.0334694 0.124212 0.133274 9.9991E-05 0.318308 0.390637
0.221945 0.13978 0.497428 9.9982E-05 9.9982E-05 0.140646
0.305143 0.112031 0.440742 0.0761827 0.0658018 9.9991E-05
0.168557 9.9982E-05 0.252778 9.9982E-05 0.332155 0.24631
0.090606 0.0113464 0.491069 0.0438835 0.335039 0.0280566
0.019403 0.234642 0.444104 0.0534675 0.119167 0.129216
0.238914 0.0142353 0.510665 9.99821E-05 9.99821E-05 0.235986
9.99731E-05 9.99731E-05 0.436857 9.99731E-05 0.365495 0.197348
9.9982E-05 9.9982E-05 0.463397 0.041981 0.358085 0.136338
0.00493135 0.0551465 0.543984 9.9991E-05 0.1941 0.201738
0.0359062 0.120038 0.269249 0.077964 0.466648 0.0301958
0.435338 0.0318909 0.288031 0.131928 0.0170171 0.0957946
0.238636 0.0221077 0.430359 0.162183 0.146613 9.9991E-05
0.24328 9.9982E-05 0.573533 0.0483505 0.134637 9.9982E-05
0.206574 0.147058 0.636907 9.9982E-05 0.00926113 9.9982E-05
0.322812 0.0504521 0.626436 9.9973E-05 9.9973E-05 9.9973E-05
0.23604 0.096871 0.400254 9.9991E-05 0.0326279 0.234106
0.430594 9.9973E-05 0.253867 9.9973E-05 9.9973E-05 0.315239
0.401861 9.99731E-05 0.561894 9.99731E-05 9.99731E-05 0.0359449
9.9991E-05 0.0683244 0.519957 0.0369665 0.130073 0.244579
0.563799 9.99821E-05 0.329221 9.99821E-05 0.0981144 0.00866555
0.159268 0.076784 0.474811 0.139164 0.00190042 0.148072
0.249267 0.0834166 0.666762 0.000353986 9.9982E-05 9.9982E-05
0.0458222 0.150781 0.171223 9.9991E-05 0.323821 0.308252
0.373222 0.165302 0.319581 0.0984017 0.0433925 9.9991E-05
0.204695 9.9982E-05 0.303374 0.0831301 9.9982E-05 0.4086
0.0347292 0.202268 0.493736 9.99821E-05 0.269067 9.99821E-05
0.0341027 0.0478552 0.234931 0.0620938 0.409418 0.211599
0.0441633 9.9982E-05 0.365141 9.9982E-05 0.253567 0.336928
0.212214 0.0781559 0.256671 9.9991E-05 0.420479 0.0323805
9.9982E-05 0.0323017 0.350471 9.9982E-05 0.491912 0.125116
9.9991E-05 0.107232 0.501647 0.0122784 0.0930998 0.285643
9.9982E-05 0.0782031 0.426744 9.9982E-05 0.243838 0.251015
0.107669 0.0153842 0.686068 9.9991E-05 0.165758 0.0250205
0.297092 0.0397058 0.633082 9.99821E-05 9.99821E-05 0.0299202
0.30775 0.0534484 0.564235 0.0135599 9.9991E-05 0.0609065
0.399372 0.0141478 0.363016 9.9991E-05 0.0216732 0.20169
0.0964404 0.0967905 0.339626 0.0171769 0.295315 0.154651
0.166082 9.9991E-05 0.365539 0.0640878 0.312557 0.0916334
0.22616 9.9982E-05 0.569011 9.9982E-05 0.176539 0.0280906
0.217029 0.196412 0.223694 0.0110907 0.0493366 0.302437
0.46564 0.11708 0.312302 9.9991E-05 0.046976 0.0579017
0.0560146 0.0502803 0.502626 0.0243623 0.112881 0.253836
0.302568 0.000331674 0.291758 9.9991E-05 0.217969 0.187274
0.158325 0.00733382 0.61784 9.9991E-05 0.209597 0.0068036
0.159956 0.0157028 0.226633 9.9991E-05 0.49858 0.0990286
0.0276158 0.0874132 0.355272 9.9991E-05 0.0125563 0.517043
9.9991E-05 0.0625742 0.445103 0.0188813 0.335608 0.137733
0.00417815 9.9991E-05 0.189657 0.107141 0.516118 0.182806
9.9982E-05 0.062138 0.424871 9.9982E-05 0.191988 0.320803
0.0721052 0.161542 0.327986 9.9991E-05 0.174172 0.264095
0.194663 9.9982E-05 0.309353 9.9982E-05 0.162062 0.333722
0.383109 0.118552 0.146794 9.9982E-05 0.351344 9.9982E-05
0.0560084 0.0975261 0.398851 0.0999052 0.0621325 0.285577
0.224943 0.0710057 0.282846 0.0108116 0.258906 0.151488
9.9982E-05 0.136495 0.372558 0.208502 0.282244 9.9982E-05
0.0814636 0.166206 0.0251126 0.146602 0.580516 9.9991E-05
0.0519462 0.181189 0.304255 0.100071 0.308423 0.0541162
0.262496 9.9991E-05 0.415441 0.0271105 0.143648 0.151205
0.153179 0.076107 0.48195 0.0223174 0.266347 9.9991E-05
9.9982E-05 0.19494 0.39377 9.9982E-05 0.203704 0.207386
0.00901191 0.0613421 0.328108 0.0665154 0.378379 0.156643
9.9982E-05 0.0300196 0.3366 9.9982E-05 0.379032 0.254149
0.146123 0.201491 0.419966 0.188906 9.9991E-05 0.0434131
0.217808 0.0865889 0.382438 0.0705096 0.242556 9.9991E-05
0.165031 0.144039 0.513644 0.0841346 0.0930513 9.9991E-05
0.169943 0.0101088 0.234565 0.168151 0.417133 9.9991E-05
9.99821E-05 0.0747044 0.455075 0.061552 0.408469 9.99821E-05
