0.201204 9.9991E-05 0.195157 0.306558 0.0418051 0.0608197 0.194356
0.148712 9.9982E-05 0.332281 0.302424 0.192917 0.023465 9.9982E-05
9.9982E-05 0.0629134 0.242194 0.388214 0.135206 0.171273 9.9982E-05
0.0875494 0.293904 0.370805 9.9982E-05 0.0944287 0.153114 9.9982E-05
0.268932 0.44434 9.9982E-05 0.0496015 9.9982E-05 0.128866 0.10806
0.0554483 0.192024 0.134478 0.213069 9.9991E-05 0.282263 0.122617
0.0761733 0.381805 9.9982E-05 0.107961 9.9982E-05 0.150258 0.283603
0.0805384 0.552214 0.181396 0.0832547 0.0287772 0.0373033 0.0365169
0.00504733 0.296052 0.138864 0.364413 9.9991E-05 0.11098 0.0845436
9.999E-05 0.209134 0.106884 0.399949 0.0591262 0.106572 0.118235
0.117491 0.704732 0.0711227 0.0119601 0.036363 0.0582313 9.9991E-05
0.0189031 0.206551 0.505488 0.0448514 0.11001 0.114096 9.9991E-05
0.0689024 9.9982E-05 0.0353805 0.383191 0.291773 9.9982E-05 0.220553
9.9982E-05 0.0626238 0.542149 0.185418 0.201722 0.00788763 9.9982E-05
0.0139417 0.23272 0.0996203 0.211333 0.322563 9.9991E-05 0.119721
9.9982E-05 0.06463 0.27757 0.635531 0.0125714 9.9982E-05 0.00949711
9.9991E-05 0.0346103 0.299011 0.221493 0.0150908 0.24627 0.183425
0.146299 0.183324 0.452603 0.184465 9.9982E-05 0.0331084 9.9982E-05
0.0385891 0.0241571 0.377877 0.274977 0.0962183 0.175911 0.0122703
0.0596708 9.9973E-05 0.174118 0.448619 0.317292 9.9973E-05 9.9973E-05
0.0834715 0.234868 0.203903 0.236654 0.0985237 0.104211 0.0383676
0.105166 0.0672412 0.119757 0.378209 9.9991E-05 0.0879788 0.241548
9.9964E-05 9.9964E-05 0.432336 0.291092 0.276173 9.9964E-05 9.9964E-05
0.067534 0.310814 0.0852053 0.507546 9.9982E-05 9.9982E-05 0.0287
0.120998 0.22702 9.9982E-05 0.462627 0.0655027 9.9982E-05 0.123653
0.0565615 9.9982E-05 0.56537 0.0843043 0.196769 0.0967952 9.9982E-05
0.111131 0.12872 0.205624 0.140206 0.0829972 0.17898 0.152343
0.122304 0.00970238 0.230172 0.139017 0.468484 0.0302197 9.9991E-05
0.038451 0.0652016 0.18191 0.349025 0.0119914 0.280784 0.0726367
0.0766762 0.105512 0.534953 0.282559 9.9973E-05 9.9973E-05 9.9973E-05
0.0106753 0.0287948 0.164331 0.500921 9.9991E-05 0.0892862 0.205892
0.0307256 0.167901 0.23431 0.490639 0.0318491 9.9991E-05 0.0444743
0.00812193 0.377977 9.9991E-05 0.137239 0.405679 0.0312811 0.0396021
0.0170757 0.223425 0.209418 0.414735 0.0104825 0.0295824 0.0952813
0.0281191 9.9982E-05 0.627994 0.0941007 0.142586 0.107 9.9982E-05
0.0677242 9.9991E-05 0.119848 0.281945 0.259716 0.0448321 0.225835
0.0405148 0.2607 0.195184 9.9991E-05 0.282422 0.137087 0.0839927
0.0506933 0.116313 0.0420297 0.171862 0.0524282 0.203557 0.363118
0.182504 9.9982E-05 9.9982E-05 0.00235585 0.215593 0.202194 0.397153
0.0361893 0.123001 0.354031 0.356008 9.9991E-05 0.113577 0.017093
0.0788682 0.242724 9.9991E-05 0.508111 0.0568646 0.0952996 0.0180329
0.141475 0.238922 0.104639 0.293044 0.133462 9.9991E-05 0.0883582
0.139236 0.329838 0.154246 0.224426 0.0264385 0.041084 0.0847307
0.0983818 0.17454 0.125441 0.250575 0.184198 0.132913 0.033951
0.0515425 0.0597055 0.0246607 0.471528 0.174361 0.07541 0.142792
9.99731E-05 0.226687 9.99731E-05 0.182959 0.309401 9.99731E-05 0.280653
9.9982E-05 0.248918 0.178992 0.0586179 9.9982E-05 0.0985787 0.414694
0.120022 0.0744001 0.25815 0.228235 9.9982E-05 9.9982E-05 0.318993
0.0509532 0.379488 9.9982E-05 0.178645 0.0392062 9.9982E-05 0.351507
0.0384636 9.9982E-05 0.238608 9.9982E-05 0.140129 0.117438 0.465162
0.0134904 9.9982E-05 0.0663397 0.373228 0.0793248 9.9982E-05 0.467417
9.9973E-05 0.0732199 0.505986 0.279936 9.9973E-05 9.9973E-05 0.140558
9.9991E-05 0.147308 0.275483 0.0943195 0.0241653 0.0279711 0.430654
0.00396579 0.34122 0.109152 0.139486 0.0811317 9.9991E-05 0.324944
9.9982E-05 0.0555587 0.358259 0.395148 9.9982E-05 0.051685 0.13915
0.118249 0.49796 0.0717981 0.0060567 9.9982E-05 9.9982E-05 0.305736
9.9991E-05 0.123906 0.212615 0.0637921 0.163107 0.089947 0.346532
0.0378593 0.330126 0.593562 9.9973E-05 9.9973E-05 9.9973E-05 0.0381522
9.9982E-05 0.000457026 0.309196 0.180965 0.16327 9.9982E-05 0.345912
9.9991E-05 0.102022 0.239121 0.111552 0.0170679 0.0596396 0.470497
9.9982E-05 0.173889 0.135357 0.0671936 0.00831511 9.9982E-05 0.615045
9.9973E-05 9.9973E-05 0.16009 0.198124 9.9973E-05 0.0532773 0.588209
9.9964E-05 9.9964E-05 9.9964E-05 0.22401 0.133844 9.9964E-05 0.641746
0.0395729 0.292622 0.335121 0.000533432 9.9991E-05 0.0782386 0.253812
0.15509 0.0686002 9.9973E-05 9.9973E-05 0.304933 9.9973E-05 0.471077
0.0821437 0.298978 0.290025 9.9991E-05 0.0982024 0.0295961 0.200955
9.9982E-05 0.168347 0.0186729 0.135914 9.9982E-05 0.213601 0.463265
0.0134598 9.9982E-05 0.46114 0.115955 0.146572 9.9982E-05 0.262674
0.140146 0.17588 0.328372 9.9982E-05 0.0624348 9.9982E-05 0.292967
0.117491 0.296383 0.136785 0.00846 9.9982E-05 9.9982E-05 0.44068
9.9982E-05 0.324156 0.0242435 0.142865 0.321474 9.9982E-05 0.187062
0.0899643 0.1171 9.9982E-05 9.9982E-05 0.282892 0.151933 0.357911
9.9964E-05 9.9964E-05 0.325897 0.134276 9.9964E-05 9.9964E-05 0.539428
9.99731E-05 0.0784066 0.365786 0.132522 9.99731E-05 9.99731E-05 0.422985
0.130304 0.175155 0.351055 9.9991E-05 0.0265106 0.140433 0.176443
9.9991E-05 0.267271 0.0474342 0.0895788 0.0521157 0.050897 0.492603
9.9964E-05 0.0205017 9.9964E-05 9.9964E-05 0.569383 9.9964E-05 0.409715
9.9991E-05 0.00950047 0.241534 0.227727 0.129427 0.0656883 0.326024
9.99641E-05 0.321271 9.99641E-05 9.99641E-05 9.99641E-05 0.215066 0.463264
9.9982E-05 0.39814 0.219504 9.9982E-05 0.0341336 0.148253 0.199769
0.14481 0.5971 9.9982E-05 0.0207002 0.158104 9.9982E-05 0.0790861
0.00857179 0.333022 0.468071 0.156349 9.9991E-05 0.00748106 0.0264062
9.99549E-05 9.99549E-05 9.99549E-05 9.99549E-05 0.550425 9.99549E-05 0.449075
9.9982E-05 0.0427903 0.0645648 0.340823 9.9982E-05 0.050614 0.501008
0.0342844 0.496243 0.0841461 0.0439113 0.165469 9.9991E-05 0.175847
9.9973E-05 0.0132077 9.9973E-05 9.9973E-05 0.253695 0.686678 0.0461192
9.9982E-05 0.00703757 0.188205 0.126515 0.106778 0.571265 9.9982E-05
9.9982E-05 9.9982E-05 0.0699852 0.115881 0.148344 0.540462 0.125127
9.9982E-05 0.100268 0.059836 0.244205 0.251543 0.343948 9.9982E-05
9.99641E-05 9.99641E-05 9.99641E-05 0.281195 9.99641E-05 0.70673 0.0116743
0.0200041 0.0107132 9.9982E-05 0.139841 0.16819 0.661052 9.9982E-05
0.0109948 0.0723241 0.142937 0.00924284 0.144665 0.612608 0.00722884
0.0981916 9.9973E-05 0.202863 9.9973E-05 9.9973E-05 0.692763 0.0058821
9.9982E-05 0.0506094 0.190967 0.0232565 0.133039 0.601928 9.9982E-05
0.0976028 0.00313758 0.190764 0.143937 0.0274282 0.537031 9.9991E-05
9.99551E-05 9.99551E-05 9.99551E-05 0.235102 9.99551E-05 0.764398 9.99551E-05
9.99641E-05 0.308688 9.99641E-05 9.99641E-05 0.107313 0.5836 9.99641E-05
0.0852554 0.205948 9.9982E-05 0.157782 0.087441 0.463374 9.9982E-05
0.0880622 9.9964E-05 9.9964E-05 9.9964E-05 0.31239 0.599148 9.9964E-05
9.99551E-05 0.197034 9.99551E-05 9.99551E-05 9.99551E-05 0.802466 9.99551E-05
0.025314 0.0815743 0.0352726 9.9982E-05 0.0381704 0.819469 9.9982E-05
9.9964E-05 9.9964E-05 9.9964E-05 9.9964E-05 0.0750185 0.781314 0.143268
0.052991 0.116222 0.197038 0.081354 0.205717 0.346578 9.9991E-05
0.035957 9.9973E-05 0.209564 9.9973E-05 0.234711 0.519468 9.9973E-05
0.0810277 9.9973E-05 9.9973E-05 9.9973E-05 0.034176 0.87351 0.0109863
9.9973E-05 0.0998856 9.9973E-05 9.9973E-05 0.125811 0.714135 0.059869
0.139725 9.9973E-05 9.9973E-05 9.9973E-05 0.0719123 0.576963 0.2111
9.99641E-05 0.191452 9.99641E-05 9.99641E-05 9.99641E-05 0.747731 0.0604175
0.0869219 9.9973E-05 0.144432 9.9973E-05 0.0873057 0.68104 9.9973E-05
0.0904017 0.0316706 9.9982E-05 0.135871 0.0356654 0.706191 9.9982E-05
0.0124299 9.99731E-05 9.99731E-05 0.27645 0.0161081 0.694712 9.99731E-05
9.9964E-05 9.9964E-05 0.355338 9.9964E-05 9.9964E-05 0.614703 0.0295593
0.0369614 0.00245775 0.0242818 0.130255 9.9991E-05 0.720825 0.0851198
0.000376104 0.11558 0.165113 0.000872474 0.0725328 0.645426 9.9991E-05
9.99821E-05 0.0879954 0.00510724 0.0307606 0.00495027 0.870987 9.99821E-05
0.227032 9.99641E-05 9.99641E-05 9.99641E-05 9.99641E-05 0.502146 0.270423
9.9982E-05 0.106031 9.9982E-05 0.028313 0.196511 0.646301 0.0226434
9.9973E-05 0.159337 0.0561754 0.281632 9.9973E-05 0.502556 9.9973E-05
0.086127 9.9982E-05 0.186315 0.0753359 9.9982E-05 0.624615 0.0274072
0.0695957 0.000948175 0.0174866 0.0471324 9.9991E-05 0.650017 0.21472
0.0835018 9.9982E-05 0.131462 0.0520013 9.9982E-05 0.670394 0.0624408
9.9973E-05 9.9973E-05 0.122437 0.0779272 0.239301 0.560035 9.9973E-05
9.9991E-05 0.197861 0.0563362 0.00390042 0.0306125 0.70222 0.00896984
9.9973E-05 0.228395 9.9973E-05 9.9973E-05 0.114339 0.460317 0.19665
9.99731E-05 9.99731E-05 0.0347723 0.191254 0.0560943 0.717579 9.99731E-05
0.101734 0.138216 9.9982E-05 9.9982E-05 0.0535877 0.511533 0.194729
9.9991E-05 0.243615 0.261241 0.0436093 0.0942536 0.0297649 0.327416
0.087892 0.118456 0.352067 9.9982E-05 9.9982E-05 0.116879 0.324507
0.0377236 0.00567858 0.224063 0.187867 9.9991E-05 0.125639 0.41893
0.046606 0.330202 9.9982E-05 0.119686 9.9982E-05 0.20702 0.296285
0.108025 0.1576 9.9982E-05 0.214263 9.9982E-05 0.141703 0.378209
0.0632197 0.10694 0.184691 0.205187 9.9982E-05 9.9982E-05 0.439763
0.0874546 0.260581 0.331074 0.232952 0.0877389 9.9982E-05 9.9982E-05
0.0611701 0.0209725 0.0525616 0.286583 9.9982E-05 9.9982E-05 0.578513
0.0382023 0.0794028 0.277178 0.172407 0.136698 0.064955 0.231157
0.168972 0.0320404 9.9973E-05 9.9973E-05 0.183955 9.9973E-05 0.614733
0.0754314 0.0392271 9.9982E-05 0.1772 0.373605 9.9982E-05 0.334336
0.0497505 9.9991E-05 0.126176 0.103322 0.0584036 0.000152941 0.662095
9.9982E-05 0.169274 0.28111 0.201509 9.9982E-05 0.0902941 0.257614
0.0128171 0.00110162 0.654279 0.00716247 9.9982E-05 9.9982E-05 0.32444
0.0472547 0.306496 0.173515 0.0205085 0.00295694 0.0241939 0.425075
9.9973E-05 0.305098 9.9973E-05 0.0627833 0.050342 9.9973E-05 0.581477
0.0767663 0.112432 0.246031 9.9982E-05 0.248448 9.9982E-05 0.316124
9.9982E-05 0.43856 0.127006 9.9982E-05 0.273833 0.0150223 0.145379
9.9982E-05 0.148911 0.000193068 0.316301 0.0691667 9.9982E-05 0.465228
0.00813797 0.0955589 0.0822363 0.495499 0.188024 0.044989 0.0855555
0.0683615 0.143695 0.0408444 0.237915 0.122568 0.28111 0.105506
0.187095 0.15051 0.03762 0.242339 0.135531 0.246804 9.9991E-05
0.172513 9.99821E-05 9.99821E-05 0.327875 0.282068 0.12651 0.0908337
0.00571246 0.00711688 9.9991E-05 0.0662332 0.131394 0.52613 0.263314
0.0614925 0.106045 0.0375563 0.447967 0.020647 0.259393 0.0668997
0.0125067 9.9991E-05 0.141188 0.187792 0.289737 0.311822 0.0568554
0.024962 9.9982E-05 0.231708 0.22231 9.9982E-05 0.374386 0.146434
0.104502 9.9991E-05 0.118147 0.250733 0.252202 0.230041 0.0442748
0.0659383 9.9982E-05 0.0258804 0.537348 0.237898 0.132736 9.9982E-05
0.00974751 0.0447739 0.00568351 0.568044 0.180156 0.121806 0.0697891
0.0139029 0.0222441 0.210643 0.50993 0.0418461 0.0850484 0.116385
0.0964009 0.0378379 0.0254563 0.26128 0.442636 0.0849645 0.051425
0.0821136 0.0791865 9.9991E-05 0.525803 0.112601 0.115032 0.0851645
0.141238 9.9991E-05 0.0171123 0.227245 0.241909 0.213423 0.158973
0.12548 0.218547 0.193731 0.29213 0.123393 0.0466184 9.9991E-05
9.9991E-05 0.057265 0.123347 0.00256388 0.406848 0.202505 0.207371
0.0116448 0.0045901 0.0831321 0.519825 9.9982E-05 0.380608 9.9982E-05
0.0574141 0.0982912 0.258731 0.18555 0.110035 0.243639 0.046339
0.244309 9.9973E-05 0.155195 9.9973E-05 0.248153 0.352043 9.9973E-05
0.0529105 9.99821E-05 0.457683 0.0062409 0.33388 0.149086 9.99821E-05
0.154203 9.9991E-05 0.0208487 0.411296 0.202671 0.192973 0.0179082
0.0647131 0.0899654 0.166328 0.5101 9.9991E-05 0.0721246 0.0966697
0.0666379 0.0490796 0.099582 0.596606 9.99821E-05 0.187895 9.99821E-05
0.0760657 0.214275 9.9991E-05 0.041689 0.360875 0.178283 0.128712
0.114238 9.9982E-05 0.219776 0.073612 0.224155 0.368019 9.9982E-05
0.170122 0.0434126 9.9973E-05 0.370265 9.9973E-05 0.4159 9.9973E-05
0.0180368 9.9991E-05 0.331463 0.093286 0.0774273 0.345785 0.133902
0.13966 0.269335 9.9991E-05 0.186334 0.134386 0.199739 0.0704457
0.00214277 9.9982E-05 0.213542 0.4787 0.0871057 0.218309 9.9982E-05
0.0954251 0.203397 0.0631125 0.216244 0.349579 0.072142 9.9991E-05
0.0664608 9.99731E-05 0.295797 0.581945 9.99731E-05 0.0554976 9.99731E-05
0.0732225 9.9982E-05 9.9982E-05 0.381228 0.355756 0.128083 0.0615103
0.0657971 9.9982E-05 0.0142323 0.33635 0.523437 0.0599834 9.9982E-05
9.9982E-05 9.9982E-05 0.0185872 0.318374 0.114312 0.198244 0.350282
0.00615822 9.9982E-05 9.9982E-05 0.328028 0.491582 0.042895 0.131137
9.9991E-05 0.131184 0.0223137 0.35768 0.320335 0.105224 0.063164
9.9982E-05 0.117132 0.0700335 0.430443 0.164024 0.218168 9.9982E-05
0.0199822 0.225435 9.9982E-05 0.331613 0.0334872 0.389283 9.9982E-05
9.99731E-05 0.0155924 9.99731E-05 0.565102 9.99731E-05 0.233816 0.18519
9.9982E-05 0.0723122 9.9982E-05 0.411616 0.149359 0.190899 0.175613
0.135317 0.217661 9.9991E-05 0.14914 0.247746 0.146028 0.104008
0.00710577 0.328659 0.0720317 0.265607 0.207534 0.0790963 0.039966
0.160576 9.9982E-05 9.9982E-05 0.354702 0.00245127 0.266289 0.215782
0.00317789 0.0360606 0.397657 0.178593 0.228616 0.109994 0.0459017
9.9982E-05 0.428089 0.0242959 0.185824 0.193427 0.168163 9.9982E-05
0.014506 9.9982E-05 9.9982E-05 0.261978 0.505563 0.0844795 0.133273
0.00439083 9.9982E-05 0.266435 0.169876 0.244688 9.9982E-05 0.31441
0.127874 0.299788 9.9982E-05 0.297095 0.115126 0.159917 9.9982E-05
9.9982E-05 0.367356 0.0787568 0.0808806 0.327479 0.145327 9.9982E-05
0.00164082 9.9982E-05 9.9982E-05 0.16869 0.372923 0.0888664 0.36768
0.0378102 0.00204741 0.246488 9.9991E-05 0.454952 0.20175 0.0568511
0.0557586 0.0586986 0.0648764 0.254493 0.312942 0.117327 0.135904
0.0548312 0.188092 9.9991E-05 0.226535 0.323128 0.190685 0.0166279
0.143117 0.0436852 0.050776 9.9991E-05 0.182699 0.367924 0.211699
9.99731E-05 0.245543 0.166397 0.0743468 0.513414 9.99731E-05 9.99731E-05
0.0931468 0.194013 0.0346011 9.9991E-05 0.254773 0.159467 0.263899
0.000834186 0.217653 0.340137 0.170572 0.192675 0.0780294 9.9991E-05
9.9973E-05 0.40332 9.9973E-05 0.108957 0.33801 0.149414 9.9973E-05
9.9982E-05 0.199162 0.314115 0.113897 0.32193 0.0506963 9.9982E-05
0.0291894 0.217534 0.0389261 0.221717 0.465324 0.0272098 9.9991E-05
9.9982E-05 0.0837366 0.224595 0.0640395 0.49197 0.135459 9.9982E-05
9.99641E-05 9.99641E-05 0.493443 9.99641E-05 0.496384 0.00977295 9.99641E-05
0.0252291 0.309641 9.9991E-05 0.26303 0.188846 0.0794624 0.133692
0.0792139 0.321076 9.9982E-05 9.9982E-05 0.385256 0.207096 0.00715729
9.9973E-05 0.232141 9.9973E-05 0.321574 0.376668 0.0693166 9.9973E-05
0.00206757 9.9982E-05 9.9982E-05 0.27552 0.302072 0.100837 0.319303
0.0775854 0.288775 0.0447902 9.9982E-05 0.453733 9.9982E-05 0.134917
0.0733223 0.144264 9.9991E-05 0.378052 0.324094 0.000677256 0.0794901
0.0585567 0.264099 9.9991E-05 0.344106 0.136869 0.121009 0.0752599
0.0867741 0.357014 0.135863 0.0777448 0.0437999 0.198381 0.100424
0.11638 0.318243 0.017952 0.282652 0.216621 9.9991E-05 0.0480514
9.99641E-05 9.99641E-05 9.99641E-05 9.99641E-05 0.613491 0.121705 0.264404
9.9973E-05 0.417202 9.9973E-05 0.302079 0.0536862 0.226732 9.9973E-05
0.0361828 0.11513 0.376358 0.224509 0.245076 0.00264387 9.9991E-05
0.0586216 0.373733 0.112646 0.245671 0.0462662 0.162962 9.9991E-05
0.147692 0.10852 0.48406 0.00800461 0.13274 0.0544717 0.064512
0.0381819 0.181269 0.200343 9.9991E-05 0.250514 0.29228 0.0373112
0.102344 0.175646 0.11002 0.0366507 0.214028 0.193576 0.167735
0.0660131 0.0578248 0.139928 0.0476767 0.494329 0.0883278 0.105901
0.0896289 0.322704 0.124504 0.186352 0.242709 0.0340008 9.9991E-05
0.0182586 0.198527 0.21657 9.9982E-05 0.392362 0.174082 9.9982E-05
0.00228641 9.9991E-05 0.106494 0.283173 0.250597 0.00930998 0.34804
0.00566388 0.322169 9.9982E-05 0.33332 0.259044 0.0796036 9.9982E-05
0.112756 0.545347 0.243507 9.99731E-05 0.0980904 9.99731E-05 9.99731E-05
0.110231 0.364909 0.0214928 0.155676 0.0187853 9.9991E-05 0.328807
0.0414196 0.142406 0.223667 0.168636 9.9991E-05 0.164368 0.259404
0.0213101 0.152509 0.107027 0.285316 0.144005 0.0408803 0.248953
9.99821E-05 0.218811 0.278262 0.223835 9.99821E-05 0.0164217 0.262471
0.0128863 0.133332 0.256902 0.213806 9.9991E-05 0.102404 0.28057
0.0868074 0.275147 0.213269 0.147047 0.143945 9.9991E-05 0.133684
0.00877631 9.9991E-05 0.471884 0.0921519 0.0238704 0.0762221 0.326995
0.153262 0.551224 0.0587095 0.0389014 0.149344 0.0122031 0.036356
0.103389 0.425253 0.321246 0.140563 9.9982E-05 0.00934971 9.9982E-05
0.0163853 0.239128 0.345183 9.9982E-05 9.9982E-05 0.0923329 0.306771
0.0726994 0.456574 0.332575 0.066351 0.00727986 9.9991E-05 0.0644206
0.0579624 0.275725 0.375167 0.240604 9.99821E-05 9.99821E-05 0.0503422
0.0355845 0.396721 0.37663 0.163722 0.0271433 9.9982E-05 9.9982E-05
0.0514398 0.811659 0.0783153 9.9973E-05 9.9973E-05 0.0582858 9.9973E-05
0.0250762 0.593264 0.265103 0.000521187 9.9982E-05 9.9982E-05 0.115836
0.0712434 0.347021 0.296079 0.0675414 9.9991E-05 0.0263364 0.191679
0.0929876 0.637703 0.196105 0.0729048 9.9973E-05 9.9973E-05 9.9973E-05
0.104039 0.288963 0.301517 9.9991E-05 0.00382516 0.0725009 0.229056
0.261982 0.148793 0.0609209 0.385645 9.9982E-05 9.9982E-05 0.142459
0.0193896 0.302655 9.9982E-05 9.9982E-05 0.0650737 0.192009 0.420673
0.0412072 0.520512 0.122483 0.00175524 9.9991E-05 0.115859 0.198084
9.99641E-05 0.756624 9.99641E-05 9.99641E-05 0.127824 9.99641E-05 0.115151
0.133412 9.9982E-05 0.69053 0.0448851 0.0915159 9.9982E-05 0.039457
0.0753438 0.0700657 0.218559 0.245598 0.0585595 9.9991E-05 0.331774
0.0215107 0.227392 0.144897 0.163324 0.0930694 0.0626646 0.287142
9.9982E-05 0.309993 0.147137 0.0819362 9.9982E-05 0.197668 0.263065
0.0203497 0.12436 0.412189 0.106178 9.9991E-05 0.0185897 0.318234
0.0682962 0.213662 0.342057 0.0448747 0.0950124 0.0508702 0.185228
9.9982E-05 0.315419 0.155594 0.453012 9.9982E-05 0.0302077 0.0455669
0.824399 9.99641E-05 0.0735099 9.99641E-05 9.99641E-05 0.101691 9.99641E-05
0.686345 0.101313 0.0725344 0.0352073 0.0859659 0.0185342 9.9991E-05
0.411095 0.101635 0.140878 9.9982E-05 9.9982E-05 0.240829 0.105364
0.707114 9.9964E-05 9.9964E-05 0.151466 0.14102 9.9964E-05 9.9964E-05
0.89455 9.9982E-05 0.032278 0.00132502 0.0551193 9.9982E-05 0.0165278
0.662839 9.9991E-05 0.00958488 0.0739125 0.0632215 0.0495915 0.140751
0.789895 9.9964E-05 0.147134 9.9964E-05 0.0625719 9.9964E-05 9.9964E-05
0.592528 0.158061 0.0701234 0.178988 9.9973E-05 9.9973E-05 9.9973E-05
0.821979 9.99821E-05 0.00159769 0.0605765 0.0503702 0.0652768 9.99821E-05
0.773039 0.0199909 9.9982E-05 0.139777 0.054978 0.0120152 9.9982E-05
0.994534 9.99551E-05 9.99551E-05 9.99551E-05 9.99551E-05 9.99551E-05 0.00496631
0.923267 0.0518517 9.9964E-05 9.9964E-05 0.0244813 9.9964E-05 9.9964E-05
0.515397 0.0628991 0.203102 0.0361238 9.9991E-05 0.0249006 0.157477
0.771138 0.218911 9.9964E-05 9.9964E-05 9.9964E-05 0.0095516 9.9964E-05
0.388724 9.9991E-05 0.0672942 0.0220685 0.095432 0.165669 0.260712
0.702077 9.9973E-05 0.0638947 9.9973E-05 0.0219303 9.9973E-05 0.211798
0.467282 0.144398 0.259592 0.128427 9.9973E-05 9.9973E-05 9.9973E-05
0.536844 0.185124 0.0112893 0.0230629 9.9991E-05 0.083283 0.160297
0.62713 0.0637635 0.137702 9.9982E-05 9.9982E-05 0.0814223 0.0897816
0.574037 0.227647 0.197916 9.9964E-05 9.9964E-05 9.9964E-05 9.9964E-05
0.582775 0.0676756 0.0402159 0.196734 9.9982E-05 0.1124 9.9982E-05
0.732866 0.076694 9.99731E-05 0.147557 0.0425829 9.99731E-05 9.99731E-05
0.8562 9.9964E-05 9.9964E-05 0.124244 0.0191555 9.9964E-05 9.9964E-05
0.803047 0.00779036 9.9973E-05 9.9973E-05 0.120662 9.9973E-05 0.0682013
0.736104 9.9973E-05 9.9973E-05 0.0305945 9.9973E-05 0.0505551 0.182446
0.840965 0.0400895 9.9964E-05 0.118545 9.9964E-05 9.9964E-05 9.9964E-05
0.562043 0.0540407 0.204078 9.9982E-05 0.0964014 9.9982E-05 0.083237
0.814628 9.99641E-05 0.118465 9.99641E-05 9.99641E-05 9.99641E-05 0.0665072
0.634588 0.196457 0.127218 9.9982E-05 0.00520464 0.0363321 9.9982E-05
0.688854 9.99641E-05 0.0319484 0.278797 9.99641E-05 9.99641E-05 9.99641E-05
0.734035 9.9964E-05 0.0764672 0.189097 9.9964E-05 9.9964E-05 9.9964E-05
0.661072 0.0377937 0.0779572 0.0461133 0.0596453 0.0295617 0.0878572
0.785276 9.9955E-05 9.9955E-05 9.9955E-05 0.214224 9.9955E-05 9.9955E-05
0.855348 0.0332232 9.9964E-05 9.9964E-05 9.9964E-05 0.111029 9.9964E-05
0.805378 9.9964E-05 9.9964E-05 0.168924 9.9964E-05 9.9964E-05 0.025298
0.683411 0.292313 9.99731E-05 9.99731E-05 0.0164138 9.99731E-05 0.00756167
0.738366 0.150615 9.9964E-05 0.110619 9.9964E-05 9.9964E-05 9.9964E-05
0.641844 0.0503189 0.0882595 9.9973E-05 9.9973E-05 9.9973E-05 0.219277
0.00612972 0.0825607 9.9982E-05 0.270114 0.198365 9.9982E-05 0.44263
9.99641E-05 0.468754 9.99641E-05 9.99641E-05 9.99641E-05 0.0978257 0.43302
9.9973E-05 0.228542 9.9973E-05 0.294757 0.143932 9.9973E-05 0.33247
9.9982E-05 0.399552 0.0935134 0.295623 0.046682 9.9982E-05 0.16443
9.9982E-05 0.0827737 0.285823 0.151245 0.134365 9.9982E-05 0.345593
9.9991E-05 0.228124 0.303579 0.224509 0.045265 0.0663725 0.132051
9.99731E-05 9.99731E-05 0.137714 0.269045 0.193763 9.99731E-05 0.399178
0.115103 0.12329 0.122906 0.189114 9.9991E-05 0.119218 0.33027
0.0467906 9.9982E-05 0.208704 9.9982E-05 0.170705 0.0781691 0.495432
0.0700628 0.129289 0.303849 9.9991E-05 0.198307 0.11268 0.185713
9.9982E-05 0.265628 0.0588313 0.447492 0.0288141 9.9982E-05 0.199034
0.0530563 0.440538 0.27331 9.9982E-05 9.9982E-05 0.00489797 0.227998
9.99641E-05 0.213841 0.56445 9.99641E-05 9.99641E-05 9.99641E-05 0.221309
0.109266 0.37594 9.9973E-05 0.14217 9.9973E-05 9.9973E-05 0.372325
0.15772 0.0899483 0.306062 0.0610053 0.0885969 9.9991E-05 0.296568
9.99641E-05 0.27731 9.99641E-05 0.206736 9.99641E-05 9.99641E-05 0.515554
9.9973E-05 0.204462 0.215426 0.226667 9.9973E-05 9.9973E-05 0.353145
0.0483544 0.427566 9.9982E-05 9.9982E-05 0.303835 0.0484073 0.171638
9.99891E-05 0.0222149 0.421086 9.99891E-05 0.00570823 0.0783004 0.47249
9.9973E-05 0.415954 9.9973E-05 9.9973E-05 0.20532 0.0454313 0.332994
0.103693 0.214706 0.0522715 9.9982E-05 9.9982E-05 0.181583 0.447547
0.0856847 0.0247629 0.242021 0.131832 0.109494 0.0678216 0.338385
0.133939 0.0622253 0.266945 0.329439 0.00226784 9.9991E-05 0.205084
0.0724547 9.9991E-05 0.232043 0.00232677 0.226623 0.00402362 0.462429
9.9982E-05 0.156294 0.318597 0.0389102 0.293795 9.9982E-05 0.192203
9.9973E-05 0.345199 9.9973E-05 9.9973E-05 0.175364 0.0463141 0.432823
0.178784 0.120874 0.220885 0.0850699 9.9991E-05 0.0311895 0.363097
0.0858148 0.175195 0.0304638 0.0386783 0.124958 9.9991E-05 0.544789
9.99641E-05 0.20044 0.587273 9.99641E-05 9.99641E-05 9.99641E-05 0.211888
9.99641E-05 9.99641E-05 0.25991 9.99641E-05 9.99641E-05 0.220881 0.51881
0.0595497 0.000379376 0.253425 0.0858921 9.9991E-05 0.00807027 0.592583
0.0624401 0.14147 0.329602 0.0061344 0.175995 9.9991E-05 0.284259
9.9991E-05 0.263601 0.0609552 0.0490221 0.139459 0.200882 0.285981
0.00253218 0.32259 0.222835 9.9991E-05 0.175996 0.0730336 0.202914
0.0149008 9.9982E-05 0.0899869 0.00344566 0.210818 9.9982E-05 0.680648
0.117294 0.0318327 0.335071 9.9982E-05 0.176103 9.9982E-05 0.3395
0.0264198 0.163891 0.133527 0.123668 0.0361106 9.9991E-05 0.516283
0.0209543 0.0689378 0.189481 9.9991E-05 0.223301 0.0772545 0.419971
9.9973E-05 0.147115 9.9973E-05 0.0872103 0.258459 9.9973E-05 0.506916
9.99731E-05 0.0751368 0.00246614 0.391597 9.99731E-05 9.99731E-05 0.5305
0.00408982 0.212138 0.417109 0.0966098 0.00289112 9.9991E-05 0.267063
9.99821E-05 0.000889145 0.29691 0.202762 0.303786 9.99821E-05 0.195452
0.104377 9.99731E-05 9.99731E-05 0.212565 9.99731E-05 0.14418 0.538578
0.116058 0.143536 9.9982E-05 0.0715475 0.0525171 9.9982E-05 0.616141
0.0619238 0.246511 0.144302 0.180519 0.217875 9.9991E-05 0.14877
0.0240806 0.205259 0.0344323 0.110046 9.9991E-05 0.188465 0.437617
0.0736221 0.0709789 0.490022 0.0283195 0.0835408 0.0441615 0.209355
0.141797 0.104851 0.288467 0.00553359 9.99821E-05 9.99821E-05 0.459151
0.0031536 0.202944 0.578044 9.9973E-05 0.215559 9.9973E-05 9.9973E-05
0.0163462 0.0848106 0.197073 0.245291 9.9991E-05 0.0107433 0.445635
9.9991E-05 0.345678 0.0781265 0.123876 0.0906043 0.0158277 0.345788
0.0779703 0.232396 0.149227 9.9982E-05 0.234621 9.9982E-05 0.305586
0.179655 9.9982E-05 0.213593 9.9982E-05 0.0867711 0.0667512 0.45303
0.145572 0.0306186 0.340506 0.13772 0.0233734 9.9991E-05 0.32211
9.9982E-05 0.10946 0.05523 9.9982E-05 0.189878 0.0110405 0.634191
0.069144 0.017733 0.0862824 9.9982E-05 9.9982E-05 0.156841 0.6698
0.0845867 0.1472 0.176665 0.0694888 0.0131939 0.0411752 0.467691
9.99641E-05 9.99641E-05 9.99641E-05 0.122711 0.210345 9.99641E-05 0.666545
0.031893 0.322629 0.127521 0.0827781 9.9991E-05 0.074017 0.361062
9.99731E-05 0.125639 9.99731E-05 0.054754 0.33535 9.99731E-05 0.483957
9.9982E-05 0.174385 0.0304164 0.296159 0.0163976 9.9982E-05 0.482441
0.141255 0.0910968 0.0032698 0.130579 0.0921094 0.177069 0.364621
9.9973E-05 0.280832 9.9973E-05 0.297232 0.310746 9.9973E-05 0.11089
0.0764211 0.152495 0.257005 0.0290323 0.125601 9.9991E-05 0.359345
0.0159106 0.147346 0.0178704 0.0383328 0.324069 0.0233165 0.433155
9.99641E-05 0.325933 9.99641E-05 0.140683 9.99641E-05 9.99641E-05 0.532984
9.9982E-05 0.121932 0.327514 0.235953 0.110178 9.9982E-05 0.204223
0.142925 9.9982E-05 0.421314 9.9982E-05 0.126116 0.0905083 0.218937
0.0814588 0.42321 0.0817121 0.151371 9.9982E-05 9.9982E-05 0.262048
0.0363453 0.099887 0.152357 0.234277 0.157681 9.9991E-05 0.319353
0.0904996 0.350839 0.238201 0.0837853 0.0761557 0.00861271 0.151906
0.136598 0.0336745 0.159526 0.197983 0.0986599 0.0527265 0.320832
0.0273685 0.271892 0.00997491 0.294469 9.9991E-05 0.144163 0.252033
0.156994 0.0398395 9.9991E-05 0.216701 0.126013 0.0428612 0.417491
0.0453022 9.9982E-05 9.9982E-05 0.259455 0.0817006 0.145778 0.467564
0.182669 0.251926 0.289003 9.9991E-05 0.0564042 0.0410001 0.178898
0.0838873 0.113727 9.9991E-05 0.0461626 0.107529 0.200111 0.448483
0.12775 0.309119 9.9982E-05 0.29334 9.9982E-05 0.0897589 0.179832
0.266324 0.00313988 0.0200016 9.9991E-05 0.251719 0.14333 0.315387
0.00716054 0.315551 0.324293 0.018485 0.077432 0.127265 0.129814
0.0435473 0.133794 0.149582 9.9991E-05 0.0899492 0.0494954 0.533532
0.160706 0.092186 0.175415 0.175657 0.00978654 9.9991E-05 0.386149
9.9991E-05 0.306417 0.106198 0.203689 0.0660961 0.0247413 0.292759
9.9982E-05 0.235277 9.9982E-05 0.156191 0.0452927 0.0297375 0.533301
0.049037 9.9991E-05 0.457109 0.165673 0.102258 0.0540344 0.171788
0.0665574 0.163681 9.9991E-05 0.112973 0.203364 0.0309656 0.422359
0.102924 0.209361 0.0345559 0.0968185 0.222967 9.9991E-05 0.333274
0.012192 0.154793 9.9982E-05 9.9982E-05 0.364995 0.0879144 0.379906
0.0591218 0.139643 0.195407 9.9991E-05 0.0833379 0.017746 0.504645
