0.253703 0.123338 0.622959
0.186483 0.396467 0.41705
0.0406145 0.347155 0.61223
0.217442 0.254648 0.52791
0.334208 0.22421 0.441582
0.0941387 0.399681 0.50618
0.141714 0.309142 0.549144
0.0673264 0.128229 0.804445
0.03275 0.27756 0.68969
0.0246 0.266582 0.708818
0.141224 0.294597 0.564179
0.0747408 0.29709 0.628169
0.130693 0.222993 0.646314
0.0231342 0.393975 0.582891
0.111405 0.231217 0.657378
0.116483 0.24114 0.642377
9.9991E-05 0.368422 0.631478
0.185319 0.254941 0.55974
0.10791 0.290684 0.601406
0.151076 0.387311 0.461613
0.187328 0.297519 0.515153
0.208703 0.268375 0.522922
0.13601 0.235214 0.628777
0.196876 0.169597 0.633527
0.162772 0.191299 0.64593
0.191006 0.389833 0.419161
0.217843 0.439447 0.34271
0.207429 0.373102 0.419468
0.0825807 0.501054 0.416366
0.199425 0.134157 0.666418
0.205941 0.16035 0.63371
0.267476 0.0684341 0.66409
0.149745 0.366166 0.484088
0.0952511 0.310402 0.594347
0.206247 0.25187 0.541883
0.141847 0.237969 0.620184
0.0146812 0.261197 0.724121
0.130504 0.161544 0.707952
0.284229 0.312968 0.402803
0.0638784 0.289521 0.6466
0.164977 0.395208 0.439815
0.294954 0.0648653 0.640181
0.228607 0.146594 0.6248
0.156504 0.385832 0.457664
0.123417 0.371636 0.504947
0.0637827 0.0796346 0.856583
9.9991E-05 0.190226 0.809674
0.240665 9.9991E-05 0.759235
0.0232004 0.125651 0.851148
0.0608998 0.168732 0.770368
0.0830749 0.167657 0.749268
0.0460585 0.107046 0.846896
9.9991E-05 0.120031 0.879869
9.999E-05 9.999E-05 0.9998
0.0349198 0.186588 0.778492
0.186732 9.9991E-05 0.813168
9.9991E-05 0.245965 0.753935
0.095625 0.117151 0.787224
0.0285462 0.030753 0.940701
9.9991E-05 0.063568 0.936332
0.0409957 9.9991E-05 0.958904
9.9991E-05 0.110606 0.889294
0.0117098 0.016723 0.971567
0.0743509 0.0573456 0.868304
0.0716064 0.0724504 0.855943
0.0759846 0.0919242 0.832091
9.9991E-05 0.228102 0.771798
0.0914651 0.0507106 0.857824
0.214302 9.9991E-05 0.785598
0.0715417 9.9991E-05 0.928358
0.0156838 0.191531 0.792785
0.18305 0.180706 0.636244
0.0950852 9.9991E-05 0.904815
9.9991E-05 0.0360225 0.963877
0.0917959 0.2689 0.639304
9.9991E-05 0.139178 0.860722
0.0441851 0.0518245 0.90399
9.9991E-05 0.258386 0.741514
9.9991E-05 0.288392 0.711508
9.9991E-05 0.17741 0.82249
0.133404 0.125471 0.741125
0.115904 0.105401 0.778695
9.9991E-05 0.0292419 0.970658
9.9991E-05 0.197835 0.802065
9.999E-05 9.999E-05 0.9998
9.999E-05 0.9998 9.999E-05
9.9991E-05 0.855304 0.144596
0.0429987 0.948963 0.00803787
0.0148418 0.635221 0.349938
0.0214131 0.978487 9.9991E-05
0.0614966 0.895844 0.0426591
0.0658436 0.853203 0.0809531
0.0745065 0.925394 9.9991E-05
0.0546083 0.939712 0.00568004
0.195964 0.803936 9.9991E-05
9.999E-05 0.9998 9.999E-05
0.00669365 0.803364 0.189942
0.145033 0.82522 0.0297472
0.0682708 0.931629 9.9991E-05
9.999E-05 0.9998 9.999E-05
9.999E-05 0.9998 9.999E-05
0.0491006 0.887277 0.0636221
0.1279 0.702705 0.169395
0.141095 0.814683 0.0442217
0.0195272 0.980373 9.9991E-05
9.9991E-05 0.947957 0.0519432
0.0655301 0.717894 0.216576
9.9991E-05 0.93856 0.0613398
0.107846 0.892054 9.9991E-05
0.0163894 0.983511 9.9991E-05
0.0215406 0.978359 9.9991E-05
0.0440239 0.829987 0.125989
0.0498636 0.950036 9.9991E-05
0.0245222 0.969951 0.00552664
9.999E-05 0.9998 9.999E-05
0.240253 0.626565 0.133182
9.9991E-05 0.849797 0.150103
0.0256886 0.632229 0.342082
0.033698 0.871867 0.0944353
0.0647961 0.800105 0.135099
0.0228595 0.839209 0.137932
9.9991E-05 0.953983 0.0459172
9.9991E-05 0.867253 0.132647
9.9991E-05 0.74791 0.25199
0.0087428 0.991157 9.9991E-05
0.160641 0.521207 0.318151
0.0519722 0.0678425 0.880185
0.0811761 0.11379 0.805034
0.106718 0.237009 0.656273
0.0637547 0.23959 0.696655
0.0838545 0.19578 0.720365
0.0601833 0.0582277 0.881589
0.157304 0.0247555 0.817941
0.0265979 0.151183 0.822219
0.106761 0.179569 0.71367
0.213435 9.9991E-05 0.786465
0.0934671 0.0727627 0.83377
0.111597 9.9991E-05 0.888303
9.9991E-05 0.140456 0.859444
0.0204244 0.0942167 0.885359
0.0281354 0.102444 0.869421
9.999E-05 9.999E-05 0.9998
0.110209 0.0177112 0.87208
0.118071 0.196038 0.685891
0.053053 0.0622622 0.884685
0.167623 0.352537 0.47984
0.136533 0.490221 0.373245
0.229816 0.524874 0.245309
0.236945 0.478472 0.284582
0.0994184 0.557542 0.34304
0.196358 0.500911 0.302732
0.0979032 0.584813 0.317284
0.129996 0.651029 0.218975
0.196375 0.593547 0.210078
0.147384 0.67416 0.178456
0.0712005 0.412903 0.515896
0.107739 0.382616 0.509645
0.175011 0.406875 0.418114
0.204112 0.328797 0.467091
0.280077 0.505278 0.214645
0.203163 0.327694 0.469144
0.0395174 0.493047 0.467436
0.165167 0.731957 0.102877
0.134505 0.444144 0.421351
0.365904 0.633996 9.9991E-05
0.0811413 0.630835 0.288024
0.192721 0.511202 0.296077
0.143511 0.261851 0.594638
0.260732 0.399851 0.339417
0.213572 0.378722 0.407706
0.143721 0.701478 0.154801
0.231613 0.687608 0.0807783
0.0388903 0.557746 0.403364
0.150195 0.415758 0.434047
0.0757392 0.674805 0.249456
0.171727 0.295235 0.533038
0.20582 0.380621 0.413559
0.182508 0.445945 0.371547
0.151031 0.505106 0.343863
0.0929098 0.462625 0.444466
9.9991E-05 0.45585 0.54405
0.127877 0.488862 0.383261
0.0982371 0.547191 0.354572
0.130095 0.674116 0.195789
9.9991E-05 0.450898 0.549002
0.0517484 0.515161 0.43309
0.187405 0.426108 0.386487
0.138491 0.404236 0.457273
0.201752 0.459568 0.33868
9.9991E-05 0.45075 0.54915
9.9991E-05 0.446616 0.553284
0.069846 0.455608 0.474546
0.0423791 0.402001 0.555619
0.170219 0.504887 0.324894
0.130402 0.409946 0.459651
0.0876571 0.330546 0.581797
0.0160497 0.555085 0.428865
0.105636 0.452468 0.441896
9.9991E-05 0.349468 0.650432
0.114407 0.490459 0.395134
0.0234229 0.44459 0.531987
0.137901 0.268444 0.593654
9.9991E-05 0.283716 0.716184
9.9991E-05 0.5716 0.4283
9.9991E-05 0.208808 0.791092
0.0462541 0.440592 0.513153
0.011046 0.42012 0.568834
0.0807039 0.426686 0.49261
0.144241 0.347169 0.50859
0.152452 0.493929 0.353619
9.9991E-05 0.447682 0.552218
0.0319604 0.431439 0.536601
0.144979 0.20671 0.64831
0.110065 0.27712 0.612815
0.132939 0.498584 0.368477
0.155665 0.274221 0.570114
0.262539 0.104671 0.632789
9.99911E-05 0.434768 0.565132
9.9991E-05 0.456467 0.543433
0.126047 0.253418 0.620536
0.118275 0.359332 0.522393
0.108614 0.219475 0.671911
9.9991E-05 0.492511 0.507389
0.137477 0.313129 0.549394
0.0998984 0.297435 0.602667
0.0710611 0.261589 0.66735
0.111461 0.360355 0.528184
0.0893465 0.20712 0.703533
9.9991E-05 0.231642 0.768258
0.151183 9.9991E-05 0.848717
0.160774 0.0188581 0.820368
0.116778 0.201023 0.682199
0.0866838 0.155246 0.75807
0.0330391 0.0756461 0.891315
0.105639 0.20852 0.685841
0.0875743 0.0985781 0.813848
0.0861774 0.151119 0.762703
0.160205 0.0676529 0.772142
0.210544 0.106778 0.682678
0.15399 0.129038 0.716972
0.091159 0.085221 0.82362
0.119422 0.124031 0.756547
0.127003 9.9991E-05 0.872897
0.119189 0.0892859 0.791525
0.0469548 9.9991E-05 0.952945
0.159787 0.0776433 0.76257
0.163506 9.9991E-05 0.836394
0.127545 0.0902658 0.782189
0.210466 0.142102 0.647431
9.9991E-05 0.301843 0.698057
0.0620159 0.135879 0.802105
9.999E-05 9.999E-05 0.9998
0.197367 0.0866162 0.716017
0.16136 0.0888581 0.749782
0.0328432 0.277253 0.689903
9.9991E-05 0.247034 0.752866
0.0552061 0.0722579 0.872536
0.109932 0.148578 0.74149
0.127101 0.209236 0.663663
0.954981 0.0449192 9.9991E-05
0.944556 0.013717 0.0417271
0.528077 0.138603 0.33332
0.84433 0.00789964 0.14777
0.993025 0.00687468 9.9991E-05
0.748797 0.192133 0.05907
0.914392 9.9991E-05 0.0855084
0.780505 9.9991E-05 0.219395
0.91349 9.9991E-05 0.0864096
0.944383 0.0234578 0.0321591
0.9998 9.999E-05 9.999E-05
0.9998 9.999E-05 9.999E-05
0.571749 0.18615 0.242101
0.986874 0.0130265 9.9991E-05
0.46507 0.151586 0.383345
0.784687 9.9991E-05 0.215213
0.598402 0.159563 0.242035
0.674047 0.0465007 0.279452
0.781392 0.0779462 0.140662
0.696337 9.9991E-05 0.303563
0.827258 0.0614258 0.111316
0.845067 0.154833 9.9991E-05
0.9998 9.999E-05 9.999E-05
0.955158 9.9991E-05 0.0447417
0.7895 0.160452 0.0500473
0.9998 9.999E-05 9.999E-05
0.622971 9.9991E-05 0.376929
0.968234 0.0316658 9.9991E-05
0.822413 0.0835676 0.0940197
0.825388 0.174512 9.9991E-05
0.747873 0.143097 0.10903
0.856972 9.9991E-05 0.142929
0.996414 9.9991E-05 0.00348608
0.940718 0.0591825 9.9991E-05
0.99409 9.9991E-05 0.0058097
0.902979 0.045937 0.0510839
0.884125 0.0808839 0.034991
0.738563 0.0958681 0.165568
0.163011 0.0533993 0.78359
9.9991E-05 0.0458487 0.954051
9.9991E-05 0.0434009 0.956499
0.0929023 9.9991E-05 0.906998
0.0118695 0.0449375 0.943193
9.9991E-05 0.230596 0.769304
9.9991E-05 0.055717 0.944183
0.0383863 0.230432 0.731182
0.0537964 0.154494 0.79171
0.149303 0.117619 0.733078
9.9991E-05 0.0707176 0.929182
0.119063 9.9991E-05 0.880837
0.0548692 0.0198064 0.925324
0.0500046 9.9991E-05 0.949895
0.205839 0.0431937 0.750967
9.9991E-05 0.00364926 0.996251
0.0326304 0.0444186 0.922951
0.138034 0.209252 0.652714
9.9991E-05 0.0301161 0.969784
9.9991E-05 0.161709 0.838191
0.166676 0.171504 0.66182
0.18464 0.177701 0.63766
0.183729 0.00668099 0.80959
0.104062 0.0890655 0.806872
9.999E-05 9.999E-05 0.9998
9.999E-05 9.999E-05 0.9998
0.329355 9.9991E-05 0.670545
0.0699033 0.0808153 0.849281
9.999E-05 9.999E-05 0.9998
9.9991E-05 0.174343 0.825557
0.101218 9.9991E-05 0.898682
0.100681 0.0932404 0.806078
0.0287592 0.256166 0.715075
0.021469 0.24092 0.737611
9.9991E-05 0.104653 0.895247
0.0567792 0.0727461 0.870475
0.0430604 9.9991E-05 0.95684
0.0879278 9.9991E-05 0.911972
9.9991E-05 0.133548 0.866352
9.999E-05 9.999E-05 0.9998
0.103536 0.00465437 0.891809
9.9991E-05 0.180434 0.819466
0.0789199 0.246479 0.674601
0.0919636 9.9991E-05 0.907936
0.122181 0.207319 0.670499
0.131573 0.234782 0.633645
0.00148295 0.196106 0.802411
0.199714 0.0224305 0.777856
0.123445 0.039174 0.837381
9.9991E-05 0.0560408 0.943859
0.0490424 0.095449 0.855509
0.0748269 9.9991E-05 0.925073
0.127083 0.138059 0.734858
0.150102 0.0356332 0.814265
9.9991E-05 0.0432198 0.95668
0.092951 0.0928176 0.814231
0.0766206 0.0255562 0.897823
0.0510543 0.0333302 0.915615
0.0839251 0.0932239 0.822851
0.058127 9.9991E-05 0.941773
9.999E-05 9.999E-05 0.9998
0.18584 0.141662 0.672498
0.0844704 9.9991E-05 0.91543
9.9991E-05 0.0759029 0.923997
9.9991E-05 0.172607 0.827293
0.0408256 9.9991E-05 0.959074
9.9991E-05 0.10226 0.89764
0.188621 0.0908802 0.720499
0.0409861 9.9991E-05 0.958914
9.9991E-05 0.0947291 0.905171
0.180871 9.9991E-05 0.819029
0.245828 9.9991E-05 0.754072
0.0784502 0.122145 0.799405
0.0474368 0.248766 0.703797
0.108443 0.263373 0.628184
0.141505 0.116095 0.7424
0.17464 0.199646 0.625714
0.130081 0.323556 0.546364
0.125286 0.16687 0.707844
9.9991E-05 0.157928 0.841972
0.0122065 9.9991E-05 0.987694
0.2319 9.9991E-05 0.768
0.0694312 9.9991E-05 0.930469
0.0248678 0.0167693 0.958363
0.149849 0.135585 0.714566
0.118309 0.112526 0.769165
0.123532 0.133612 0.742856
0.064899 0.18982 0.745281
0.0688709 0.0868552 0.844274
