0.250832 0.0840702 0.237026 0.0101725 9.9973E-05 9.9973E-05 0.112813 0.196144 9.9973E-05 0.108642
0.16249 0.0686769 0.204203 0.248084 0.0714451 0.0186852 9.9982E-05 0.0829043 9.9982E-05 0.143312
9.9982E-05 0.00541864 0.0541752 0.0240001 0.196896 0.0320898 0.108791 9.9982E-05 0.379157 0.199273
0.251081 0.104366 0.0765486 0.171595 0.166303 9.9982E-05 9.9982E-05 0.202431 0.0127843 0.0146908
9.99549E-05 0.275663 0.174253 9.99549E-05 0.178493 9.99549E-05 9.99549E-05 9.99549E-05 0.186771 0.18432
0.0948701 0.0247154 9.9973E-05 0.169745 0.221219 9.9973E-05 9.9973E-05 0.159703 0.220429 0.109018
0.378601 0.243857 9.9973E-05 9.9973E-05 0.00800689 9.9973E-05 0.0307758 0.0398056 0.176818 0.121835
0.275043 9.9964E-05 0.0322726 0.16385 0.288321 0.146494 9.9964E-05 9.9964E-05 0.0936188 9.9964E-05
0.13115 0.198062 9.9982E-05 0.213869 0.125951 0.0368195 0.132109 0.014912 0.146928 9.9982E-05
0.293978 0.00385846 9.9982E-05 0.185768 9.9982E-05 0.0442384 0.103003 0.0165269 0.189127 0.1633
9.9964E-05 9.9964E-05 0.0468174 0.16331 0.152335 0.143245 9.9964E-05 0.223471 0.270422 9.9964E-05
0.258585 9.9964E-05 9.9964E-05 0.317441 0.0993211 0.163295 0.0461351 9.9964E-05 9.9964E-05 0.114823
0.22549 9.9964E-05 0.00984142 0.364247 9.9964E-05 0.113451 0.264929 9.9964E-05 9.9964E-05 0.0216428
0.0475474 0.0483373 0.0121036 0.391281 9.9982E-05 0.203165 0.0681728 0.0843425 0.14485 9.9982E-05
0.18328 9.9991E-05 0.0326216 0.0697799 0.191864 0.253549 0.113431 0.000154137 0.111447 0.0437737
0.1077 9.9964E-05 0.0246806 0.475354 9.9964E-05 0.180889 0.106969 0.104007 9.9964E-05 9.9964E-05
0.098538 0.0856657 9.99729E-05 0.00298735 0.360565 0.242732 9.99729E-05 0.0481597 9.99729E-05 0.161053
0.296958 0.18953 0.150999 0.0896449 9.9973E-05 9.9973E-05 0.105562 9.9973E-05 0.0575346 0.109472
0.438253 0.0242277 0.00507516 0.11972 0.0288145 0.0963708 9.9982E-05 0.152766 9.9982E-05 0.134572
0.0184297 0.237577 0.0473361 0.223931 9.9991E-05 0.0396211 0.0951546 0.0380824 0.201364 0.098404
0.147964 9.99551E-05 0.133253 0.427955 9.99551E-05 0.27864 9.99551E-05 9.99551E-05 9.99551E-05 0.0116874
0.383406 9.9973E-05 0.0736801 0.118408 0.0312547 9.9973E-05 0.211535 0.0847548 9.9973E-05 0.0966608
0.258255 0.10894 0.00433735 0.343119 0.0393126 9.9982E-05 0.139729 0.038723 0.0673839 9.9982E-05
0.124996 9.9973E-05 0.0666797 0.152333 0.334385 0.000235684 9.9973E-05 0.117907 0.203163 9.9973E-05
0.0152776 9.9982E-05 0.0892343 0.0884561 0.241674 0.101282 0.0859408 0.142305 0.235631 9.9982E-05
0.114801 0.00784721 0.0742162 0.222401 0.236136 9.9982E-05 0.127914 9.9982E-05 0.0361191 0.180365
0.201645 0.0654026 0.143162 0.0168511 0.116556 9.9982E-05 0.0573626 0.0812341 9.9982E-05 0.317586
9.9946E-05 9.9946E-05 0.094816 0.380895 9.9946E-05 0.292105 9.9946E-05 0.231585 9.9946E-05 9.9946E-05
9.9973E-05 0.263672 0.0175496 0.119722 0.173602 0.0561509 9.9973E-05 0.217759 9.9973E-05 0.151246
0.322837 9.9964E-05 0.0502728 0.272098 0.0441544 0.212895 9.9964E-05 0.0973423 9.9964E-05 9.9964E-05
0.0756878 0.235311 0.12034 0.269985 0.191624 0.0730923 0.0059419 9.9982E-05 9.9982E-05 0.0278181
0.336069 0.121842 0.0208272 0.274149 0.0479211 9.9964E-05 9.9964E-05 0.198792 9.9964E-05 9.9964E-05
0.0542136 9.9982E-05 9.9982E-05 0.277336 0.268655 0.105588 0.0357895 0.209096 0.00173924 0.0473826
9.9964E-05 0.132768 0.0399257 0.221733 0.0673648 9.9964E-05 0.022057 9.9964E-05 0.515751 9.9964E-05
0.292021 0.16468 0.110316 0.364148 9.9955E-05 9.9955E-05 9.9955E-05 0.0683365 9.9955E-05 9.9955E-05
9.9973E-05 0.392093 0.0496439 9.9973E-05 0.21766 9.9973E-05 0.092177 0.0232139 0.146421 0.0784913
0.107472 9.9973E-05 9.9973E-05 0.261167 0.0206067 0.226253 9.9973E-05 0.120634 0.184419 0.0791479
9.9973E-05 0.109751 0.115476 0.282196 0.0907038 0.29778 9.9973E-05 9.9973E-05 0.0990012 0.00479189
0.211685 0.0556253 0.204903 0.2023 0.220427 9.9964E-05 9.9964E-05 9.9964E-05 9.9964E-05 0.104661
0.448175 9.9964E-05 9.9964E-05 0.121644 9.9964E-05 0.161302 0.00729516 9.9964E-05 0.140384 0.1208
9.9973E-05 0.147865 0.0875659 0.173562 0.130601 9.9973E-05 0.0787576 0.179476 9.9973E-05 0.201873
9.9973E-05 0.138668 0.047897 0.156235 0.0556679 0.357895 0.191304 0.0520329 9.9973E-05 9.9973E-05
0.39282 9.9964E-05 0.0379045 0.0610395 9.9964E-05 0.240551 9.9964E-05 9.9964E-05 0.165076 0.10221
9.9964E-05 9.9964E-05 0.220109 0.161656 0.196965 9.9964E-05 9.9964E-05 0.166125 0.170955 0.0837893
0.0512694 9.997E-05 9.997E-05 0.297414 0.337571 9.997E-05 0.174392 0.0775522 0.0138973 0.0476043
0.171391 0.28953 9.99551E-05 0.148094 0.12466 9.99551E-05 0.265825 9.99551E-05 9.99551E-05 9.99551E-05
9.9955E-05 0.209359 9.9955E-05 9.9955E-05 0.313151 0.356625 9.9955E-05 9.9955E-05 0.00632812 0.114036
0.211659 0.231 0.108168 9.9964E-05 9.9964E-05 0.0150376 0.0548945 9.9964E-05 0.378842 9.9964E-05
9.9955E-05 0.0587602 9.9955E-05 9.9955E-05 0.142691 0.256205 0.423834 9.9955E-05 0.118011 9.9955E-05
0.0768575 0.670633 9.9955E-05 0.113348 0.0506153 9.9955E-05 0.0880463 9.9955E-05 9.9955E-05 9.9955E-05
0.107632 0.430274 0.0473132 0.0169124 9.99641E-05 9.99641E-05 0.207358 9.99641E-05 0.190111 9.99641E-05
0.258879 0.157692 9.9973E-05 0.126403 0.255872 0.0357471 0.0756989 9.9973E-05 0.0894073 9.9973E-05
0.117891 0.413873 9.9964E-05 9.9964E-05 9.9964E-05 0.174582 0.201105 0.0487827 0.0433664 9.9964E-05
0.16068 0.0597627 9.9964E-05 9.9964E-05 0.093583 9.9964E-05 0.200295 0.202736 0.282543 9.9964E-05
0.120113 0.21776 0.0162294 0.159775 9.9973E-05 0.109526 0.153444 9.9973E-05 0.222852 9.9973E-05
0.531305 9.9964E-05 0.0730349 9.9964E-05 0.149351 0.0165802 0.134169 9.9964E-05 0.0951607 9.9964E-05
0.0796601 0.160209 9.9955E-05 9.9955E-05 9.9955E-05 0.44109 9.9955E-05 0.255418 9.9955E-05 0.0631231
0.26474 0.196417 9.9973E-05 0.107276 0.124578 0.0514032 9.9973E-05 0.125299 0.129986 9.9973E-05
9.9955E-05 0.3795 9.9955E-05 0.0157504 9.9955E-05 0.060931 0.0640656 9.9955E-05 0.479254 9.9955E-05
0.255631 0.321692 9.9955E-05 9.9955E-05 0.263881 9.9955E-05 0.144004 9.9955E-05 9.9955E-05 0.0142921
0.217811 0.33949 9.9973E-05 9.9973E-05 0.156185 0.236381 0.022813 0.00173592 0.0252839 9.9973E-05
0.326629 0.162927 9.9964E-05 0.227989 0.063044 0.0678206 0.15119 9.9964E-05 9.9964E-05 9.9964E-05
0.292625 0.490904 9.9946E-05 0.0530498 9.9946E-05 9.9946E-05 0.162822 9.9946E-05 9.9946E-05 9.9946E-05
0.122226 0.119809 0.0513059 9.9982E-05 0.0638571 0.285978 0.0873609 9.9982E-05 0.22101 0.0482529
9.9955E-05 9.9955E-05 0.0591554 0.0478044 9.9955E-05 0.453943 0.393057 9.9955E-05 0.0455399 9.9955E-05
0.118001 9.99551E-05 0.0401383 9.99551E-05 9.99551E-05 0.54857 0.237642 9.99551E-05 9.99551E-05 0.0551496
9.9955E-05 9.9955E-05 9.9955E-05 0.0264891 0.101048 0.55612 9.9955E-05 9.9955E-05 0.184428 0.131415
0.222765 0.338987 0.0105197 0.148673 0.012908 0.0801999 0.0966801 0.0890678 9.9982E-05 9.9982E-05
0.0896507 0.169638 0.142496 0.00788392 0.253553 0.239767 9.9973E-05 0.0967121 9.9973E-05 9.9973E-05
0.226038 0.125935 9.9955E-05 9.9955E-05 9.9955E-05 0.299503 9.9955E-05 0.20478 0.143245 9.9955E-05
0.0202449 0.141415 9.9964E-05 0.181744 0.0219017 0.281937 9.9964E-05 0.352357 9.9964E-05 9.9964E-05
9.996E-05 0.334134 0.0817116 0.0597156 9.996E-05 0.243508 9.996E-05 0.169163 0.111368 9.996E-05
0.125048 0.422822 0.030755 9.9964E-05 9.9964E-05 0.253049 0.163296 9.9964E-05 9.9964E-05 0.00463007
0.458712 0.197563 9.9964E-05 0.121862 9.9964E-05 0.189633 0.0229405 9.9964E-05 0.00888969 9.9964E-05
0.0142345 0.392962 0.0216687 0.182437 0.106601 9.9982E-05 0.0948218 9.9982E-05 0.153947 0.0331277
0.25548 0.193465 9.9973E-05 9.9973E-05 9.9973E-05 0.263635 0.136581 0.131136 0.000305815 0.0190982
9.99201E-05 9.99201E-05 9.99201E-05 9.99201E-05 9.99201E-05 9.99201E-05 0.999101 9.99201E-05 9.99201E-05 9.99201E-05
0.164686 0.234107 9.9964E-05 9.9964E-05 9.9964E-05 0.408078 0.00257383 9.9964E-05 0.016802 0.173355
0.231567 0.14431 9.99731E-05 9.99731E-05 0.015534 0.300948 0.140583 9.99731E-05 0.00732759 0.159431
0.169733 9.99549E-05 9.99549E-05 9.99549E-05 0.076451 0.458164 9.99549E-05 9.99549E-05 0.155456 0.139697
0.124473 0.0660912 0.10657 9.9964E-05 9.9964E-05 9.9964E-05 0.128659 0.266571 0.307237 9.9964E-05
0.299953 0.2046 9.9982E-05 9.9982E-05 0.174006 0.0365324 0.035555 0.038446 0.122599 0.0881082
9.99201E-05 9.99201E-05 9.99201E-05 9.99201E-05 9.99201E-05 9.99201E-05 0.999101 9.99201E-05 9.99201E-05 9.99201E-05
0.0992751 0.158013 9.9973E-05 0.0259134 9.9973E-05 0.577947 0.0967207 9.9973E-05 0.0319456 0.00988491
0.379472 9.9955E-05 9.9955E-05 0.0100715 0.376255 0.0398236 9.9955E-05 0.193878 9.9955E-05 9.9955E-05
0.0408004 9.9937E-05 9.9937E-05 9.9937E-05 9.9937E-05 9.9937E-05 0.221246 9.9937E-05 9.9937E-05 0.737254
9.99461E-05 9.99461E-05 9.99461E-05 0.240526 0.0346758 0.194669 9.99461E-05 9.99461E-05 9.99461E-05 0.52953
0.055911 0.148512 0.00273159 0.158976 9.9973E-05 0.0964546 0.0179016 9.9973E-05 9.9973E-05 0.519213
9.9964E-05 0.0511626 9.9964E-05 0.261646 0.132318 9.9964E-05 0.121863 0.0976681 9.9964E-05 0.334942
9.9964E-05 0.118212 9.9964E-05 0.0806588 0.0329218 9.9964E-05 0.0264189 0.0891834 9.9964E-05 0.652205
9.9964E-05 0.140756 9.9964E-05 0.221178 0.0162674 0.0390702 9.9964E-05 0.0102097 9.9964E-05 0.572119
9.994E-05 0.321339 0.027865 9.994E-05 9.994E-05 9.994E-05 9.994E-05 9.994E-05 0.105972 0.544225
0.178223 9.99576E-05 9.99576E-05 0.0755583 9.99576E-05 0.0689536 9.99576E-05 9.99576E-05 0.0701942 0.606571
9.99551E-05 0.113811 0.0576281 9.99551E-05 9.99551E-05 9.99551E-05 9.99551E-05 0.210672 0.085097 0.532292
0.142992 0.122091 0.0123282 0.0559106 0.14102 9.9964E-05 9.9964E-05 9.9964E-05 9.9964E-05 0.525258
0.00396458 9.99551E-05 9.99551E-05 0.15677 0.158103 9.99551E-05 9.99551E-05 0.0499351 9.99551E-05 0.630727
9.9973E-05 9.9973E-05 0.00808666 0.00216091 0.108091 0.0412132 9.9973E-05 0.1988 0.0934962 0.547851
9.9964E-05 0.252046 0.0827714 0.12148 0.0317419 9.9964E-05 9.9964E-05 9.9964E-05 0.192003 0.319557
9.9964E-05 0.112131 0.028428 0.0937483 0.149966 9.9964E-05 9.9964E-05 0.0878485 9.9964E-05 0.527479
9.99371E-05 9.99371E-05 9.99371E-05 9.99371E-05 0.176491 9.99371E-05 9.99371E-05 0.0831101 9.99371E-05 0.739699
9.99372E-05 9.99372E-05 0.0325938 9.99372E-05 9.99372E-05 0.171887 9.99372E-05 9.99372E-05 9.99372E-05 0.794819
9.99371E-05 0.197796 9.99371E-05 9.99371E-05 9.99371E-05 0.16587 9.99371E-05 9.99371E-05 9.99371E-05 0.635635
9.9973E-05 9.9973E-05 0.0378783 0.26576 9.9973E-05 0.145799 0.0255672 0.115316 0.165275 0.244105
0.179135 9.99549E-05 0.0661095 0.116878 9.99549E-05 9.99549E-05 9.99549E-05 9.99549E-05 0.104899 0.532479
9.9946E-05 0.169602 0.0373343 9.9946E-05 9.9946E-05 0.0560279 9.9946E-05 9.9946E-05 9.9946E-05 0.736436
9.9955E-05 9.9955E-05 0.0269521 9.9955E-05 0.0228884 0.19801 0.138219 9.9955E-05 9.9955E-05 0.61343
9.9964E-05 0.0314992 0.0960219 0.0355124 0.159525 0.19027 9.9964E-05 9.9964E-05 9.9964E-05 0.486772
0.193398 0.0444025 9.99551E-05 9.99551E-05 9.99551E-05 9.99551E-05 0.0397676 9.99551E-05 0.0300932 0.691839
9.99461E-05 0.0966425 9.99461E-05 0.150577 9.99461E-05 9.99461E-05 9.99461E-05 0.147755 9.99461E-05 0.604426
9.9973E-05 0.0802984 0.0809962 9.9973E-05 0.092023 9.9973E-05 0.000705815 0.00182536 0.053529 0.690322
9.99461E-05 0.201292 0.0385889 0.167615 9.99461E-05 9.99461E-05 9.99461E-05 9.99461E-05 9.99461E-05 0.591904
0.0551252 0.1322 9.9964E-05 0.030892 9.9964E-05 0.0557631 9.9964E-05 9.9964E-05 0.144466 0.581154
9.995E-05 0.15283 0.0680737 0.0568117 9.995E-05 9.995E-05 9.995E-05 9.995E-05 0.110037 0.611748
9.9946E-05 9.9946E-05 9.9946E-05 9.9946E-05 9.9946E-05 0.0902263 9.9946E-05 0.127149 0.217794 0.564231
9.99462E-05 9.99462E-05 9.99462E-05 0.173407 9.99462E-05 0.00480249 9.99462E-05 9.99462E-05 0.0675112 0.75368
0.0294024 9.9955E-05 0.169059 0.0924666 9.9955E-05 0.237279 9.9955E-05 9.9955E-05 9.9955E-05 0.471293
9.99551E-05 9.99551E-05 9.99551E-05 0.0150321 0.132914 9.99551E-05 0.159856 9.99551E-05 0.11184 0.579858
0.00489104 0.0294559 9.9964E-05 0.30152 0.178786 9.9964E-05 9.9964E-05 9.9964E-05 0.121591 0.363356
0.0183561 9.996E-05 0.0965206 9.996E-05 0.0744825 0.148314 0.0326367 9.996E-05 9.996E-05 0.62929
0.0788548 9.997E-05 0.0249714 0.0200642 0.131261 0.123021 9.997E-05 0.222628 9.997E-05 0.3989
9.99551E-05 0.178585 0.0584727 0.138177 9.99551E-05 0.206625 9.99551E-05 9.99551E-05 9.99551E-05 0.417641
0.15148 9.9982E-05 9.9982E-05 0.0806304 0.0252155 0.000989007 0.0344 0.0680287 0.00662973 0.632426
9.99549E-05 0.030624 9.99549E-05 9.99549E-05 9.99549E-05 0.135995 0.0921823 0.185784 9.99549E-05 0.554915
9.9964E-05 9.9964E-05 0.0571149 0.142477 9.9964E-05 0.403296 0.0321066 0.109484 9.9964E-05 0.255122
0.0278891 9.9964E-05 0.0175431 0.210242 9.9964E-05 9.9964E-05 9.9964E-05 0.0838473 0.0459003 0.614178
0.060949 9.996E-05 0.176984 9.996E-05 9.996E-05 0.162073 0.107956 0.100234 9.996E-05 0.391404
0.275352 0.35669 9.99551E-05 9.99551E-05 9.99551E-05 9.99551E-05 0.074185 0.248198 0.0450755 9.99551E-05
0.476905 9.9946E-05 9.9946E-05 9.9946E-05 9.9946E-05 0.255141 9.9946E-05 0.0983819 9.9946E-05 0.168973
0.204067 0.2671 0.0211284 0.128772 9.9991E-05 0.168337 0.0438611 0.138811 0.0193459 0.00847668
0.188883 0.0905813 0.0429658 9.99731E-05 0.150252 0.194854 0.0246725 9.99731E-05 9.99731E-05 0.307491
0.165381 0.162596 0.127877 0.227568 9.998E-05 0.100929 0.0584042 0.0495327 0.107514 9.998E-05
0.0757603 9.9964E-05 0.0567434 9.9964E-05 0.219223 0.402755 9.9964E-05 0.0542546 0.190864 9.9964E-05
0.05905 0.281847 0.0950207 0.191183 9.998E-05 0.0285552 0.0971359 0.0965025 0.150506 9.998E-05
0.445822 0.105032 9.9982E-05 9.9982E-05 0.0875392 0.0488747 0.0898179 0.136416 0.0554974 0.0308001
9.9982E-05 0.123097 0.0459643 0.00535565 0.0208412 0.0329442 9.9982E-05 0.238764 0.351061 0.181773
0.369023 0.283063 0.0303674 9.9973E-05 0.0395979 9.9973E-05 0.180964 0.0568172 0.0398673 9.9973E-05
9.9973E-05 0.237517 0.0945409 9.9973E-05 9.9973E-05 0.151423 0.233694 0.163855 0.117151 0.00152028
0.30678 0.113974 0.0613408 9.9973E-05 9.9973E-05 0.164154 0.235496 9.9973E-05 0.0722862 0.0456702
0.0625826 0.122574 9.9964E-05 9.9964E-05 0.144297 0.456725 9.9964E-05 9.9964E-05 0.164554 0.0488667
0.31925 0.141614 0.0509852 9.9982E-05 0.0794192 0.134226 0.158086 0.0224723 9.9982E-05 0.0937466
0.1195 0.169671 0.0130382 9.9973E-05 0.0694827 0.421742 9.9973E-05 0.0578857 0.148381 9.9973E-05
0.147024 0.119185 9.99641E-05 9.99641E-05 0.166916 0.193077 0.164892 9.99641E-05 0.208506 9.99641E-05
0.211907 0.0811732 0.0416902 0.114198 0.0360116 0.280625 0.102846 0.131348 9.998E-05 9.998E-05
9.9973E-05 0.129964 0.00970633 9.9973E-05 0.222256 0.143574 9.9973E-05 0.385537 0.00357893 0.105083
0.190281 0.37219 9.9964E-05 9.9964E-05 0.169775 0.000433684 0.0500102 0.216911 9.9964E-05 9.9964E-05
9.996E-05 0.283113 0.0170283 0.190088 0.177132 9.996E-05 0.0313368 9.996E-05 0.300903 9.996E-05
9.998E-05 0.191555 9.998E-05 0.177563 0.227419 0.0545872 0.0299563 0.0399924 0.152042 0.126685
0.088669 9.9991E-05 0.220922 0.0746336 0.0292013 0.0809056 0.037622 0.271558 0.0367103 0.159678
0.121313 9.9991E-05 0.0472611 0.430137 0.0742487 0.0581225 0.0444379 0.0467465 0.0364867 0.141146
9.9982E-05 0.100924 0.010939 0.029112 0.374183 0.005222 0.0425653 9.9982E-05 0.160241 0.276613
0.083617 9.9964E-05 0.0510081 0.503803 9.9964E-05 9.9964E-05 9.9964E-05 0.093886 0.145584 0.121702
9.99549E-05 9.99549E-05 9.99549E-05 0.475454 9.99549E-05 9.99549E-05 0.238445 0.0696535 0.126536 0.0894118
9.996E-05 0.0698336 0.0518936 0.400248 9.996E-05 0.216277 9.996E-05 9.996E-05 0.117833 0.143514
9.9973E-05 0.0836305 0.0775452 0.172073 0.300684 0.070861 0.0329283 9.9973E-05 9.9973E-05 0.261978
9.9973E-05 0.140925 0.0750681 0.193489 0.0102793 9.9973E-05 9.9973E-05 0.0499505 0.430515 0.0994734
0.00209506 0.315799 0.00348136 0.263207 0.0438572 9.9982E-05 0.0126686 9.9982E-05 0.221159 0.137533
0.0970942 0.176766 9.99549E-05 0.546752 9.99549E-05 0.0398312 0.139056 9.99549E-05 9.99549E-05 9.99549E-05
9.9973E-05 9.9973E-05 0.00686693 0.369836 0.145928 9.9973E-05 0.269555 0.0863628 0.0956692 0.0254821
9.998E-05 0.0704501 0.151293 0.0547736 0.288888 9.998E-05 0.0544109 0.0794787 0.0622422 0.238264
0.0687081 9.9964E-05 0.0738448 0.499447 9.9964E-05 0.147919 0.104272 9.9964E-05 9.9964E-05 0.105408
0.076812 0.204365 0.101067 0.251081 0.00191294 0.0724144 0.0698063 0.196529 0.0259115 9.9991E-05
0.0627546 9.99641E-05 0.0255306 0.282436 0.00139598 0.138168 9.99641E-05 0.489314 9.99641E-05 9.99641E-05
0.0555535 0.00518427 9.9964E-05 0.461437 0.121041 0.0866193 9.9964E-05 9.9964E-05 9.9964E-05 0.269766
0.226167 9.9964E-05 0.0133333 0.272045 9.9964E-05 9.9964E-05 9.9964E-05 0.225093 0.0674684 0.195493
0.0552266 0.0446408 0.321293 0.0571909 9.9973E-05 9.9973E-05 0.0802483 0.0615862 9.9973E-05 0.379514
9.99372E-05 9.99372E-05 9.99372E-05 0.285728 9.99372E-05 9.99372E-05 9.99372E-05 9.99372E-05 0.655027 0.0585456
0.0447139 9.997E-05 0.0822843 0.275734 9.997E-05 9.997E-05 0.188836 0.120827 0.0958034 0.191502
0.323509 0.0130604 0.0423472 0.288069 0.274881 9.9973E-05 0.00115983 9.9973E-05 9.9973E-05 0.056674
0.0110712 0.188316 0.0673741 0.233713 0.264809 9.9982E-05 9.9982E-05 0.0636741 0.0424854 0.128357
9.9964E-05 9.9964E-05 0.0612444 0.155382 9.9964E-05 0.239435 9.9964E-05 0.072526 0.399846 0.0711665
9.99551E-05 0.000530446 0.0690042 0.547729 9.99551E-05 0.227238 9.99551E-05 9.99551E-05 9.99551E-05 0.154998
0.02921 0.0739549 0.168786 0.149014 0.0699696 9.9982E-05 0.0035245 9.9982E-05 0.151621 0.35372
0.141864 0.222476 0.0877828 0.108906 9.997E-05 0.0900342 9.997E-05 9.997E-05 0.0546644 0.293973
9.998E-05 0.0798676 0.143071 0.0623246 0.23464 9.998E-05 0.0393318 0.0670981 0.264191 0.109276
0.114669 9.9946E-05 9.9946E-05 0.59216 9.9946E-05 9.9946E-05 9.9946E-05 9.9946E-05 0.183101 0.109471
0.234499 9.9964E-05 0.0737954 0.0180165 9.9964E-05 9.9964E-05 0.262306 0.316435 9.9964E-05 0.0945476
9.99461E-05 0.00349439 9.99461E-05 0.721758 0.272543 9.99461E-05 0.00160563 9.99461E-05 9.99461E-05 9.99461E-05
9.998E-05 0.186844 0.0402418 0.379709 0.15958 0.0704257 0.0249561 0.0529081 9.998E-05 0.0851356
9.996E-05 0.158206 0.0361824 0.387486 9.996E-05 9.996E-05 0.0993738 0.234383 0.0839695 9.996E-05
0.0820475 0.500586 9.9946E-05 0.382152 9.9946E-05 9.9946E-05 9.9946E-05 9.9946E-05 9.9946E-05 0.0346143
9.9973E-05 9.9973E-05 9.9973E-05 0.265019 0.0901583 0.0894229 0.184955 0.200448 0.0435847 0.126112
9.9964E-05 9.9964E-05 0.00488936 0.249263 9.9964E-05 0.0616615 0.197514 9.9964E-05 0.377129 0.109144
0.214027 9.995E-05 9.995E-05 0.478188 9.995E-05 9.995E-05 9.995E-05 0.0693696 0.0961433 0.141772
0.0299734 9.9973E-05 0.0697049 0.132614 0.0713498 9.9973E-05 9.9973E-05 0.120441 0.220332 0.355286
9.997E-05 0.0635064 9.997E-05 0.440324 0.0600461 0.0915475 0.0347248 9.997E-05 0.176609 0.132942
9.9973E-05 9.9973E-05 0.0123463 0.251232 9.9973E-05 0.152862 0.309687 0.0264482 0.0656738 0.181451
9.997E-05 9.997E-05 0.0734225 0.396491 0.127558 0.103908 0.275161 9.997E-05 0.0186106 0.00454894
9.9955E-05 0.183382 9.9955E-05 0.223487 0.137615 9.9955E-05 9.9955E-05 9.9955E-05 0.404736 0.0502807
9.9964E-05 0.279738 0.122461 0.160782 0.0984513 9.9964E-05 0.139389 9.9964E-05 9.9964E-05 0.198778
9.9982E-05 0.025818 0.0261681 0.0209413 9.9982E-05 0.120901 0.137328 0.219566 0.169222 0.279855
0.0172709 9.998E-05 9.998E-05 0.0690423 0.0575472 0.128673 0.104103 0.379287 0.15984 0.0840361
9.9964E-05 0.217185 9.9964E-05 0.0969098 9.9964E-05 9.9964E-05 0.453405 0.0510311 0.00943576 0.171633
0.109109 0.315125 0.0326174 0.159196 9.9982E-05 0.0700561 0.155223 0.132839 9.9982E-05 0.025635
9.9973E-05 9.9973E-05 0.0207141 0.0259565 0.481226 9.9973E-05 0.0604944 0.255732 0.0642765 0.0912996
9.996E-05 0.0272959 9.996E-05 0.23675 9.996E-05 9.996E-05 0.241368 0.168289 0.302277 0.0236197
9.997E-05 0.298791 9.997E-05 0.221703 0.155752 0.160551 0.0460696 0.011526 0.105307 9.997E-05
9.9955E-05 0.00105269 9.9955E-05 9.9955E-05 9.9955E-05 0.0720431 9.9955E-05 0.617971 0.109718 0.198716
9.998E-05 0.176097 0.039657 0.147893 9.998E-05 0.321993 0.0104223 0.054728 0.12368 0.12533
9.996E-05 9.996E-05 0.0106723 9.996E-05 9.996E-05 0.142833 0.10353 0.092466 0.339187 0.310912
9.9964E-05 0.422519 0.0979716 0.0501876 0.0437352 9.9964E-05 0.0963597 9.9964E-05 9.9964E-05 0.288827
9.995E-05 9.995E-05 9.995E-05 0.0973359 9.995E-05 9.995E-05 0.388035 0.469164 0.0391442 0.00582186
9.99641E-05 0.458119 0.0270757 9.99641E-05 9.99641E-05 9.99641E-05 0.138699 0.221114 0.0254844 0.129107
0.0908598 0.328661 0.019652 9.9964E-05 9.9964E-05 9.9964E-05 9.9964E-05 0.328683 0.171363 0.0603806
9.9955E-05 9.9955E-05 9.9955E-05 9.9955E-05 9.9955E-05 0.0297518 0.36325 0.271706 0.0511096 0.283683
9.9973E-05 0.012494 9.9973E-05 0.0782338 0.105983 0.137767 0.166211 0.312042 0.18697 9.9973E-05
9.9982E-05 0.249162 0.0160016 0.0297658 0.0691908 9.9982E-05 0.098287 0.353441 0.0930219 0.0909301
0.0202137 0.0283355 9.9964E-05 9.9964E-05 0.113813 9.9964E-05 0.151723 0.575487 9.9964E-05 0.110027
0.206689 9.9964E-05 9.9964E-05 0.00954486 9.9964E-05 9.9964E-05 0.0292835 0.380759 0.247701 0.125623
9.9982E-05 0.109983 0.0972191 0.0487328 9.9982E-05 0.305583 0.131822 0.170026 0.0505644 0.0858696
9.99551E-05 9.99551E-05 0.00598874 9.99551E-05 0.454265 9.99551E-05 0.0584083 0.262832 9.99551E-05 0.218006
9.9955E-05 9.9955E-05 9.9955E-05 0.222012 9.9955E-05 9.9955E-05 0.190091 0.161916 0.376008 0.0494729
9.9964E-05 0.0110843 0.0605117 0.159428 9.9964E-05 0.216478 0.249723 0.302375 9.9964E-05 9.9964E-05
0.0903949 9.9964E-05 0.0349406 9.9964E-05 9.9964E-05 9.9964E-05 0.157205 0.441356 0.247908 0.0277948
9.9982E-05 0.00324862 0.0528913 9.9982E-05 0.185145 0.026298 0.107501 0.342702 0.15573 0.126284
9.9973E-05 0.0897458 9.9973E-05 0.118322 0.33634 9.9973E-05 0.02602 0.185512 0.061946 0.181814
0.0890705 0.152106 0.0998458 0.0993526 0.0456719 9.999E-05 0.0710295 0.131541 0.115523 0.195759
0.00215274 0.0560515 0.114848 9.9964E-05 0.21619 0.180913 9.9964E-05 0.429445 9.9964E-05 9.9964E-05
9.99552E-05 9.99552E-05 9.99552E-05 9.99552E-05 9.99552E-05 0.0184392 0.157193 0.372448 0.348086 0.103334
9.998E-05 0.0971906 0.0132388 0.00841467 0.139071 0.0890862 9.998E-05 0.259815 0.21757 0.175413
0.25094 9.998E-05 9.998E-05 0.192701 0.0651191 0.0623254 0.0225328 0.321633 0.0218861 0.0626626
9.9964E-05 0.0823112 0.131844 9.9964E-05 0.131694 0.127349 9.9964E-05 0.370814 9.9964E-05 0.155587
0.34737 0.120901 0.013844 0.0477898 9.9973E-05 0.0346317 9.9973E-05 0.376669 9.9973E-05 0.0584937
0.00767769 0.30616 9.9973E-05 0.0396997 0.128477 9.9973E-05 0.00991631 0.146161 9.9973E-05 0.361609
0.152555 0.0342561 0.0195592 0.02446 0.050793 0.0915234 9.9982E-05 0.478279 9.9982E-05 0.148374
9.996E-05 0.160219 0.0752615 9.996E-05 9.996E-05 9.996E-05 0.167487 0.421474 0.102272 0.0728867
9.9982E-05 0.137238 0.0831827 0.019473 0.305308 9.9982E-05 0.0291733 0.313078 0.0500519 0.0622952
9.998E-05 0.0824878 0.0484958 0.153403 9.998E-05 0.217387 0.0530493 0.210235 0.136802 0.0979398
9.998E-05 0.258749 0.0467381 0.0551697 0.0202181 0.0372406 0.185229 0.307709 0.0887456 9.998E-05
0.192007 9.9973E-05 0.0937188 0.178087 0.0204578 0.125314 9.9973E-05 0.183728 0.206388 9.9973E-05
0.243414 9.99641E-05 0.0825126 0.0115585 0.142476 9.99641E-05 0.133061 9.99641E-05 0.386577 9.99641E-05
0.0633214 0.200539 0.0188941 9.9964E-05 0.127777 9.9964E-05 0.113729 9.9964E-05 0.475339 9.9964E-05
0.0274942 0.0849995 0.057712 9.9973E-05 9.9973E-05 0.22369 0.073959 9.9973E-05 0.478407 0.0534383
0.258818 0.13962 9.99639E-05 0.128188 0.0690379 9.99639E-05 0.185057 9.99639E-05 0.218879 9.99639E-05
0.0506472 0.250892 9.99731E-05 9.99731E-05 0.212117 0.126395 0.0107877 9.99731E-05 0.294874 0.0539868
0.0653258 9.9964E-05 0.0509278 9.9964E-05 0.0303633 0.449813 0.0308246 9.9964E-05 0.372345 9.9964E-05
0.0675409 9.9973E-05 0.0500095 0.0411409 0.0489101 0.123322 0.187341 9.9973E-05 0.481436 9.9973E-05
0.300708 0.188247 0.0398385 9.99551E-05 9.99551E-05 0.0148582 9.99551E-05 9.99551E-05 0.455849 9.99551E-05
9.99641E-05 9.99641E-05 0.0989347 9.99641E-05 0.0323357 9.99641E-05 0.277056 0.0391454 0.538097 0.0140313
0.471013 0.161266 0.101163 0.0331339 9.9973E-05 9.9973E-05 9.9973E-05 0.0270389 0.151316 0.054769
0.331681 0.393534 0.0882351 9.9973E-05 0.0208784 9.9973E-05 0.001702 9.9973E-05 0.111301 0.0523681
0.0831046 9.996E-05 0.0231212 9.996E-05 0.315095 0.0406881 0.267464 9.996E-05 0.270128 9.996E-05
0.412319 9.9964E-05 0.0388088 9.9964E-05 0.087749 9.9964E-05 0.028149 9.9964E-05 0.376208 0.056367
0.454167 9.99461E-05 0.0209932 9.99461E-05 9.99461E-05 9.99461E-05 0.125041 9.99461E-05 0.399199 9.99461E-05
9.99549E-05 9.99549E-05 9.99549E-05 9.99549E-05 0.253628 0.0154619 0.136004 9.99549E-05 0.588325 0.00608216
0.253582 0.191975 9.9955E-05 9.9955E-05 0.0835515 0.141035 9.9955E-05 9.9955E-05 0.329357 9.9955E-05
0.12975 9.9955E-05 0.0358427 9.9955E-05 0.160108 0.000197036 9.9955E-05 9.9955E-05 0.673603 9.9955E-05
0.240435 9.995E-05 0.0338696 9.995E-05 0.290614 0.0656307 9.995E-05 9.995E-05 0.368951 9.995E-05
9.9964E-05 0.249374 0.0898636 9.9964E-05 0.0887577 0.336899 9.9964E-05 0.0115794 0.223127 9.9964E-05
0.167677 0.149957 0.227155 9.9982E-05 0.0861616 0.0422729 0.181233 9.9982E-05 0.0992184 0.0461239
9.99461E-05 9.99461E-05 9.99461E-05 9.99461E-05 0.288814 0.172992 9.99461E-05 9.99461E-05 0.509132 0.0284633
9.9973E-05 0.182946 0.00736138 9.9973E-05 0.329475 0.0945259 9.9973E-05 0.0122968 0.370475 0.00262125
0.125292 9.99551E-05 9.99551E-05 9.99551E-05 0.189838 9.99551E-05 0.035529 0.0279014 0.62094 9.99551E-05
0.325194 0.103194 0.0954241 0.195617 9.9964E-05 0.103446 9.9964E-05 9.9964E-05 0.176726 9.9964E-05
0.34174 0.407463 0.055758 9.9973E-05 9.9973E-05 0.061194 9.9973E-05 0.000753359 0.100566 0.032226
0.125531 0.198837 9.998E-05 0.0534919 0.0849312 0.149235 0.0374237 9.998E-05 0.226514 0.123836
0.00240404 0.0757151 9.9964E-05 9.9964E-05 0.296648 0.129297 9.9964E-05 9.9964E-05 0.429669 0.0658677
0.375388 9.998E-05 0.0179127 9.998E-05 0.0350797 0.175979 0.108451 0.169263 0.111406 0.00632006
9.99551E-05 9.99551E-05 0.0497074 0.205575 0.0595489 0.666645 0.018024 9.99551E-05 9.99551E-05 9.99551E-05
0.114074 0.0403278 9.99641E-05 0.156195 0.000464852 0.0467363 9.99641E-05 9.99641E-05 0.641802 9.99641E-05
9.99371E-05 9.99371E-05 0.781245 9.99371E-05 9.99371E-05 9.99371E-05 0.125153 9.99371E-05 9.99371E-05 0.0929022
9.9937E-05 9.9937E-05 0.584128 9.9937E-05 9.9937E-05 9.9937E-05 9.9937E-05 0.362123 0.0530494 9.9937E-05
9.99551E-05 0.182457 0.471492 0.0353097 9.99551E-05 9.99551E-05 9.99551E-05 0.132594 0.177648 9.99551E-05
9.9964E-05 0.0619841 0.639194 0.0156571 9.9964E-05 9.9964E-05 0.0633704 0.107638 0.111757 9.9964E-05
9.9982E-05 0.00499909 0.840783 0.0346783 9.9982E-05 0.0399798 0.0232191 0.0429655 0.00123213 0.0119427
9.9946E-05 9.9946E-05 0.632698 0.0350439 0.17018 9.9946E-05 0.161478 9.9946E-05 9.9946E-05 9.9946E-05
9.99551E-05 9.99551E-05 0.747814 0.0218306 9.99551E-05 0.15568 0.0337891 0.0403869 9.99551E-05 9.99551E-05
9.9955E-05 9.9955E-05 0.636492 0.0310726 9.9955E-05 0.0991288 9.9955E-05 0.0619772 0.17083 9.9955E-05
0.0713653 9.996E-05 0.718213 0.0579921 0.0810079 0.0557052 9.996E-05 0.015317 9.996E-05 9.996E-05
9.9946E-05 0.0528074 0.723537 9.9946E-05 0.0628455 9.9946E-05 9.9946E-05 9.9946E-05 0.160211 9.9946E-05
0.013189 9.99371E-05 0.970038 9.99371E-05 9.99371E-05 9.99371E-05 0.0160736 9.99371E-05 9.99371E-05 9.99371E-05
9.99461E-05 0.060453 0.906935 9.99461E-05 9.99461E-05 9.99461E-05 0.0232611 9.99461E-05 0.00875154 9.99461E-05
0.232065 0.00557134 0.527858 9.9964E-05 9.9964E-05 9.9964E-05 0.00191243 0.170518 9.9964E-05 0.0616744
9.99505E-05 0.142015 0.811356 9.99505E-05 9.99505E-05 0.0149212 9.99505E-05 9.99505E-05 0.0311076 9.99505E-05
9.997E-05 0.060078 0.288996 0.127124 0.123144 9.997E-05 9.997E-05 0.00854925 0.277209 0.1146
0.012423 9.9955E-05 0.710933 9.9955E-05 0.022291 0.225168 0.0286859 9.9955E-05 9.9955E-05 9.9955E-05
0.0478666 0.106871 0.349084 0.176568 9.998E-05 0.0863378 0.0378944 0.146103 0.0490751 9.998E-05
0.0152842 9.9955E-05 0.544099 0.175966 0.149512 0.114639 9.9955E-05 9.9955E-05 9.9955E-05 9.9955E-05
0.0319475 0.0668933 0.554237 9.99641E-05 9.99641E-05 0.0865498 9.99641E-05 0.235074 9.99641E-05 0.0248993
9.9955E-05 9.9955E-05 0.573037 9.9955E-05 0.207669 9.9955E-05 0.0423406 0.107353 0.0691009 9.9955E-05
9.99461E-05 9.99461E-05 0.673051 9.99461E-05 9.99461E-05 9.99461E-05 0.201046 9.99461E-05 0.0598264 0.0654776
9.99461E-05 9.99461E-05 0.709869 0.0538981 9.99461E-05 0.21996 9.99461E-05 9.99461E-05 9.99461E-05 0.0156728
9.9946E-05 0.079169 0.799991 0.0903741 9.9946E-05 9.9946E-05 0.0298663 9.9946E-05 9.9946E-05 9.9946E-05
9.9955E-05 0.170868 0.737872 9.9955E-05 0.0268545 9.9955E-05 0.0605676 9.9955E-05 0.0033378 9.9955E-05
9.99371E-05 0.32844 0.608175 9.99371E-05 9.99371E-05 9.99371E-05 9.99371E-05 9.99371E-05 0.0626854 9.99371E-05
0.00114621 9.99461E-05 0.913 0.0142753 9.99461E-05 0.0709791 9.99461E-05 9.99461E-05 9.99461E-05 9.99461E-05
0.213051 0.135618 0.56035 9.995E-05 9.995E-05 0.0476105 9.995E-05 0.04287 9.995E-05 9.995E-05
0.0221792 9.99461E-05 0.797665 9.99461E-05 0.0997465 0.0798098 9.99461E-05 9.99461E-05 9.99461E-05 9.99461E-05
0.100051 9.9964E-05 0.657398 0.015502 0.109418 9.9964E-05 9.9964E-05 0.0874034 9.9964E-05 0.0298289
0.093939 9.996E-05 0.710815 0.0284773 0.0811978 9.996E-05 0.0144212 9.996E-05 9.996E-05 0.0707496
0.128089 9.9973E-05 0.669372 0.0971918 0.0318343 9.9973E-05 0.0369268 0.0138453 9.9973E-05 0.022441
9.9955E-05 0.0371052 0.634836 0.0413831 0.229162 0.0570145 9.9955E-05 9.9955E-05 9.9955E-05 9.9955E-05
9.99281E-05 9.99281E-05 0.799044 9.99281E-05 9.99281E-05 9.99281E-05 9.99281E-05 0.200156 9.99281E-05 9.99281E-05
9.995E-05 9.995E-05 0.821823 0.0338496 0.0075428 0.132872 9.995E-05 9.995E-05 9.995E-05 0.00341252
0.0939866 9.99461E-05 0.840563 0.0539084 9.99461E-05 9.99461E-05 0.0109428 9.99461E-05 9.99461E-05 9.99461E-05
9.99551E-05 0.180357 0.619561 9.99551E-05 0.0869224 9.99551E-05 9.99551E-05 9.99551E-05 0.0977951 0.0148654
9.9955E-05 0.0640134 0.737102 9.9955E-05 0.14021 0.0116825 0.0464924 9.9955E-05 9.9955E-05 9.9955E-05
9.9964E-05 0.0922009 0.527519 0.0496972 0.160323 0.130571 9.9964E-05 9.9964E-05 0.039289 9.9964E-05
0.203835 0.0509258 0.196321 9.9964E-05 9.9964E-05 0.222773 0.266552 9.9964E-05 9.9964E-05 0.0591936
9.996E-05 0.176072 9.996E-05 9.996E-05 0.0274367 0.572343 0.0386957 0.041578 0.143475 9.996E-05
0.015785 9.99549E-05 9.99549E-05 9.99549E-05 0.333569 0.284807 0.0369686 9.99549E-05 0.32837 9.99549E-05
0.27475 9.99641E-05 9.99641E-05 0.0485759 0.147959 0.256387 9.99641E-05 0.265277 0.00665152 9.99641E-05
0.142939 0.458554 9.99549E-05 9.99549E-05 9.99549E-05 9.99549E-05 0.0677088 0.033145 0.297153 9.99549E-05
9.995E-05 0.332686 9.995E-05 9.995E-05 0.0773513 0.0906766 9.995E-05 0.080387 0.4184 9.995E-05
0.352817 0.25515 9.99641E-05 9.99641E-05 9.99641E-05 0.0893938 0.109841 0.114722 0.0776756 9.99641E-05
0.0491143 0.288661 0.0413195 0.000527032 0.0885493 0.107389 0.192481 9.9991E-05 0.195554 0.0363045
0.114667 0.230593 9.99551E-05 9.99551E-05 9.99551E-05 0.353629 0.203067 9.99551E-05 9.99551E-05 0.0975445
0.295551 0.071526 0.102985 9.9982E-05 0.0978875 0.0239101 9.9982E-05 0.313035 0.00125751 0.0936475
9.99461E-05 0.378562 9.99461E-05 9.99461E-05 0.131352 0.291793 9.99461E-05 9.99461E-05 0.197693 9.99461E-05
0.104514 0.212215 0.0217972 9.9964E-05 0.364311 0.124129 9.9964E-05 0.172633 9.9964E-05 9.9964E-05
0.7609 0.187869 9.99551E-05 0.0270895 9.99551E-05 9.99551E-05 9.99551E-05 9.99551E-05 0.00901662 0.0146257
0.310529 0.181603 9.9946E-05 9.9946E-05 0.446813 0.0604548 9.9946E-05 9.9946E-05 9.9946E-05 9.9946E-05
0.229506 0.12421 0.105878 9.9973E-05 9.9973E-05 0.0779505 0.132021 0.133904 0.19623 9.9973E-05
9.99371E-05 0.343393 9.99371E-05 9.99371E-05 0.348907 0.307001 9.99371E-05 9.99371E-05 9.99371E-05 9.99371E-05
0.4083 0.0470026 9.9955E-05 9.9955E-05 9.9955E-05 0.237759 0.262283 9.9955E-05 9.9955E-05 0.0441558
9.9964E-05 0.0316802 9.9964E-05 9.9964E-05 0.404367 0.168045 0.135313 0.159539 9.9964E-05 0.100656
0.058805 0.0542283 0.0138123 9.9973E-05 0.00151348 0.533685 0.32626 9.9973E-05 0.0113958 9.9973E-05
0.1182 0.144991 9.9955E-05 0.12867 9.9955E-05 0.20975 9.9955E-05 0.39789 9.9955E-05 9.9955E-05
0.428378 0.0143744 0.259238 0.0426168 9.99641E-05 0.223386 9.99641E-05 9.99641E-05 9.99641E-05 0.0316073
0.084714 0.364733 0.0854869 9.9964E-05 9.9964E-05 9.9964E-05 0.0981646 0.0383559 0.328146 9.9964E-05
0.0776415 0.0539658 0.156708 0.151417 0.0549629 0.169768 0.30897 9.998E-05 0.0263666 9.998E-05
0.408621 0.186262 0.0415238 9.9973E-05 0.0651058 0.126845 0.069896 0.101446 9.9973E-05 9.9973E-05
0.286904 0.210347 9.99639E-05 9.99639E-05 0.0835148 9.99639E-05 0.154049 0.128492 0.136293 9.99639E-05
9.9964E-05 0.500125 9.9964E-05 9.9964E-05 0.0683483 0.186348 0.0124673 0.230546 0.00176538 9.9964E-05
0.184902 0.156879 0.234715 9.997E-05 0.130768 0.248142 9.997E-05 0.0148094 0.0294843 9.997E-05
0.415925 9.99641E-05 9.99641E-05 0.0533949 0.0694888 0.262699 0.096791 0.101302 9.99641E-05 9.99641E-05
0.850698 0.042803 9.99461E-05 9.99461E-05 9.99461E-05 0.0357797 9.99461E-05 0.0701198 9.99461E-05 9.99461E-05
0.122472 0.522564 9.99551E-05 9.99551E-05 9.99551E-05 0.12076 9.99551E-05 9.99551E-05 0.13569 0.098014
0.137649 0.194166 0.0689384 9.998E-05 0.0920163 0.294348 0.0270133 0.0187297 0.166939 9.998E-05
0.220623 0.157923 0.00104618 9.9982E-05 9.9982E-05 0.232118 0.00935616 0.184638 0.151343 0.0427532
0.121346 0.360437 9.99729E-05 9.99729E-05 9.99729E-05 0.174755 0.0259831 0.22547 0.00365681 0.0880517
9.997E-05 0.0968074 0.0550782 9.997E-05 0.165512 0.293216 0.0439493 0.169804 0.175333 9.997E-05
9.99461E-05 0.206031 9.99461E-05 9.99461E-05 9.99461E-05 0.207048 0.20304 9.99461E-05 0.383282 9.99461E-05
0.120795 0.279591 0.0145387 9.9973E-05 0.276563 0.046372 0.226024 9.9973E-05 9.9973E-05 0.0358158
0.196235 9.9946E-05 9.9946E-05 9.9946E-05 0.119144 0.374599 0.309421 9.9946E-05 9.9946E-05 9.9946E-05
0.218084 0.0742492 9.9982E-05 0.0835881 0.0543997 0.263508 0.172757 9.9982E-05 0.102777 0.0304361
9.99551E-05 0.28278 9.99551E-05 9.99551E-05 0.0559466 0.300662 0.255476 0.104635 9.99551E-05 9.99551E-05
0.184597 0.143284 9.99551E-05 9.99551E-05 0.137479 0.410829 0.123312 9.99551E-05 9.99551E-05 9.99551E-05
0.194434 9.996E-05 0.0421894 9.996E-05 0.443176 0.126012 0.0912468 0.102542 9.996E-05 9.996E-05
9.99641E-05 0.00192343 9.99641E-05 9.99641E-05 0.204758 0.00857781 0.323852 0.238229 0.22226 9.99641E-05
9.99804E-05 0.401805 0.015561 9.99804E-05 0.13025 0.162256 0.00442859 0.259213 9.99804E-05 0.0261874
0.0457344 0.312437 0.0232959 9.9964E-05 0.309605 0.0632536 0.245275 9.9964E-05 9.9964E-05 9.9964E-05
0.159776 9.997E-05 0.0343001 0.130273 0.372341 9.997E-05 0.184448 0.0594112 0.0591501 9.997E-05
0.0340517 0.200125 0.0637775 9.9973E-05 0.361818 9.9973E-05 0.103604 9.9973E-05 0.187503 0.0488221
0.29003 0.31339 9.9955E-05 9.9955E-05 9.9955E-05 0.0536842 9.9955E-05 0.210124 9.9955E-05 0.132272
0.0989388 0.43948 0.0646535 9.9955E-05 0.324207 9.9955E-05 9.9955E-05 9.9955E-05 0.072221 9.9955E-05
0.299111 0.100313 0.0689203 0.0985881 9.9982E-05 0.049142 9.9982E-05 0.0194486 0.325977 0.0383003
0.0778132 0.288258 9.9973E-05 0.193541 0.00600371 0.327766 9.9973E-05 0.0958008 0.0105167 9.9973E-05
0.104632 0.113716 0.00423916 9.9991E-05 0.0891967 0.0269537 0.374299 0.0161261 0.266018 0.00471949
0.0790684 0.302283 0.0377468 0.0465179 9.9982E-05 0.362861 0.00373883 0.00765715 0.159926 9.9982E-05
0.0661605 0.404491 0.10619 9.9973E-05 0.011978 0.219025 0.154363 9.9973E-05 0.0374925 9.9973E-05
0.483772 0.208568 0.0845362 0.0847714 0.00172348 9.9964E-05 9.9964E-05 0.136229 9.9964E-05 9.9964E-05
0.000718612 0.118939 9.99641E-05 9.99641E-05 0.15111 0.5018 0.216697 9.99641E-05 9.99641E-05 0.0103354
9.99461E-05 0.203219 9.99461E-05 9.99461E-05 0.424203 0.116641 0.255337 9.99461E-05 9.99461E-05 9.99461E-05
0.387914 0.211076 9.9973E-05 9.9973E-05 0.00518512 0.0410823 0.187971 9.9973E-05 0.0667484 0.099723
9.9955E-05 0.256811 9.9955E-05 0.119773 0.159109 0.26028 0.203527 9.9955E-05 9.9955E-05 9.9955E-05
0.254519 0.243636 9.997E-05 9.997E-05 0.291628 0.0161188 0.0289425 0.116721 9.997E-05 0.0481353
9.99551E-05 0.221559 9.99551E-05 9.99551E-05 0.308081 0.254885 0.0132053 0.201769 9.99551E-05 9.99551E-05
0.177843 0.185845 9.9973E-05 0.0257056 0.0623154 0.105087 0.122543 9.9973E-05 0.32036 9.9973E-05
9.99729E-05 0.105904 0.138149 0.0389624 9.99729E-05 0.295608 0.366621 0.0277206 9.99729E-05 0.0267343
0.174822 9.9955E-05 0.0327823 9.9955E-05 0.3343 9.9955E-05 0.284658 0.172938 9.9955E-05 9.9955E-05
0.221243 0.179253 9.996E-05 0.0317829 0.159843 0.120954 9.996E-05 0.286524 9.996E-05 9.996E-05
0.0996784 0.00486405 9.9964E-05 0.060489 9.9964E-05 0.500489 0.134727 0.199353 9.9964E-05 9.9964E-05
0.0353888 9.99461E-05 9.99461E-05 9.99461E-05 0.324079 0.410659 0.229273 9.99461E-05 9.99461E-05 9.99461E-05
0.107455 0.140545 9.9973E-05 0.0305159 9.9973E-05 0.219894 0.00489396 0.275559 0.220838 9.9973E-05
0.0283453 0.214013 0.13992 0.0334044 9.997E-05 0.409346 9.997E-05 0.108904 0.0657668 9.997E-05
0.189154 0.209373 9.9964E-05 0.000608468 0.452528 9.9964E-05 0.136498 9.9964E-05 9.9964E-05 0.0114384
0.125532 0.0272535 9.996E-05 0.267731 0.231551 0.263386 9.996E-05 0.0841458 9.996E-05 9.996E-05
0.128982 0.0767797 0.0325054 0.0689749 0.151009 0.209 0.281976 0.0505738 9.9982E-05 9.9982E-05
0.256467 0.116633 0.0587999 0.0339038 0.282111 0.00856338 0.157356 0.0679917 0.0180752 9.9991E-05
9.996E-05 0.264373 0.0442858 0.0132705 0.14128 0.359743 9.996E-05 9.996E-05 0.176648 9.996E-05
9.9982E-05 0.1369 0.122579 0.0179848 9.9982E-05 0.38458 0.0382109 0.00311228 0.239893 0.0565391
0.546517 9.99461E-05 9.99461E-05 9.99461E-05 0.340922 9.99461E-05 9.99461E-05 0.0694392 9.99461E-05 0.0425227
0.0725876 0.267457 0.0849359 9.9982E-05 9.9982E-05 0.191932 0.127009 0.0244743 0.194839 0.0365647
0.0633868 0.365081 0.0226375 9.9991E-05 0.205148 0.00174877 0.120715 0.0534041 0.114433 0.0533456
0.0619748 0.00945843 0.131423 0.0675635 0.302578 9.9982E-05 0.0564125 9.9982E-05 0.239559 0.130831
0.0809481 9.9973E-05 0.0679636 0.00721899 9.9973E-05 0.359112 9.9973E-05 0.230451 0.185553 0.0684545
0.185308 0.376116 9.9973E-05 0.0937517 9.9973E-05 0.246827 9.9973E-05 0.0120204 0.0382751 0.047402
9.9955E-05 0.431679 9.9955E-05 9.9955E-05 0.23768 0.152486 0.0753366 0.102318 9.9955E-05 9.9955E-05
0.163986 9.99624E-05 0.190762 9.99624E-05 0.0527312 0.590689 0.00133194 9.99624E-05 9.99624E-05 9.99624E-05
0.260935 0.0848786 9.9955E-05 9.9955E-05 0.500137 9.9955E-05 0.0826901 9.9955E-05 9.9955E-05 0.0708599
0.257222 0.0349592 9.99641E-05 9.99641E-05 0.0971003 0.271071 0.0136951 9.99641E-05 0.325553 9.99641E-05
0.437962 9.9973E-05 0.0568565 9.9973E-05 9.9973E-05 0.110053 0.175819 0.0320493 0.0239955 0.162965
9.9964E-05 9.9964E-05 0.0619821 9.9964E-05 9.9964E-05 0.448003 0.252281 0.045577 0.0821288 0.109628
9.9973E-05 0.0202023 9.9973E-05 9.9973E-05 0.200457 0.232949 0.154723 0.2547 0.0571097 0.0795589
0.0239799 0.411317 0.0309691 9.9973E-05 9.9973E-05 0.0537206 9.9973E-05 0.239495 0.19149 0.0487289
0.137178 0.374319 0.0531254 9.99641E-05 0.187268 9.99641E-05 9.99641E-05 0.166537 0.0811723 9.99641E-05
