0.0168162 0.0449062 0.0183938 0.00292498 0.769646 0.147313
0.0956339 9.9991E-05 0.123373 0.0603579 0.658787 0.0617483
0.0507436 9.9991E-05 0.0866103 0.0601107 0.736088 0.0663474
9.9982E-05 9.9982E-05 0.0502533 0.0363172 0.69334 0.219889
0.00241204 9.9982E-05 9.9982E-05 0.0118979 0.842997 0.142493
0.126006 0.00508485 0.0878143 9.9991E-05 0.711079 0.0699159
9.999E-05 0.0544713 0.0581469 0.00827071 0.752147 0.126864
0.0946504 9.9982E-05 0.0693226 9.9982E-05 0.709883 0.125944
0.0440812 0.00894212 0.0997644 0.00540236 0.718634 0.123176
9.9964E-05 9.9964E-05 9.9964E-05 9.9964E-05 0.8459 0.153701
0.0280636 0.000948311 0.118998 9.9991E-05 0.786468 0.0654219
0.0312564 9.9991E-05 0.00822359 0.056619 0.838829 0.0649718
0.0575405 0.0170866 0.0451351 0.0365007 0.64969 0.194047
0.0300918 9.9991E-05 0.157217 0.0558781 0.738051 0.0186628
0.0709031 9.9991E-05 0.096951 0.0651555 0.722109 0.0447816
0.0752395 9.9991E-05 0.0252196 0.0335332 0.759817 0.10609
0.0558752 0.0144081 0.0916655 0.0537062 0.713453 0.0708915
0.0421613 0.0897426 0.0692293 0.0148698 0.735752 0.0482447
0.0414783 9.9982E-05 0.0765874 9.9982E-05 0.748118 0.133616
0.0197384 9.9991E-05 0.0414292 0.0106321 0.75615 0.17195
0.10451 0.048598 0.0482627 0.0720428 0.579265 0.147322
0.0104279 9.9982E-05 0.0533061 9.9982E-05 0.861981 0.0740855
0.0863313 9.9991E-05 0.0266255 0.0400522 0.763867 0.0830244
0.0255186 9.9991E-05 0.109644 0.0291433 0.722097 0.113497
0.0225441 9.9991E-05 0.0374693 0.0155928 0.76258 0.161714
0.0209923 0.15256 0.0726397 0.0648989 0.65239 0.0365195
0.00463593 0.219347 0.0346041 0.0521878 0.689125 9.9991E-05
0.0107118 0.127044 0.0165443 0.0985122 0.622923 0.124264
0.0739545 0.0621789 0.104353 0.0754412 0.659234 0.0248382
0.00163896 0.170889 0.0395286 0.0505998 0.712422 0.0249217
9.999E-05 0.178489 0.110256 0.11921 0.581715 0.0102304
9.999E-05 0.177658 0.0448708 0.121478 0.651015 0.00487835
0.0934859 0.229465 0.0717941 0.0372613 0.514037 0.0539569
0.033932 0.203642 0.0603489 0.0549122 0.595039 0.0521269
0.0675536 0.0420208 0.0699837 0.0592991 0.710796 0.0503467
9.9991E-05 0.158322 0.0488627 0.0572649 0.708795 0.0266557
9.9982E-05 0.0899383 0.0434625 0.104217 0.762182 9.9982E-05
0.0210819 0.18286 0.0856296 0.0502612 0.624516 0.0356506
9.9991E-05 0.121944 0.0299738 0.0866382 0.727033 0.0343109
0.00628736 0.17353 0.00277849 0.0877043 0.654057 0.0756424
0.0314974 0.175662 0.00545328 0.0860737 0.603827 0.0974867
9.9991E-05 0.164752 0.00519244 0.0313862 0.71206 0.0865097
9.9991E-05 0.0934746 0.0432215 0.0793437 0.710066 0.0737943
0.0194992 0.156448 0.0306148 0.0726419 0.698098 0.0226982
0.0553862 0.101316 9.9991E-05 0.0308539 0.790095 0.0222482
0.309047 0.406913 9.9991E-05 0.00298559 0.241726 0.0392283
0.220026 0.477397 9.9982E-05 0.0350252 0.267352 9.9982E-05
0.212517 0.479816 0.0481672 0.0967519 0.162647 9.9991E-05
0.327898 0.393153 9.9982E-05 9.9982E-05 0.20408 0.0746689
0.213291 0.505894 0.000620956 0.0485612 0.231533 9.9991E-05
0.246829 0.45404 0.0414831 9.9991E-05 0.19635 0.0611977
0.217572 0.521672 0.0459391 0.051556 0.163161 9.9991E-05
0.226729 0.341847 0.0858385 0.0612503 0.284235 9.9991E-05
0.305078 0.335353 0.0138613 0.0628055 0.273301 0.00960039
0.238576 0.458944 9.9982E-05 0.00949925 0.292781 9.9982E-05
0.19872 0.459665 0.030574 0.0202039 0.290737 9.9991E-05
0.362165 0.296431 9.9982E-05 0.0125742 0.328629 9.9982E-05
0.241732 0.406612 0.052577 0.07343 0.157286 0.0683634
0.285882 0.488655 0.000502327 0.0555482 0.135651 0.0337612
0.277651 0.570067 9.9973E-05 9.9973E-05 0.151982 9.9973E-05
0.320514 0.452788 9.9973E-05 9.9973E-05 0.226398 9.9973E-05
0.297451 0.431451 9.9991E-05 0.053534 0.190517 0.0269468
0.247318 0.423847 9.9991E-05 0.0139247 0.274471 0.0403391
0.209334 0.368614 9.9991E-05 0.0636632 0.330263 0.0280258
0.215089 0.507132 0.033872 9.9982E-05 0.243707 9.9982E-05
0.211746 0.508133 0.0235041 0.0322011 0.224316 9.9991E-05
0.307291 0.366592 0.0736428 0.0300297 0.222344 9.9991E-05
0.231672 0.371475 0.076723 0.0775563 0.205802 0.0367722
0.274828 0.376887 0.0218283 9.9991E-05 0.26537 0.060986
0.267844 0.303847 0.040718 0.0132291 0.292833 0.0815293
0.349321 0.414119 9.9991E-05 0.00138706 0.137958 0.0971159
0.257441 0.350753 0.00568705 0.0746777 0.256863 0.0545777
0.293151 0.385925 9.9991E-05 0.00152993 0.259671 0.0596234
0.295976 0.333028 0.0213573 0.0621111 0.189949 0.0975773
0.313405 0.389305 9.9982E-05 0.018772 0.278318 9.9982E-05
0.337801 0.403535 9.9982E-05 9.9982E-05 0.253056 0.00540884
0.171436 0.51916 0.0589306 0.0392584 0.18862 0.0225939
0.171109 0.392235 0.141094 9.9982E-05 0.295362 9.9982E-05
0.336506 0.348583 0.0755006 9.9982E-05 0.23921 9.9982E-05
0.227179 0.388311 9.9991E-05 0.0698491 0.201808 0.112753
0.289767 0.32537 9.9982E-05 0.0784165 0.306246 9.9982E-05
0.318494 0.369616 9.9982E-05 9.9982E-05 0.28803 0.0236605
0.096684 0.358421 0.06144 0.0933179 0.390037 9.9991E-05
0.386449 0.396495 9.9991E-05 0.000935323 0.136092 0.0799281
0.135013 0.311709 0.10487 0.100192 0.348116 9.9991E-05
0.252715 0.462342 9.9991E-05 0.05125 0.229383 0.00420931
0.307164 0.287178 0.0102014 0.0900334 0.305323 9.9991E-05
0.221569 0.481554 9.9991E-05 0.0696085 0.204569 0.0225992
0.29904 0.384869 0.00211766 0.0122722 0.194149 0.107552
0.319314 0.370455 9.9991E-05 0.00273034 0.259053 0.0483481
0.0539884 0.155958 9.9991E-05 0.098866 0.63324 0.0578482
0.0284077 0.229302 0.0122714 0.0630296 0.575668 0.091321
0.0367575 0.119747 9.9991E-05 0.0584162 0.691736 0.0932431
0.0637383 0.178101 0.047561 0.0490372 0.578689 0.0828733
0.0146889 0.0940607 9.9991E-05 0.111347 0.75911 0.0206932
0.0530713 0.236225 9.9991E-05 0.0267622 0.580128 0.103713
0.014085 0.180613 0.0106666 0.0982369 0.598196 0.0982025
0.0208697 0.204756 0.0025088 0.11495 0.646027 0.0108887
0.0296573 0.117431 9.9991E-05 0.0823156 0.743491 0.0270046
0.0142983 0.176612 0.0206039 0.0476836 0.732692 0.00811082
9.9991E-05 0.226992 0.0370288 0.0724455 0.623901 0.0395323
0.0384248 0.119856 0.084591 0.0697726 0.669355 0.0180003
0.0510211 0.156546 0.0428995 0.0550423 0.605117 0.0893734
0.0130492 0.159005 9.9991E-05 0.0192511 0.734993 0.0736021
9.9982E-05 0.354343 9.9982E-05 0.0589604 0.559216 0.0272807
0.0676214 0.113195 9.9991E-05 0.00522229 0.765805 0.0480561
0.0657939 0.169061 9.9991E-05 0.0671307 0.612785 0.0851294
0.0328209 0.225993 0.040964 0.0562632 0.614334 0.0296256
0.0177167 0.208671 9.9982E-05 0.0801147 0.693297 9.9982E-05
0.0986948 0.1069 0.0231227 0.0823495 0.688833 9.9991E-05
0.00928595 0.23068 0.00744468 0.0302223 0.631806 0.0905613
0.0541535 0.223666 0.0633238 0.0576417 0.601115 9.9991E-05
0.102696 0.055784 0.0481972 0.0432169 0.658907 0.0911983
0.0182644 0.106758 0.0431954 0.0423616 0.660299 0.129122
9.9982E-05 0.205301 9.9982E-05 0.0251339 0.591074 0.178292
0.0419227 0.135384 0.0283003 9.9991E-05 0.715453 0.0788403
0.0483686 0.0496032 0.0266763 9.9991E-05 0.832602 0.0426499
0.044531 0.116697 0.0623083 9.9982E-05 0.776264 9.9982E-05
0.0123778 0.0966496 0.0233752 9.9991E-05 0.689497 0.178001
0.13925 9.9991E-05 0.0235983 0.0351507 0.775656 0.0262454
0.077748 0.0965319 0.0355599 0.00728757 0.672331 0.110541
0.0451938 0.126545 0.0136213 0.0613478 0.62376 0.129532
9.9982E-05 0.103588 0.0455395 9.9982E-05 0.84305 0.00762324
0.0391832 0.0772076 9.9982E-05 9.9982E-05 0.807448 0.0759611
9.9982E-05 0.178353 9.9982E-05 0.0193986 0.672742 0.129307
0.0707762 0.0940367 0.0298698 0.0626882 0.708517 0.0341117
0.0576169 0.14436 0.0917197 0.0027333 0.645879 0.057691
0.0273553 0.161385 0.121258 9.9991E-05 0.625126 0.0647768
9.9991E-05 0.170487 0.00434013 0.0390051 0.722377 0.0636902
9.99741E-05 0.168975 9.99741E-05 9.99741E-05 0.770808 0.0599174
0.0168116 0.142457 0.0478708 0.0485775 0.605657 0.138626
0.030568 0.164401 0.0899522 0.0780466 0.612663 0.0243692
0.0745537 0.0241399 0.0384199 0.0821776 0.648476 0.132233
0.101275 0.11574 0.115901 0.0720525 0.522709 0.072322
0.0704688 0.0838178 0.129964 0.0513456 0.553739 0.110664
0.0735164 0.34652 0.0164916 0.062776 0.449586 0.05111
0.0914981 0.321407 0.0204527 0.0806167 0.485357 0.000668605
0.103697 0.396351 0.00150988 0.048064 0.408635 0.0417434
0.0563116 0.387821 0.00708871 0.115159 0.369804 0.0638157
0.0180642 0.384084 0.131991 0.0642756 0.401485 9.9991E-05
0.0531242 0.307702 0.0767555 0.0697482 0.427886 0.064784
0.0421991 0.316718 0.0708075 0.116399 0.413636 0.0402408
0.0471889 0.274273 0.0857521 0.0832819 0.509404 9.9991E-05
9.9982E-05 0.400521 0.00405125 0.0874725 0.507755 9.9982E-05
0.0895399 0.282638 0.036119 0.103103 0.439463 0.0491366
0.115297 0.351237 9.9991E-05 0.066915 0.38778 0.0786706
9.9991E-05 0.45646 0.0167186 0.0585225 0.413957 0.0542422
0.103896 0.335227 0.063383 0.079241 0.411604 0.00664926
0.11035 0.26221 0.110825 0.080309 0.409182 0.0271233
0.0535113 0.340838 0.0381077 0.0864545 0.480988 9.9991E-05
9.9991E-05 0.419089 0.0456098 0.06546 0.43935 0.0303916
0.0878604 0.273785 0.062494 0.0357716 0.531042 0.00904638
0.095409 0.277095 0.0346344 0.0566274 0.445077 0.0911566
9.9991E-05 0.456083 0.05966 0.124675 0.307641 0.051841
0.0579054 0.3649 0.0511905 0.0966663 0.379304 0.0500334
0.119572 0.282032 0.0222251 0.159282 0.416789 9.9991E-05
0.094026 0.37035 0.0199969 0.075492 0.440035 9.9991E-05
0.162127 0.335923 9.9982E-05 0.094777 0.406974 9.9982E-05
0.0491187 0.359719 0.00997066 0.0577972 0.523294 9.9991E-05
0.0103511 0.419925 0.0999311 0.0796943 0.389998 9.9991E-05
0.0738339 0.400094 0.0411929 0.0579382 0.426841 9.9991E-05
0.0922292 0.332831 0.0595096 0.0386043 0.476726 9.9991E-05
0.00757874 0.355247 9.9991E-05 0.0614954 0.415785 0.159794
0.0576137 0.420773 0.0576178 0.108287 0.336106 0.0196018
0.0592478 0.379557 9.9991E-05 0.156085 0.343007 0.0620032
0.0545938 0.346639 0.0387531 0.0625199 0.490507 0.00698711
0.0682155 0.358193 0.0593285 0.130743 0.365327 0.0181936
0.0372067 0.314823 0.0140872 0.131452 0.437767 0.0646641
9.9991E-05 0.34711 0.0384707 0.086867 0.485857 0.0415956
0.0772049 0.377266 0.0722795 0.0767601 0.396389 9.9991E-05
0.0505123 0.352462 0.0126423 0.0622903 0.515304 0.00678864
0.0447165 0.381521 0.0704262 0.112787 0.39045 9.9991E-05
0.0270318 0.415524 0.0693505 0.125742 0.361253 0.00109903
0.0444364 0.350288 0.0123594 0.103114 0.476762 0.0130406
0.0656481 0.324464 0.0586543 0.0821467 0.452596 0.0164911
0.095048 0.267896 0.0648078 0.091035 0.395129 0.0860838
0.126596 0.319529 0.0151475 0.0959544 0.442672 9.9991E-05
0.0691038 0.348479 0.0551221 0.108268 0.386377 0.0326507
0.0308886 0.394407 0.0737887 0.10662 0.360679 0.0336159
0.0816547 0.363652 0.0138517 0.0331953 0.500164 0.00748216
0.064261 0.2845 0.0681009 0.126429 0.456609 9.9991E-05
0.0844498 0.37938 0.052139 0.0618748 0.405929 0.0162269
0.837733 0.131202 9.9982E-05 9.9982E-05 0.0254662 0.00539825
0.808873 0.0537944 0.0190362 0.0657905 9.9991E-05 0.0524054
0.962876 9.9982E-05 0.00819608 0.0157423 9.9982E-05 0.0129858
0.978285 9.9964E-05 9.9964E-05 0.021315 9.9964E-05 9.9964E-05
0.912863 9.9973E-05 0.0429401 0.0438969 9.9973E-05 9.9973E-05
0.900019 0.0279222 9.9982E-05 0.041035 9.9982E-05 0.0308237
0.724555 0.200917 0.0222 0.038338 0.0138896 9.9991E-05
0.896716 0.0763988 0.0109947 0.0156905 9.9982E-05 9.9982E-05
0.946845 9.9973E-05 9.9973E-05 0.0517499 0.00110477 9.9973E-05
0.945004 0.00779246 0.00785041 9.9982E-05 9.9982E-05 0.039153
0.812889 0.0596267 0.0284804 0.00451558 0.0420251 0.0524631
0.819457 9.9982E-05 9.9982E-05 0.0437921 0.0625087 0.0740424
0.927224 9.9982E-05 0.0118098 9.9982E-05 0.00645298 0.0543134
0.981156 9.9982E-05 0.00684636 0.00670347 0.0050938 9.9982E-05
0.831155 0.0883737 9.9973E-05 0.0801711 9.9973E-05 9.9973E-05
0.9995 9.996E-05 9.996E-05 9.996E-05 9.996E-05 9.996E-05
0.952703 9.9973E-05 0.023478 9.9973E-05 0.0235187 9.9973E-05
0.939656 9.9973E-05 0.0217701 0.0382741 9.9973E-05 9.9973E-05
0.975709 9.9964E-05 0.0238914 9.9964E-05 9.9964E-05 9.9964E-05
0.813573 0.106148 0.00234128 0.072243 0.00559466 9.9991E-05
0.879751 0.0654991 0.012779 9.9982E-05 0.0417707 9.9982E-05
0.933607 9.9982E-05 0.0115993 0.0538168 0.000777255 9.9982E-05
0.93856 0.0185148 0.00944855 0.0051325 0.0282442 9.9991E-05
0.841083 0.142035 9.9973E-05 9.9973E-05 0.0165823 9.9973E-05
0.862737 0.0162754 0.0192659 0.0309151 0.0325724 0.038234
0.797347 9.9982E-05 0.0525187 9.9982E-05 0.140401 0.00953335
0.919748 9.9973E-05 9.9973E-05 9.9973E-05 0.0113254 0.068627
0.938128 9.9991E-05 0.020458 0.0338131 0.00106618 0.00643429
0.964162 9.9964E-05 9.9964E-05 9.9964E-05 9.9964E-05 0.0354382
0.835762 9.9991E-05 0.0721849 0.0566278 0.00895252 0.0263723
0.811111 0.0475928 0.0130405 0.0230842 0.0381678 0.067004
0.871477 9.9991E-05 0.020229 0.0170103 0.0281486 0.0630353
0.878903 9.9973E-05 9.9973E-05 9.9973E-05 0.0605365 0.0602608
0.899074 9.9991E-05 0.0358985 0.0238083 0.0319851 0.00913447
0.970935 0.000347748 9.9991E-05 0.00571307 0.0125185 0.0103862
0.74837 9.9982E-05 9.9982E-05 0.0627916 0.102563 0.0860754
0.97215 0.0113142 0.00485695 9.9982E-05 9.9982E-05 0.0114784
0.991979 9.9964E-05 9.9964E-05 9.9964E-05 9.9964E-05 0.00762084
0.686437 0.0452288 0.0149042 0.0542798 0.138151 0.0609999
0.892647 9.9973E-05 0.0231112 9.9973E-05 0.0839419 9.9973E-05
0.982497 9.9982E-05 9.9982E-05 0.0118469 0.00241019 0.00304567
0.728226 0.0770929 0.0418464 0.0262182 0.0206654 0.105951
0.983733 9.9973E-05 9.9973E-05 9.9973E-05 0.00108974 0.0148778
0.788303 0.000836887 0.0461398 0.0668274 0.0386381 0.0592547
0.88853 9.9964E-05 9.9964E-05 9.9964E-05 0.11107 9.9964E-05
0.914892 0.0259049 9.9973E-05 0.0589034 9.9973E-05 9.9973E-05
0.981107 9.9964E-05 9.9964E-05 0.0184933 9.9964E-05 9.9964E-05
0.464468 0.378773 0.0421224 9.9982E-05 9.9982E-05 0.114436
0.498626 0.398472 0.0597944 9.9982E-05 9.9982E-05 0.0429074
0.432526 0.404387 0.10094 0.0197072 9.9991E-05 0.0423396
0.361462 0.426091 0.0423737 0.0449409 0.00790279 0.117229
0.538576 0.325502 0.0348735 0.0244825 0.00513493 0.0714311
0.385134 0.38745 0.0799081 9.9991E-05 0.0356762 0.111732
0.502591 0.374358 0.0915493 0.00490379 9.9991E-05 0.0264988
0.520034 0.268135 9.9991E-05 0.00744687 0.0530012 0.151283
0.498526 0.303688 0.0654483 9.9991E-05 0.0647326 0.0675049
0.480258 0.267572 0.0757344 0.0234335 0.0603712 0.0926302
0.449068 0.396015 9.9982E-05 9.9982E-05 0.0282749 0.126442
0.476651 0.262989 0.142249 9.9991E-05 0.0122257 0.105786
0.436256 0.437532 0.0188969 9.9982E-05 9.9982E-05 0.107115
0.461255 0.387364 0.106236 9.9982E-05 9.9982E-05 0.0449459
0.457849 0.205372 0.0590524 0.0735029 0.0463138 0.15791
0.383573 0.36407 0.0378039 0.0509232 0.0517793 0.111851
0.432386 0.387115 0.09512 9.9982E-05 9.9982E-05 0.0851791
0.369331 0.32766 0.134457 0.0361574 0.0538902 0.0785045
0.414971 0.419019 0.0187479 9.9991E-05 0.0391654 0.107997
0.440905 0.420905 0.045351 9.9982E-05 9.9982E-05 0.0926394
0.410499 0.371641 9.9982E-05 9.9982E-05 0.0374871 0.180172
0.420046 0.368713 0.0249386 9.9991E-05 0.027324 0.158878
0.519717 0.318779 0.116697 9.9982E-05 9.9982E-05 0.0446078
0.389374 0.330608 0.0743911 9.9991E-05 0.110475 0.0950523
0.508196 0.340014 0.0869967 9.9982E-05 9.9982E-05 0.0645933
0.507305 0.301365 0.0386223 0.033065 0.0158721 0.103771
0.548946 0.278111 0.101231 0.0556259 9.9991E-05 0.0159857
0.530212 0.216936 0.103322 0.00598568 0.0283634 0.115182
0.5628 0.206775 0.00811498 0.0228865 9.9991E-05 0.199323
0.545629 0.26671 0.0587611 0.0278045 0.0290975 0.0719977
0.30464 0.435865 0.00577238 0.0569746 0.0503428 0.146405
0.541779 0.22444 0.0265377 9.9991E-05 0.038887 0.168256
0.43999 0.201928 0.136681 9.9991E-05 0.124612 0.0966881
0.540274 0.210717 0.00211136 0.0322437 0.0501193 0.164535
0.511313 0.213351 0.055526 0.0478103 0.00246848 0.169532
0.499072 0.350787 9.9973E-05 9.9973E-05 9.9973E-05 0.149841
0.420971 0.219599 0.0707841 0.0406134 0.0999178 0.148115
0.419071 0.252669 0.102232 0.0432015 0.0630709 0.119755
0.542938 0.22873 0.0372773 0.0481636 9.9991E-05 0.142791
0.374852 0.291494 0.101438 0.0889192 0.0939838 0.0493126
0.616808 0.245786 0.0931605 0.00778642 9.9991E-05 0.0363592
0.548483 0.307119 0.0224279 9.9982E-05 9.9982E-05 0.12177
0.475854 0.166027 9.9991E-05 0.0564131 0.0711661 0.23044
0.436004 0.29177 0.0757587 0.00982642 0.0853279 0.101312
0.4955 0.374436 0.0835277 9.9991E-05 0.0166749 0.0297613
0.400299 0.212904 0.104543 0.0537957 0.13546 0.0929977
0.585325 0.192512 0.0203942 0.0258198 0.0465094 0.129439
0.463473 0.305171 0.0526123 9.9982E-05 9.9982E-05 0.178543
0.495697 0.290253 0.068803 0.0234723 9.9991E-05 0.121674
0.581152 0.110584 0.0927767 0.0182623 0.131867 0.0653579
0.0255047 0.0257649 0.789764 0.0259206 0.0592558 0.07379
0.0546423 0.0144597 0.854891 0.00391863 0.0159722 0.0561166
0.0239015 0.0402906 0.60465 0.0321352 0.174957 0.124066
0.0156506 0.0889205 0.761071 9.9982E-05 9.9982E-05 0.134158
0.00931985 0.0903818 0.644533 9.9991E-05 0.0237041 0.231961
0.0346404 0.0128467 0.811439 0.00695706 0.0191424 0.114975
9.9991E-05 0.0315618 0.850989 0.00928151 0.0501504 0.0579168
0.0315117 0.0139629 0.918624 0.0239295 0.011872 9.9991E-05
0.0351001 0.0541235 0.825516 9.9991E-05 0.0711201 0.0140402
9.9982E-05 0.0442216 0.881561 0.0222369 9.9982E-05 0.0517809
9.9991E-05 0.0729983 0.737455 0.0453639 0.011397 0.132686
0.0360101 9.9991E-05 0.694754 0.0546535 0.0139712 0.200511
9.9964E-05 9.9964E-05 0.995161 9.9964E-05 9.9964E-05 0.00443916
0.0295708 9.9982E-05 0.850341 0.0121665 9.9982E-05 0.107721
0.0457137 0.0369135 0.888729 0.0284438 9.9982E-05 9.9982E-05
0.00853339 9.9982E-05 0.835549 0.0460641 9.9982E-05 0.109653
0.0166012 0.00110962 0.929538 0.0152472 9.9991E-05 0.0374039
0.00336339 9.9991E-05 0.680474 0.0646075 0.0617271 0.189728
9.9991E-05 0.0198558 0.8664 0.00436627 0.0331275 0.0761508
0.0409513 9.9991E-05 0.765322 0.00719429 0.150736 0.0356971
0.0129026 0.0714811 0.853348 0.039028 9.9991E-05 0.0231399
0.0389033 9.9982E-05 0.799232 9.9982E-05 0.0614457 0.100219
9.9982E-05 0.0412217 0.824544 9.9982E-05 0.0485228 0.0855113
0.00271781 0.00334761 0.886566 9.9991E-05 0.0321954 0.075073
0.0434018 0.0723702 0.705833 0.0346669 0.0284751 0.115253
9.9991E-05 0.0667789 0.825755 0.0185138 0.043716 0.045136
0.0239852 9.9991E-05 0.75459 0.0538671 0.096128 0.0713297
9.9982E-05 0.138422 0.752165 0.0051773 9.9982E-05 0.104036
0.00130186 9.9991E-05 0.643101 0.102829 0.123904 0.128765
9.9991E-05 0.00493143 0.814942 0.044865 0.0369438 0.0982182
9.9991E-05 0.0483192 0.65807 0.0135164 0.0633085 0.216686
0.0290863 0.0542722 0.871294 9.9982E-05 9.9982E-05 0.0451476
9.9982E-05 9.9982E-05 0.748258 0.0306248 0.0225884 0.198329
9.9973E-05 9.9973E-05 0.93688 0.0453237 0.0174959 9.9973E-05
0.0293734 0.101925 0.702863 0.0262771 0.0777141 0.0618469
0.0239957 0.00255618 0.798217 0.044595 0.0183337 0.112303
0.00506809 0.00674505 0.845696 9.9991E-05 0.0748273 0.0675637
9.9982E-05 9.9982E-05 0.911771 0.0228977 0.0136298 0.0515014
0.00830301 0.0167153 0.928366 9.9982E-05 0.0464161 9.9982E-05
0.0146444 9.9991E-05 0.860907 0.0543338 0.0315784 0.0384369
0.021384 9.9964E-05 0.978216 9.9964E-05 9.9964E-05 9.9964E-05
9.9973E-05 0.0502587 0.731941 9.9973E-05 9.9973E-05 0.217501
0.0171803 9.9982E-05 0.839383 0.0343184 9.9982E-05 0.108918
0.0346908 0.058813 0.800293 0.0411423 0.0112671 0.0537941
9.9991E-05 0.00842678 0.798433 0.015407 0.0301269 0.147507
9.9973E-05 9.9973E-05 0.758635 9.9973E-05 0.0558985 0.185167
9.9982E-05 9.9982E-05 0.655485 0.0594015 0.00895815 0.275955
0.0511642 9.9982E-05 0.920444 9.9982E-05 0.0255499 0.00264157
0.00809813 9.9991E-05 0.870612 0.019909 0.00803619 0.0932444
0.0307567 9.9991E-05 0.861979 0.0515364 0.0106652 0.0449626
0.0544834 0.931266 0.00955602 9.9982E-05 9.9982E-05 0.00449491
0.088038 0.799047 0.0261516 0.0275213 0.0562107 0.00303099
0.0835359 0.86364 0.0525239 9.9973E-05 9.9973E-05 9.9973E-05
0.114993 0.582147 0.0357062 0.0587768 0.202418 0.00595904
0.1058 0.718302 0.0295177 0.028435 0.095292 0.022653
0.00274451 0.816849 0.00866042 0.0160505 0.155596 9.9991E-05
9.9982E-05 0.841178 9.9982E-05 0.018898 0.0643806 0.0753436
0.0151611 0.856639 0.0214064 9.9991E-05 0.0762176 0.0304763
9.9991E-05 0.816707 0.0227719 0.017831 0.0439155 0.0986745
0.0235763 0.811554 0.0350284 0.0856346 0.0381286 0.0060782
0.0778093 0.630806 0.0190375 0.0379098 0.14247 0.0919674
0.0994531 0.652514 0.0537512 9.9991E-05 0.0955671 0.0986145
0.0318238 0.793354 0.0623423 0.0931112 0.0192685 9.9991E-05
0.163605 0.714959 9.9982E-05 0.0648495 9.9982E-05 0.0563866
0.0843716 0.79922 0.0262841 9.9991E-05 0.0359188 0.0541058
0.0664479 0.791061 0.0680189 0.0165628 0.0165503 0.0413589
0.108481 0.60492 9.9991E-05 0.0717138 0.0848501 0.129935
0.106877 0.793325 9.9982E-05 0.0174122 0.0821862 9.9982E-05
0.0995848 0.854011 0.0206606 9.9982E-05 0.0255433 9.9982E-05
0.117138 0.779099 0.0113238 9.9991E-05 0.0213775 0.0709617
0.168834 0.745174 0.0194754 0.0509585 9.9991E-05 0.0154582
0.0243153 0.887539 9.9991E-05 0.00627498 0.0709462 0.0108241
0.029971 0.824148 0.0384838 0.00544376 9.9991E-05 0.101854
0.0683551 0.865745 0.022727 9.9991E-05 0.0177026 0.0253707
0.0455067 0.819473 0.01097 0.0282226 0.0510736 0.0447541
0.101573 0.712376 0.00606563 0.00686126 0.173025 9.9991E-05
0.0149342 0.853401 0.0322338 9.9991E-05 0.0217068 0.0776239
0.0599827 0.759568 0.0240875 9.9991E-05 0.0640272 0.0922349
0.14704 0.718125 0.0144509 9.9982E-05 0.120184 9.9982E-05
0.0888693 0.757314 0.0684598 0.0166838 0.0685734 9.9991E-05
0.0464804 0.803123 9.9991E-05 0.0195974 0.0282467 0.102453
9.9982E-05 0.957429 0.0215513 9.9982E-05 0.00150141 0.0193179
0.0777358 0.798497 0.0442711 0.0213385 9.9991E-05 0.0580581
9.9973E-05 0.880321 9.9973E-05 0.00533439 9.9973E-05 0.114045
0.0590597 0.66704 0.0640618 0.00515497 0.1381 0.0665844
0.0592466 0.803333 9.9991E-05 0.0160572 0.0725033 0.0487601
0.0560637 0.847483 0.00415581 0.065518 0.0266794 9.9991E-05
0.070398 0.889557 9.9973E-05 9.9973E-05 9.9973E-05 0.0397453
0.108137 0.789106 9.9982E-05 0.0376659 9.9982E-05 0.0648917
0.0793137 0.764255 9.9991E-05 0.086518 0.0125512 0.0572623
0.0536107 0.78466 0.0755639 0.0834499 9.9991E-05 0.00261565
0.0506367 0.749915 0.0135547 0.040691 0.0900977 0.0551045
0.0785799 0.811926 0.00217689 0.0197963 0.0641725 0.0233485
0.00708971 0.846682 0.0347765 0.00587845 0.0709814 0.0345918
0.111883 0.64793 0.0852765 9.9982E-05 0.154711 9.9982E-05
0.149972 0.773852 0.0426371 0.0333385 9.9982E-05 9.9982E-05
0.0450739 0.0105512 0.135618 0.00701986 0.096788 0.704949
0.0608996 0.120784 0.0418627 0.0640485 0.0762249 0.63618
9.9982E-05 0.0210337 0.0383922 0.0588262 9.9982E-05 0.881548
9.9982E-05 0.00931997 0.0382265 0.0309326 9.9982E-05 0.921321
0.0134489 0.037 0.0686953 9.9991E-05 0.0541046 0.826651
0.00698536 0.0427385 0.0183502 0.00970359 9.9991E-05 0.922122
0.0281487 0.0909015 0.0728281 0.0161568 9.9991E-05 0.791865
9.9982E-05 0.0424677 0.0399317 0.0466031 9.9982E-05 0.870797
0.0439765 0.0336965 0.16292 0.0143593 9.9991E-05 0.744948
0.0289756 0.0668879 0.102015 0.0438562 0.102709 0.655556
0.0574007 0.0371836 0.171017 9.9991E-05 0.101157 0.633142
0.0752997 0.00636518 0.115878 0.00287443 0.0172387 0.782344
9.9991E-05 0.0367978 0.0223043 0.0188604 0.00947061 0.912467
9.9973E-05 0.0350525 9.9973E-05 0.026989 9.9973E-05 0.937659
0.0361794 0.015855 0.0269513 0.0365735 0.116796 0.767645
0.022707 0.175891 0.0892959 0.00507301 0.0714901 0.635543
0.0478571 0.140001 0.0506489 0.0827824 0.12607 0.55264
9.9991E-05 0.0657157 0.101435 0.0119627 0.0418117 0.778975
0.0595586 0.0290241 0.0648166 0.00426872 0.049519 0.792813
0.042731 9.9991E-05 0.12009 0.0150256 0.0256901 0.796363
0.0570661 9.9991E-05 0.114642 0.0209192 0.0502027 0.75707
0.0796931 0.0194764 0.149246 0.0278164 0.0598002 0.663968
0.0583858 9.9982E-05 0.120426 9.9982E-05 0.055415 0.765574
0.0356352 0.0372863 0.0519208 9.9982E-05 9.9982E-05 0.874958
0.0282969 0.0191822 9.9991E-05 0.0040755 0.0098072 0.938538
0.0464561 9.9982E-05 0.00284175 0.018913 9.9982E-05 0.931589
0.0404318 9.9982E-05 9.9982E-05 0.00636202 0.0478607 0.905145
0.0216816 0.0282255 0.0837356 0.0310112 0.121383 0.713963
9.9991E-05 0.041544 0.0447493 0.0252863 0.00571437 0.882606
0.0652635 0.0207633 0.0710047 0.02479 9.9991E-05 0.818078
0.0843792 0.00446025 9.9973E-05 9.9973E-05 9.9973E-05 0.910861
9.9964E-05 0.0498493 9.9964E-05 9.9964E-05 9.9964E-05 0.949751
9.9973E-05 9.9973E-05 0.00537287 9.9973E-05 0.0450686 0.949259
0.0458548 0.0392393 0.0367027 0.0263306 0.0740598 0.777813
0.0614244 0.00455967 0.00789988 0.025858 9.9991E-05 0.900158
0.011823 0.0432471 9.9982E-05 9.9982E-05 0.109311 0.835419
0.0307466 9.9991E-05 0.0432067 0.0108534 0.0100832 0.90501
9.9973E-05 0.0116328 0.0130814 9.9973E-05 9.9973E-05 0.974986
9.9982E-05 0.0179015 0.0580902 9.9982E-05 0.0102083 0.9136
0.0240606 9.9973E-05 0.0957852 9.9973E-05 9.9973E-05 0.879854
0.0304747 9.9973E-05 9.9973E-05 9.9973E-05 0.00414538 0.96508
0.027953 9.9973E-05 0.0409141 9.9973E-05 9.9973E-05 0.930833
0.0631634 9.9982E-05 0.00840041 9.9982E-05 0.00804736 0.920189
9.9964E-05 9.9964E-05 0.0288655 9.9964E-05 9.9964E-05 0.970735
0.0466866 9.9982E-05 0.064091 9.9982E-05 0.0871051 0.801917
0.0697776 9.9982E-05 0.0287925 0.852227 0.0490032 9.9982E-05
0.0815479 9.9973E-05 9.9973E-05 0.898652 0.0195 9.9973E-05
9.9991E-05 0.0625491 0.0329393 0.825168 0.0660667 0.013177
0.114562 0.00937935 9.9982E-05 0.835055 0.0408038 9.9982E-05
0.0464635 0.0198239 9.9982E-05 0.925821 9.9982E-05 0.00769186
0.0108873 9.9982E-05 9.9982E-05 0.939359 0.0320869 0.0174669
0.0206555 0.0668921 9.9973E-05 0.912152 9.9973E-05 9.9973E-05
0.0305721 0.136795 0.0104891 0.614376 0.182396 0.025373
0.00178676 9.9982E-05 9.9982E-05 0.852863 0.0935322 0.0516184
9.9973E-05 0.018272 0.0434765 0.937952 9.9973E-05 9.9973E-05
0.0743489 0.0873549 0.0350171 0.737319 0.0658601 9.9991E-05
0.0184872 0.0920652 0.044587 0.661834 0.149485 0.0335413
0.00153459 9.9991E-05 0.00191466 0.913949 0.0359286 0.0465735
9.9973E-05 0.0713817 9.9973E-05 0.911866 9.9973E-05 0.016452
9.9991E-05 0.0637829 0.00906382 0.853831 0.0531243 0.0200983
0.031657 9.9964E-05 9.9964E-05 0.967943 9.9964E-05 9.9964E-05
0.0125249 0.0153264 0.0225278 0.790417 0.159104 9.9991E-05
0.0196346 9.9973E-05 0.0388954 0.94117 9.9973E-05 9.9973E-05
0.00141037 0.108099 0.0408961 0.794196 0.0350424 0.0203566
9.996E-05 9.996E-05 9.996E-05 0.9995 9.996E-05 9.996E-05
0.00385634 9.9982E-05 9.9982E-05 0.955221 0.0186401 0.0220822
0.00472982 0.112752 9.9982E-05 0.821471 0.0608474 9.9982E-05
0.0118204 0.104967 9.9982E-05 0.786613 0.0963996 9.9982E-05
9.9964E-05 0.0253645 9.9964E-05 0.974236 9.9964E-05 9.9964E-05
0.075481 0.0492627 9.9991E-05 0.769946 0.0522996 0.0529107
9.9982E-05 0.0217474 9.9982E-05 0.840709 0.121415 0.0159287
9.9982E-05 0.101468 9.9982E-05 0.85858 0.0277802 0.011972
0.0201545 0.0516453 0.00822496 0.739164 0.102686 0.0781255
0.0228134 9.9982E-05 0.0134783 0.949421 9.9982E-05 0.0140869
0.00440623 0.0380279 0.0341065 0.866451 0.0569081 9.9991E-05
9.9982E-05 0.0685524 0.0156712 0.884502 9.9982E-05 0.0310745
9.9982E-05 0.00463046 0.0483286 0.919905 9.9982E-05 0.026936
9.9964E-05 9.9964E-05 0.0212797 0.97832 9.9964E-05 9.9964E-05
9.9982E-05 0.0261685 0.000556648 0.938441 9.9982E-05 0.0346343
0.0391846 9.9973E-05 9.9973E-05 0.94436 9.9973E-05 0.0161554
9.9973E-05 0.107211 9.9973E-05 0.842741 0.0497487 9.9973E-05
9.9973E-05 0.0964377 9.9973E-05 0.861981 0.0412809 9.9973E-05
0.0149667 9.9973E-05 0.0349856 0.949748 9.9973E-05 9.9973E-05
9.9973E-05 9.9973E-05 0.0230987 0.972138 9.9973E-05 0.00446349
0.01703 9.9982E-05 0.0681187 0.876343 0.0383081 9.9982E-05
0.030572 0.0379536 9.9991E-05 0.856817 0.0701186 0.00443921
0.0431598 0.128707 0.0470358 0.645184 0.135323 0.000590404
0.0467452 0.0994673 0.0130598 0.746036 0.0945912 9.9991E-05
9.9973E-05 0.0526084 9.9973E-05 0.930216 9.9973E-05 0.016876
0.0266379 0.0331006 9.9982E-05 0.931284 0.00877713 9.9982E-05
0.049841 0.0525679 9.9973E-05 0.897291 9.9973E-05 9.9973E-05
9.9964E-05 9.9964E-05 0.00669154 0.992909 9.9964E-05 9.9964E-05
0.0380721 0.00773974 0.0409105 0.858423 9.9991E-05 0.0547551
9.9982E-05 0.323917 0.0405419 0.212497 0.422845 9.9982E-05
9.9991E-05 0.280607 0.0197983 0.287948 0.387852 0.0236949
9.9982E-05 0.252006 9.9982E-05 0.312029 0.394712 0.0410525
0.0168373 0.249203 0.0178275 0.237749 0.478284 9.9991E-05
9.9982E-05 0.283409 9.9982E-05 0.202904 0.483717 0.02977
0.0149594 0.257303 0.00166108 0.263388 0.403415 0.0592735
9.9982E-05 0.307582 0.0559186 0.289386 0.346913 9.9982E-05
0.0266865 0.278442 0.0491176 0.297922 0.332058 0.0157737
9.9991E-05 0.292566 0.0513272 0.256734 0.378814 0.0204591
9.9982E-05 0.342513 9.9982E-05 0.165908 0.407107 0.0842721
0.044751 0.349225 9.9991E-05 0.274755 0.278186 0.0529837
9.9973E-05 0.371545 9.9973E-05 0.243076 0.385079 9.9973E-05
9.9982E-05 0.264603 9.9982E-05 0.237845 0.449485 0.0478667
0.0281917 0.270062 0.0934573 0.225656 0.382534 9.9991E-05
9.9982E-05 0.305798 0.0582414 0.228972 0.406789 9.9982E-05
9.9982E-05 0.26841 0.0736714 0.173572 0.484147 9.9982E-05
0.0270786 0.26667 9.9991E-05 0.214337 0.467972 0.0238426
0.00572081 0.317537 9.9991E-05 0.241257 0.425884 0.00950179
0.0680822 0.29453 0.0406077 0.208004 0.335175 0.0536018
0.0111502 0.348098 0.0766406 0.274528 0.289483 9.9991E-05
9.9982E-05 0.345597 0.0753198 0.195511 0.383372 9.9982E-05
9.9991E-05 0.256975 0.00582293 0.281193 0.408122 0.0477874
9.9991E-05 0.300689 0.0192806 0.249582 0.383972 0.0463766
0.00907149 0.242575 0.0606498 0.274727 0.41031 0.00266634
9.9982E-05 0.296138 9.9982E-05 0.21589 0.474546 0.0132259
9.9973E-05 0.40014 9.9973E-05 0.237227 0.362333 9.9973E-05
9.9973E-05 0.285068 9.9973E-05 0.296516 0.418116 9.9973E-05
9.9982E-05 0.366115 9.9982E-05 0.298331 0.311314 0.0240402
9.9982E-05 0.326434 9.9982E-05 0.265312 0.389166 0.0188876
9.9982E-05 0.305357 0.0439049 0.317509 0.333029 9.9982E-05
0.0117365 0.284381 0.0222817 0.266711 0.36581 0.0490795
0.00155494 0.392879 9.9982E-05 0.221983 0.383383 9.9982E-05
0.023109 0.218294 0.0199977 0.272642 0.465858 9.9991E-05
9.9982E-05 0.288429 0.0470027 0.222385 0.441984 9.9982E-05
0.0146048 0.352508 9.9982E-05 0.296201 0.336487 9.9982E-05
9.9982E-05 0.322953 0.0139643 0.250563 0.41232 9.9982E-05
0.0611226 0.28519 0.0571614 0.203245 0.365014 0.0282665
9.9991E-05 0.340343 0.061781 0.265602 0.310876 0.0212988
0.060261 0.263543 0.0591382 0.193442 0.414021 0.00959494
9.9973E-05 0.275724 9.9973E-05 0.277736 0.44624 9.9973E-05
9.9991E-05 0.289491 0.00639419 0.311609 0.354264 0.0381419
0.0128964 0.287346 9.9991E-05 0.266376 0.379842 0.0534397
9.9991E-05 0.258369 0.0486225 0.268719 0.34958 0.0746095
0.0164912 0.253317 0.0864111 0.198619 0.426598 0.0185627
0.00168462 0.278726 0.0402967 0.297512 0.318286 0.0634951
9.9982E-05 0.280436 0.0340219 0.232078 0.453264 9.9982E-05
9.9991E-05 0.331834 0.0196258 0.225033 0.41037 0.0130371
9.9973E-05 0.393501 9.9973E-05 0.193169 0.41303 9.9973E-05
0.0301762 0.184978 0.0125621 0.327318 0.391353 0.0536132
0.040945 0.208214 0.134016 0.280413 0.313473 0.0229389
0.128802 0.123347 0.0340678 0.047099 0.541659 0.125026
9.9991E-05 0.141524 0.0510684 0.107227 0.646487 0.0535941
0.0217396 0.201565 0.104852 0.0695032 0.602239 9.9991E-05
0.0281505 0.106589 0.00549932 0.0889367 0.750318 0.0205061
0.0494317 0.132352 0.107829 0.0776775 0.60994 0.0227696
9.9982E-05 0.20685 9.9982E-05 0.0676247 0.691509 0.0338164
0.0283414 0.167106 0.0949701 0.0619415 0.610001 0.0376404
0.0276319 0.128376 0.0708161 0.0130121 0.760064 9.9991E-05
0.0103492 0.201048 0.0426525 0.0471778 0.672769 0.0260037
0.00393439 0.129688 0.0918629 0.0916506 0.673681 0.00918401
0.0414983 0.0532813 0.0603935 0.0995833 0.745144 9.9991E-05
9.9982E-05 0.126877 0.0484252 0.0593976 0.7651 9.9982E-05
9.9991E-05 0.132101 0.0395452 0.0983624 0.626779 0.103113
0.0152075 0.108017 0.0473388 0.0870878 0.684922 0.0574271
0.03577 0.201059 9.99995E-05 0.00478721 0.694013 0.0642705
0.091525 0.136872 0.0742383 0.112665 0.5846 9.9991E-05
0.0448604 0.145272 0.0354596 0.0467349 0.727573 9.9991E-05
9.9991E-05 0.136168 0.024147 0.104411 0.613906 0.121267
9.9991E-05 0.105543 0.000426011 0.0624562 0.789812 0.0416624
9.9982E-05 0.234197 9.9982E-05 0.086776 0.664566 0.0142614
0.00394932 0.120338 0.0776759 9.9991E-05 0.747839 0.0500978
0.0174605 0.0896034 0.0385433 0.0188915 0.769753 0.0657484
0.0355839 9.9991E-05 0.0579448 0.0176157 0.77968 0.109075
0.04481 0.0420377 0.00371849 0.0371393 0.683878 0.188417
0.125784 0.0063943 0.0439982 0.0202694 0.70736 0.0961942
0.0567893 0.0459477 0.0419086 0.0175991 0.705174 0.132582
0.0566121 0.00590193 0.109004 0.0394559 0.711915 0.0771107
0.104682 0.0395678 9.9991E-05 0.0216579 0.680829 0.153163
0.0731902 0.0603332 0.0705348 0.0447172 0.719307 0.0319173
0.00896399 9.9982E-05 9.9982E-05 0.0337107 0.770137 0.186989
0.0331844 0.0129696 0.0147552 0.0399742 0.760788 0.138329
0.0726224 0.0459261 0.0880108 9.9991E-05 0.703199 0.090142
0.0550435 9.9973E-05 9.9973E-05 9.9973E-05 0.68065 0.264006
0.034216 9.9982E-05 0.0702451 9.9982E-05 0.829709 0.0656299
0.130772 9.9982E-05 0.0137636 0.0198279 0.835437 9.9982E-05
0.0432508 0.0369455 0.00859159 0.0305534 0.732072 0.148587
0.0520735 0.0276066 0.0423248 0.0241649 0.737452 0.116378
0.103529 9.9991E-05 0.0114537 0.0173972 0.677885 0.189635
0.0241837 9.9982E-05 0.0290932 9.9982E-05 0.816994 0.129529
0.0919023 9.9991E-05 0.0189984 0.0333525 0.736384 0.119263
0.0511615 9.9991E-05 0.057049 0.0500295 0.768789 0.0728715
0.0041491 9.9982E-05 0.00752506 9.9982E-05 0.7774 0.210726
9.9991E-05 0.0546319 0.0102239 0.030906 0.813148 0.0909905
0.0609253 0.193035 0.0646999 0.0393879 0.578253 0.0636982
0.0169845 0.122629 0.100477 0.0223061 0.737504 9.9991E-05
9.9991E-05 0.171605 0.102408 0.0928416 0.615491 0.0175545
0.0375861 0.130076 0.000255207 9.9982E-05 0.831882 9.9982E-05
0.0371956 0.0651984 0.0977833 0.0845977 0.691997 0.0232284
0.0408426 0.10229 0.0658078 0.0119953 0.761998 0.0170667
0.0498249 0.128505 0.0722241 0.0423394 0.697212 0.00989498
9.9991E-05 0.0566642 0.0761266 0.0945229 0.745934 0.0266519
9.9982E-05 0.157566 0.0447464 0.121889 0.675598 9.9982E-05
9.9991E-05 0.179472 0.0945105 0.0647977 0.563523 0.0975965
0.0185123 0.129779 0.0774486 0.0861299 0.68803 9.9991E-05
0.030029 0.217544 0.0705449 0.0336654 0.53072 0.117497
0.0222193 0.148327 0.0265968 0.0553934 0.747363 9.9991E-05
0.00717957 0.108319 0.0158006 0.0839979 0.676319 0.108384
0.0480268 0.0794558 0.0371764 0.0496063 0.718582 0.067153
0.0137688 0.0800668 0.13282 0.0941307 0.613637 0.0655767
0.0171544 0.119056 0.0206268 0.0582902 0.672769 0.112104
0.0486926 0.170922 0.00519061 0.0707719 0.660925 0.043498
0.0441769 0.14185 0.106907 0.0187985 0.675719 0.012548
0.0445663 0.0809892 0.0112881 0.0743343 0.669169 0.119653
9.9991E-05 0.205189 0.0407101 0.0384386 0.566474 0.149088
0.074041 0.0695027 9.9991E-05 0.054088 0.762473 0.0397952
9.9991E-05 0.148297 0.0243847 0.110441 0.629537 0.0872411
9.9991E-05 0.0548327 0.106035 0.074633 0.656834 0.107566
0.0707764 0.0661298 0.123348 9.9991E-05 0.704358 0.035288
0.0458981 9.9991E-05 0.0670207 0.0689843 0.750879 0.0671175
9.9991E-05 0.103946 0.0823906 0.0392545 0.65016 0.12415
0.088529 9.9991E-05 0.0178481 0.070378 0.697076 0.126069
0.0154509 0.0330156 0.0153907 0.0492175 0.771019 0.115906
0.0180278 0.0101596 0.130614 0.0867348 0.717735 0.0367295
0.0759956 0.0241506 0.0530292 0.038805 0.694423 0.113597
0.0977177 0.0188508 0.0748717 0.0844683 0.673118 0.0509736
0.091381 9.9991E-05 0.0485836 0.103365 0.721551 0.0350193
9.9982E-05 0.150469 0.0754946 0.00593734 0.767899 9.9982E-05
0.0235893 0.0833795 0.0314741 0.0507801 0.723916 0.0868606
0.0731045 0.0164214 9.9991E-05 0.0601339 0.750774 0.0994661
9.9991E-05 0.0183884 0.144897 0.0417567 0.768427 0.0264306
0.0551642 9.9991E-05 0.109505 0.0105962 0.732635 0.0919997
0.0284642 0.0942692 0.0579425 0.0274567 0.744802 0.0470659
0.0108126 0.0899472 0.0560256 0.0183896 0.716417 0.108408
0.108013 0.0191141 0.107607 0.0391087 0.676298 0.0498591
